* Measurement data measured by REW V5.30 beta 5
* Source: U18dB [plughw:2,0], Mic (Mic), R, volume: 1.000. Timing signal peak level -22.3 dBFS, measurement signal peak level -19.5 dBFS
* Format: 512k Log Swept Sine, 1 sweep at -12.0 dBFS using an acoustic timing reference
* Dated: Jan 12, 2025 1:25:50 PM
* REW Settings:
*  C-weighting compensation: Off
*  Target level: 75.0 dB
* Note: ; LEFT+RIGHT 120cm DRC Speakers@120cm from front wall Sofa @P6 Mic higher than usual: circa on tweeter axis -38.5  Delay -0.0343 ms (-12 mm, -0.46 in) using estimated IR delay relative to Acoustic reference played from Bryston Audio 2.0 Output L with no timing offset Clock adjustment: -5.3 ppm
* Measurement: L
* Smoothing: Psychoacoustic
* Frequency Step: 96 ppo
* Start Frequency: 5.126953 Hz
*
* Freq(Hz) SPL(dB) Phase(degrees)
5.126953 53.946 -12.2282
5.164105 53.822 -11.7011
5.201526 53.691 -11.1032
5.239219 53.555 -10.4277
5.277184 53.413 -9.6675
5.315425 53.264 -8.8157
5.353943 53.111 -7.8658
5.392740 52.952 -6.8120
5.431818 52.789 -5.6495
5.471179 52.621 -4.3748
5.510825 52.449 -2.9868
5.550759 52.274 -1.4864
5.590982 52.096 0.1224
5.631497 51.916 1.8321
5.672305 51.733 3.6317
5.713409 51.549 5.5065
5.754810 51.364 7.4379
5.796512 51.179 9.4040
5.838516 50.993 11.3803
5.880824 50.809 13.3401
5.923439 50.625 15.2553
5.966363 50.443 17.0973
6.009598 50.262 18.8369
6.053146 50.085 20.4442
6.097009 49.910 21.8870
6.141191 49.740 23.1278
6.185692 49.575 24.1175
6.230516 49.415 24.7822
6.275665 49.262 24.9955
6.321141 49.117 24.5086
6.366947 48.981 22.7474
6.413084 48.855 18.0429
6.459556 48.742 3.2505
6.506365 48.642 -59.8005
6.553513 48.557 -112.4977
6.601002 48.489 -124.8670
6.648836 48.438 -129.3112
6.697016 48.407 -131.3655
6.745545 48.395 -132.4171
6.794426 48.403 -132.9590
6.843661 48.432 -133.2051
6.893253 48.481 -133.2595
6.943205 48.550 -133.1771
6.993518 48.638 -132.9874
7.044196 48.745 -132.7063
7.095241 48.868 -132.3420
7.146656 49.007 -131.8983
7.198444 49.160 -131.3764
7.250607 49.326 -130.7760
7.303148 49.503 -130.0966
7.356069 49.690 -129.3378
7.409374 49.886 -128.4996
7.463066 50.089 -127.5830
7.517146 50.297 -126.5904
7.571618 50.511 -125.5253
7.626485 50.728 -124.3929
7.681750 50.948 -123.2000
7.737415 51.171 -121.9547
7.793484 51.394 -120.6668
7.849959 51.618 -119.3470
7.906843 51.843 -118.0072
7.964139 52.066 -116.6599
8.021850 52.289 -115.3179
8.079980 52.511 -113.9943
8.138531 52.731 -112.7015
8.197506 52.949 -111.4518
8.256908 53.165 -110.2566
8.316741 53.379 -109.1263
8.377008 53.591 -108.0706
8.437711 53.800 -107.0979
8.498854 54.008 -106.2158
8.560441 54.213 -105.4309
8.622473 54.417 -104.7487
8.684955 54.618 -104.1743
8.747890 54.818 -103.7115
8.811281 55.017 -103.3637
8.875131 55.214 -103.1334
8.939444 55.410 -103.0226
9.004223 55.606 -103.0323
9.069471 55.800 -103.1631
9.135192 55.994 -103.4142
9.201389 56.186 -103.7844
9.268066 56.379 -104.2712
9.335227 56.570 -104.8711
9.402873 56.761 -105.5794
9.471011 56.950 -106.3904
9.539641 57.139 -107.2971
9.608770 57.326 -108.2916
9.678399 57.512 -109.3651
9.748532 57.696 -110.5079
9.819174 57.877 -111.7101
9.890328 58.057 -112.9857
9.961997 58.233 -114.9336
10.034186 58.407 -116.9106
10.106898 58.577 -118.9073
10.180137 58.744 -120.9152
10.253906 58.907 -122.9267
10.328210 59.066 -124.5736
10.403053 59.221 -126.2119
10.478438 59.372 -127.8375
10.554369 59.519 -129.4466
10.630850 59.662 -131.0171
10.707885 59.800 -132.4459
10.785479 59.934 -133.8525
10.863635 60.064 -135.2362
10.942358 60.190 -136.5963
11.021650 60.312 -137.8945
11.101518 60.431 -139.1205
11.181964 60.546 -140.3211
11.262993 60.658 -141.4951
11.344609 60.767 -142.6412
11.426817 60.874 -143.7037
11.509621 60.979 -144.7287
11.593024 61.083 -145.7195
11.677032 61.185 -146.6732
11.761648 61.287 -147.5649
11.846878 61.388 -148.3922
11.932726 61.490 -149.1743
12.019195 61.593 -149.9089
12.106291 61.698 -150.5854
12.194018 61.804 -151.1844
12.282381 61.912 -151.7333
12.371384 62.022 -152.2330
12.461032 62.136 -152.6827
12.551330 62.252 -153.0641
12.642282 62.372 -153.4070
12.733894 62.495 -153.7174
12.826169 62.621 -154.0005
12.919112 62.750 -154.2465
13.012730 62.883 -154.4844
13.107025 63.019 -154.7236
13.202004 63.157 -154.9703
13.297671 63.298 -155.2231
13.394032 63.441 -155.5061
13.491090 63.587 -155.8282
13.588852 63.733 -156.1908
13.687323 63.882 -156.5977
13.786507 64.031 -157.0648
13.886409 64.182 -157.5970
13.987036 64.333 -158.1896
14.088392 64.485 -158.8495
14.190482 64.637 -159.5808
14.293312 64.790 -160.3817
14.396888 64.943 -161.2421
14.501213 65.097 -162.1687
14.606295 65.251 -163.1577
14.712138 65.405 -164.1995
14.818749 65.559 -165.2902
14.926131 65.714 -166.4275
15.034292 65.870 -167.6039
15.143237 66.027 -168.8088
15.252971 66.184 -170.0418
15.363500 66.342 -171.2972
15.474831 66.502 -172.5651
15.586968 66.663 -173.8443
15.699917 66.825 -175.1314
15.813685 66.988 -176.4202
15.928278 67.152 -177.7086
16.043701 67.318 -178.9965
16.159960 67.486 179.7188
16.277062 67.655 178.4386
16.395012 67.825 177.1611
16.513817 67.997 175.8866
16.633483 68.169 174.6155
16.754016 68.343 173.3446
16.875422 68.517 172.0730
16.997709 68.693 170.7998
17.120881 68.868 169.5221
17.244946 69.044 168.2385
17.369910 69.220 166.9480
17.495780 69.396 165.6478
17.622561 69.571 164.3364
17.750262 69.746 163.0124
17.878887 69.920 161.6747
18.008445 70.093 160.3225
18.138942 70.264 158.9550
18.270384 70.434 157.5717
18.402779 70.602 156.1728
18.536133 70.767 154.7580
18.670453 70.931 153.3275
18.805747 71.092 151.8806
18.942021 71.251 150.4189
19.079283 71.406 148.9427
19.217539 71.559 147.4522
19.356797 71.708 145.9487
19.497065 71.853 144.4314
19.638349 71.995 142.9012
19.780656 72.133 141.3591
19.923995 72.267 139.8036
20.068372 72.396 138.2365
20.213796 72.521 136.6572
20.360274 72.640 135.0656
20.507813 72.755 133.4622
20.656421 72.864 131.8451
20.806106 72.968 130.2160
20.956875 73.067 128.5734
21.108737 73.159 126.9175
21.261700 73.246 125.2496
21.415771 73.327 123.5681
21.570958 73.401 121.8755
21.727270 73.469 120.1702
21.884715 73.531 118.4545
22.043301 73.586 116.7290
22.203036 73.635 114.9946
22.363928 73.678 113.2536
22.525986 73.714 111.5052
22.689219 73.743 109.7539
22.853634 73.766 107.9993
23.019241 73.783 106.2452
23.186048 73.793 104.4920
23.354064 73.797 102.7428
23.523297 73.794 100.9993
23.693756 73.785 99.2636
23.865451 73.770 97.5388
24.038390 73.748 95.8264
24.212582 73.721 94.1301
24.388037 73.687 92.4508
24.564762 73.647 90.7932
24.742769 73.601 89.1579
24.922065 73.550 87.5502
25.102661 73.492 85.9705
25.284565 73.430 84.4245
25.467787 73.361 82.9124
25.652337 73.288 81.4399
25.838225 73.210 80.0075
26.025459 73.128 78.6206
26.214050 73.041 77.2794
26.404008 72.951 75.9887
26.595342 72.858 74.7483
26.788063 72.761 73.5620
26.982181 72.663 72.4297
27.177705 72.564 71.3533
27.374645 72.464 70.3325
27.573013 72.364 69.3666
27.772819 72.264 68.4546
27.974072 72.167 67.5934
28.176784 72.073 66.7814
28.380964 71.982 66.0135
28.586625 71.896 65.2867
28.793775 71.815 64.5931
29.002427 71.740 63.9289
29.212590 71.671 63.2869
29.424277 71.610 62.6604
29.637497 71.556 62.0434
29.852263 71.510 61.4274
30.068584 71.472 60.8082
30.286474 71.440 60.1787
30.505942 71.416 59.5342
30.727001 71.398 58.8704
30.949661 71.386 58.1827
31.173935 71.379 57.4700
31.399834 71.376 56.7289
31.627370 71.376 55.9599
31.856555 71.378 55.1632
32.087401 71.382 54.3381
32.319920 71.387 53.4880
32.554123 71.391 52.6148
32.790024 71.394 51.7208
33.027634 71.395 50.8107
33.266966 71.393 49.8876
33.508032 71.389 48.9559
33.750845 71.382 48.0212
33.995417 71.371 47.0878
34.241762 71.357 46.1610
34.489892 71.340 45.2464
34.739820 71.319 44.3484
34.991559 71.296 43.4683
35.245122 71.270 42.6192
35.500523 71.243 41.8103
35.757774 71.215 41.0499
36.016890 71.189 40.3354
36.277883 71.164 39.6702
36.540768 71.143 39.0566
36.805557 71.127 38.4967
37.072265 71.118 37.9921
37.340906 71.118 37.5429
37.611494 71.129 37.1473
37.884042 71.151 36.8049
38.158566 71.187 36.5128
38.435078 71.239 36.2661
38.713595 71.306 36.0573
38.994130 71.389 35.8811
39.276697 71.489 35.7290
39.561312 71.606 35.5914
39.847990 71.738 35.4559
40.136745 71.885 35.3134
40.427592 72.044 35.1526
40.720547 72.216 34.9619
41.015625 72.397 34.7300
41.312841 72.587 34.4464
41.612211 72.783 34.1028
41.913750 72.984 33.6909
42.217475 73.187 33.2033
42.523400 73.393 32.6341
42.831542 73.598 31.9787
43.141917 73.802 31.2336
43.454541 74.004 30.3958
43.769430 74.202 29.4637
44.086602 74.395 28.4359
44.406072 74.583 27.3120
44.727856 74.766 26.0928
45.051973 74.941 24.7792
45.378438 75.109 23.3728
45.707269 75.268 21.8749
46.038482 75.419 20.2877
46.372096 75.561 18.6139
46.708128 75.694 16.8561
47.046594 75.817 15.0172
47.387513 75.929 13.0997
47.730902 76.031 11.1069
48.076780 76.122 9.0419
48.425164 76.201 6.9084
48.776073 76.269 4.7095
49.129525 76.326 2.4482
49.485537 76.371 0.1285
49.844130 76.404 -2.2457
50.205321 76.426 -4.6715
50.569130 76.435 -7.1448
50.935574 76.432 -9.6617
51.304674 76.418 -12.2184
51.676449 76.392 -14.8110
52.050918 76.354 -17.4360
52.428101 76.306 -20.0902
52.808016 76.246 -22.7701
53.190685 76.175 -25.4730
53.576126 76.095 -28.1959
53.964361 76.004 -30.9370
54.355409 75.904 -33.6942
54.749291 75.796 -36.4656
55.146027 75.679 -39.2506
55.545638 75.555 -42.0493
55.948144 75.423 -44.8619
56.353568 75.285 -47.6897
56.761929 75.142 -50.5346
57.173249 74.993 -53.3999
57.587550 74.841 -56.2914
58.004853 74.685 -59.2177
58.425180 74.527 -62.1908
58.848553 74.367 -65.2274
59.274994 74.206 -68.3527
59.704525 74.045 -71.6047
60.137169 73.886 -75.0420
60.572947 73.730 -78.7598
61.011884 73.577 -82.9189
61.454001 73.429 -87.8146
61.899322 73.287 -94.0406
62.347870 73.154 -102.9487
62.799669 73.029 -118.1018
63.254741 72.916 -148.7482
63.713111 72.816 164.4358
64.174802 72.730 133.8526
64.639839 72.659 118.9329
65.108246 72.607 110.4073
65.580047 72.573 104.7005
66.055268 72.559 100.4553
66.533931 72.565 97.0735
67.016064 72.592 94.2559
67.501690 72.639 91.8364
67.990835 72.706 89.7139
68.483524 72.790 87.8228
68.979784 72.892 86.1161
69.479640 73.009 84.5585
69.983118 73.139 83.1207
70.490245 73.281 81.7773
71.001046 73.431 80.5070
71.515549 73.587 79.2883
72.033780 73.749 78.1031
72.555766 73.913 76.9344
73.081535 74.079 75.7653
73.611114 74.243 74.5828
74.144531 74.406 73.3728
74.681813 74.565 72.1267
75.222988 74.720 70.8347
75.768085 74.868 69.4915
76.317131 75.011 68.0915
76.870157 75.146 66.6331
77.427190 75.273 65.1149
77.988259 75.392 63.5391
78.553394 75.502 61.9072
79.122624 75.604 60.2238
79.695980 75.695 58.4930
80.273489 75.778 56.7206
80.855184 75.851 54.9130
81.441094 75.914 53.0770
82.031250 75.969 51.2194
82.625682 76.015 49.3476
83.224422 76.052 47.4683
83.827500 76.081 45.5886
84.434949 76.103 43.7153
85.046800 76.117 41.8542
85.663084 76.126 40.0112
86.283834 76.129 38.1916
86.909082 76.127 36.3997
87.538861 76.121 34.6390
88.173204 76.112 32.9125
88.812143 76.102 31.2222
89.455712 76.090 29.5693
90.103945 76.078 27.9542
90.756876 76.067 26.3764
91.414537 76.057 24.8340
92.076965 76.050 23.3244
92.744193 76.045 21.8447
93.416255 76.044 20.3911
94.093188 76.047 18.9589
94.775026 76.053 17.5432
95.461805 76.064 16.1394
96.153560 76.077 14.7429
96.850329 76.095 13.3496
97.552146 76.115 11.9553
98.259049 76.137 10.5562
98.971075 76.162 9.1498
99.688260 76.187 7.7342
100.410642 76.213 6.3082
101.138259 76.239 4.8678
101.871149 76.264 3.4099
102.609349 76.289 1.9353
103.352899 76.312 0.4452
104.101836 76.333 -1.0588
104.856201 76.351 -2.5751
105.616032 76.368 -4.1019
106.381370 76.383 -5.6372
107.152253 76.395 -7.1788
107.928722 76.406 -8.7253
108.710818 76.414 -10.2749
109.498582 76.422 -11.8256
110.292054 76.428 -13.3766
111.091275 76.433 -14.9274
111.896289 76.438 -16.4773
112.707135 76.443 -18.0266
113.523858 76.447 -19.5760
114.346498 76.452 -21.1268
115.175100 76.456 -22.6800
116.009706 76.460 -24.2369
116.850360 76.464 -25.7991
117.697106 76.467 -27.3686
118.549988 76.468 -28.9467
119.409050 76.467 -30.5341
120.274337 76.463 -32.1313
121.145895 76.455 -33.7386
122.023768 76.443 -35.3557
122.908002 76.426 -36.9817
123.798644 76.403 -38.6152
124.695740 76.373 -40.2538
125.599337 76.337 -41.8957
126.509482 76.293 -43.5377
127.426222 76.240 -45.1774
128.349605 76.180 -46.8112
129.279679 76.112 -48.4365
130.216493 76.036 -50.0504
131.160095 75.953 -51.6503
132.110535 75.862 -53.2339
133.067862 75.764 -54.7991
134.032127 75.660 -56.3441
135.003379 75.550 -57.8679
135.981669 75.435 -59.3701
136.967048 75.316 -60.8505
137.959568 75.193 -62.3089
138.959280 75.068 -63.7460
139.966236 74.940 -65.1627
140.980489 74.811 -66.5602
142.002092 74.682 -67.9396
143.031098 74.554 -69.3026
144.067560 74.426 -70.6513
145.111533 74.300 -71.9882
146.163071 74.176 -73.3160
147.222229 74.055 -74.6370
148.289062 73.937 -75.9537
149.363625 73.822 -77.2682
150.445976 73.709 -78.5820
151.536169 73.599 -79.8965
152.634263 73.490 -81.2114
153.740314 73.382 -82.5257
154.854379 73.274 -83.8378
155.976518 73.165 -85.1441
157.106788 73.055 -86.4401
158.245249 72.941 -87.7187
159.391959 72.823 -88.9717
160.546979 72.701 -90.1905
161.710369 72.574 -91.3637
162.882189 72.442 -92.4796
164.062500 72.304 -93.5246
165.251365 72.163 -94.4847
166.448844 72.019 -95.3450
167.655001 71.873 -96.0899
168.869898 71.729 -96.7038
170.093599 71.588 -97.1719
171.326167 71.455 -97.4807
172.567667 71.333 -97.6182
173.818164 71.226 -97.5764
175.077722 71.140 -97.3533
176.346407 71.078 -96.9525
177.624286 71.045 -96.3860
178.911425 71.043 -95.6770
180.207891 71.074 -94.8593
181.513751 71.138 -93.9775
182.829075 71.235 -93.0848
184.153930 71.361 -92.2393
185.488385 71.513 -91.4999
186.832510 71.686 -90.9220
188.186376 71.875 -90.5534
189.550052 72.077 -90.4315
190.923610 72.284 -90.5823
192.307121 72.495 -91.0206
193.700657 72.704 -91.7509
195.104292 72.908 -92.7702
196.518098 73.104 -94.0698
197.942150 73.289 -95.6357
199.376520 73.462 -97.4512
200.821284 73.621 -99.4974
202.276518 73.765 -101.7556
203.742297 73.892 -104.2066
205.218698 74.001 -106.8317
206.705797 74.093 -109.6129
208.203673 74.166 -112.5335
209.712402 74.220 -115.5781
211.232065 74.256 -118.7318
212.762739 74.273 -121.9813
214.304506 74.271 -125.3145
215.857445 74.250 -128.7203
217.421637 74.211 -132.1884
218.997164 74.154 -135.7090
220.584107 74.078 -139.2736
222.182551 73.985 -142.8745
223.792577 73.873 -146.5055
225.414270 73.745 -150.1599
227.047715 73.598 -153.8323
228.692996 73.435 -157.5178
230.350200 73.256 -161.2130
232.019413 73.062 -164.9149
233.700721 72.853 -168.6218
235.394213 72.632 -172.3334
237.099976 72.399 -176.0503
238.818100 72.158 -179.7736
240.548675 71.911 176.4937
242.291790 71.661 172.7468
244.047536 71.414 168.9795
245.816005 71.173 165.1819
247.597289 70.944 161.3403
249.391481 70.734 157.4333
251.198674 70.551 153.4270
253.018964 70.400 149.2604
254.852443 70.289 144.8069
256.699209 70.221 139.7384
258.559357 70.199 132.7783
260.432985 70.225 109.2996
262.320190 70.295 -33.5453
264.221070 70.405 -46.1295
266.135725 70.549 -52.4343
268.064254 70.721 -57.6190
270.006758 70.913 -62.4427
271.963338 71.119 -67.1279
273.934097 71.334 -71.7601
275.919136 71.552 -76.3765
277.918560 71.768 -80.9928
279.932473 71.979 -85.6146
281.960979 72.182 -90.2407
284.004184 72.374 -94.8643
286.062195 72.552 -99.4751
288.135120 72.716 -104.0591
290.223066 72.864 -108.5966
292.326142 72.996 -113.0631
294.444458 73.110 -117.4275
296.578124 73.208 -121.6497
298.727251 73.290 -125.6783
300.891952 73.359 -129.4486
303.072339 73.415 -132.8783
305.268526 73.462 -135.8618
307.480627 73.503 -138.2662
309.708759 73.543 -139.9275
311.953036 73.583 -140.6530
314.213576 73.630 -140.2404
316.490498 73.685 -138.5297
318.783918 73.751 -135.5032
321.093958 73.829 -131.4115
323.420737 73.920 -126.8240
325.764377 74.022 -122.4886
328.125000 74.132 -119.0486
330.502729 74.248 -116.8459
332.897688 74.363 -115.9252
335.310002 74.475 -116.1511
337.739796 74.578 -117.3213
340.187198 74.670 -119.2294
342.652335 74.746 -121.6935
345.135335 74.806 -124.5604
347.636328 74.848 -127.7047
350.155444 74.872 -131.0239
352.692815 74.880 -134.4333
355.248572 74.875 -137.8633
357.822850 74.860 -141.2576
360.415782 74.841 -144.5709
363.027503 74.823 -147.7678
365.658150 74.813 -150.8236
368.307860 74.815 -153.7249
370.976770 74.836 -156.4709
373.665021 74.879 -159.0746
376.372752 74.946 -161.5608
379.100104 75.037 -163.9668
381.847219 75.149 -166.3379
384.614242 75.276 -168.7228
387.401315 75.412 -171.1677
390.208585 75.550 -173.7106
393.036197 75.682 -176.3762
395.884299 75.800 -179.1743
398.753040 75.899 177.9023
401.642569 75.972 174.8779
404.553037 76.016 171.7885
407.484595 76.027 168.6814
410.437396 76.003 165.6102
413.411594 75.944 162.6345
416.407345 75.849 159.8160
419.424805 75.721 157.2153
422.464130 75.562 154.8885
425.525479 75.376 152.8816
428.609012 75.168 151.2251
431.714889 74.944 149.9272
434.843274 74.711 148.9674
437.994327 74.480 148.2916
441.168215 74.259 147.8164
444.365101 74.058 147.4365
447.585154 73.888 147.0374
450.828541 73.757 146.5133
454.095430 73.670 145.7802
457.385993 73.631 144.7811
460.700400 73.639 143.4885
464.038825 73.690 141.8971
467.401442 73.778 140.0179
470.788425 73.896 137.8732
474.199952 74.035 135.4889
477.636201 74.188 132.8933
481.097349 74.346 130.1135
484.583579 74.504 127.1757
488.095072 74.653 124.1056
491.632010 74.790 120.9294
495.194578 74.910 117.6735
498.782962 75.008 114.3652
502.397349 75.082 111.0337
506.037927 75.131 107.7084
509.704887 75.153 104.4189
513.398418 75.148 101.1936
517.118715 75.118 98.0582
520.865970 75.065 95.0345
524.640380 74.992 92.1378
528.442140 74.904 89.3760
532.271450 74.807 86.7496
536.128508 74.708 84.2502
540.013516 74.613 81.8622
543.926677 74.529 79.5638
547.868194 74.464 77.3292
551.838273 74.420 75.1294
555.837120 74.402 72.9347
559.864945 74.409 70.7163
563.921957 74.440 68.4478
568.008368 74.491 66.1051
572.124391 74.558 63.6688
576.270240 74.634 61.1234
580.446132 74.713 58.4568
584.652284 74.791 55.6606
588.888915 74.862 52.7290
593.156247 74.923 49.6600
597.454502 74.970 46.4539
601.783903 75.002 43.1127
606.144678 75.016 39.6409
610.537052 75.013 36.0430
614.961255 74.992 32.3252
619.417518 74.953 28.4945
623.906072 74.896 24.5582
628.427153 74.822 20.5251
632.980995 74.731 16.4055
637.567836 74.621 12.2117
642.187916 74.491 7.9579
646.841474 74.343 3.6603
651.528754 74.173 -0.6639
656.250000 73.981 -4.9989
661.005458 73.768 -9.3291
665.795376 73.533 -13.6416
670.620004 73.277 -17.9263
675.479593 73.002 -22.1785
680.374396 72.711 -26.3971
685.304670 72.407 -30.5885
690.270670 72.096 -34.7678
695.272656 71.783 -38.9631
700.310888 71.474 -43.2236
705.385629 71.177 -47.6359
710.497144 70.899 -52.3732
715.645700 70.646 -57.8494
720.831563 70.425 -65.3634
726.055006 70.241 -81.8969
731.316300 70.098 -178.9347
736.615719 69.998 133.6036
741.953540 69.941 123.0708
747.330042 69.926 117.3073
752.745503 69.952 113.0814
758.200207 70.016 109.5946
763.694439 70.116 106.5411
769.228483 70.248 103.7616
774.802630 70.407 101.1506
780.417169 70.590 98.6270
786.072394 70.791 96.1246
791.768598 71.004 93.5905
797.506080 71.222 90.9856
803.285138 71.438 88.2844
809.106073 71.647 85.4755
814.969189 71.843 82.5590
820.874792 72.023 79.5466
826.823189 72.182 76.4587
832.814691 72.319 73.3209
838.849609 72.434 70.1627
844.928259 72.527 67.0128
851.050958 72.600 63.8978
857.218024 72.655 60.8392
863.429779 72.695 57.8522
869.686547 72.721 54.9453
875.988654 72.738 52.1217
882.336429 72.748 49.3792
888.730203 72.754 46.7120
895.170308 72.759 44.1139
901.657081 72.765 41.5764
908.190860 72.774 39.0894
914.771985 72.788 36.6425
921.400800 72.809 34.2246
928.077650 72.835 31.8251
934.802884 72.867 29.4347
941.576851 72.903 27.0469
948.399905 72.941 24.6588
955.272401 72.980 22.2721
962.194699 73.016 19.8921
969.167158 73.050 17.5260
976.190143 73.081 15.1816
983.264019 73.108 12.8657
990.389156 73.131 10.5829
997.565924 73.150 8.3322
1004.794698 73.166 6.1075
1012.075854 73.177 3.8986
1019.409773 73.182 1.6912
1026.796836 73.179 -0.5294
1034.237430 73.167 -2.7767
1041.731940 73.143 -5.0610
1049.280759 73.104 -7.3859
1056.884280 73.048 -9.7496
1064.542900 72.973 -12.1448
1072.257016 72.878 -14.5610
1080.027033 72.762 -16.9869
1087.853354 72.626 -19.4105
1095.736387 72.470 -21.8232
1103.676545 72.298 -24.2217
1111.674240 72.112 -26.6073
1119.729890 71.916 -28.9836
1127.843914 71.713 -31.3567
1136.016736 71.507 -33.7300
1144.248782 71.300 -36.1007
1152.540480 71.094 -38.4551
1160.892264 70.889 -40.7633
1169.304568 70.686 -42.9768
1177.777830 70.486 -45.0225
1186.312494 70.288 -46.7948
1194.909003 70.096 -48.1471
1203.567807 69.911 -48.8789
1212.289355 69.740 -48.7196
1221.074104 69.587 -47.3158
1229.922510 69.460 -44.2505
1238.835035 69.366 -39.1522
1247.812145 69.310 -31.9780
1256.854306 69.297 -23.4032
1265.961990 69.324 -14.8306
1275.135673 69.387 -7.6682
1284.375831 69.480 -2.6010
1293.682948 69.593 0.4078
1303.057508 69.716 1.7283
1312.500000 69.839 1.7780
1322.010916 69.955 0.9119
1331.590752 70.057 -0.5945
1341.240008 70.140 -2.5334
1350.959186 70.199 -4.7483
1360.748793 70.232 -7.1174
1370.609339 70.239 -9.5437
1380.541340 70.217 -11.9471
1390.545311 70.168 -14.2610
1400.621776 70.094 -16.4299
1410.771259 69.998 -18.4091
1420.994289 69.885 -20.1653
1431.291399 69.758 -21.6786
1441.663127 69.625 -22.9448
1452.110012 69.491 -23.9785
1462.632600 69.362 -24.8101
1473.231438 69.244 -25.4838
1483.907081 69.141 -26.0540
1494.660083 69.056 -26.5773
1505.491006 68.989 -27.1078
1516.400415 68.941 -27.6906
1527.388877 68.910 -28.3600
1538.456967 68.893 -29.1392
1549.605260 68.889 -30.0406
1560.834338 68.892 -31.0686
1572.144787 68.901 -32.2183
1583.537197 68.910 -33.4783
1595.012160 68.915 -34.8304
1606.570276 68.915 -36.2515
1618.212146 68.904 -37.7145
1629.938378 68.883 -39.1903
1641.749584 68.848 -40.6506
1653.646378 68.800 -42.0704
1665.629381 68.740 -43.4304
1677.699218 68.669 -44.7185
1689.856519 68.589 -45.9308
1702.101915 68.502 -47.0717
1714.436048 68.411 -48.1517
1726.859558 68.319 -49.1852
1739.373094 68.227 -50.1875
1751.977309 68.136 -51.1736
1764.672858 68.048 -52.1564
1777.460405 67.964 -53.1459
1790.340616 67.883 -54.1490
1803.314162 67.806 -55.1705
1816.381720 67.731 -56.2126
1829.543971 67.658 -57.2753
1842.801601 67.585 -58.3551
1856.155301 67.511 -59.4441
1869.605767 67.433 -60.5298
1883.153701 67.351 -61.5950
1896.799809 67.263 -62.6167
1910.544802 67.169 -63.5687
1924.389398 67.070 -64.4238
1938.334317 66.969 -65.1543
1952.380286 66.869 -65.7347
1966.528038 66.774 -66.1440
1980.778311 66.690 -66.3679
1995.131847 66.623 -66.4003
2009.589395 66.580 -66.2460
2024.151708 66.566 -65.9236
2038.819546 66.585 -65.4679
2053.593673 66.641 -64.9316
2068.474859 66.733 -64.3824
2083.463881 66.859 -63.8978
2098.561519 67.015 -63.5577
2113.768561 67.195 -63.4346
2129.085799 67.390 -63.5853
2144.514032 67.594 -64.0465
2160.054065 67.799 -64.8337
2175.706707 67.999 -65.9431
2191.472775 68.188 -67.3564
2207.353090 68.361 -69.0452
2223.348480 68.515 -70.9746
2239.459780 68.648 -73.1064
2255.687829 68.757 -75.4019
2272.033473 68.840 -77.8228
2288.497564 68.896 -80.3298
2305.080960 68.925 -82.8853
2321.784527 68.925 -85.4502
2338.609135 68.895 -87.9851
2355.555661 68.837 -90.4490
2372.624988 68.751 -92.7988
2389.818007 68.637 -94.9905
2407.135613 68.499 -96.9780
2424.578710 68.340 -98.7163
2442.148207 68.164 -100.1631
2459.845020 67.978 -101.2815
2477.670071 67.789 -102.0464
2495.624289 67.606 -102.4497
2513.708612 67.439 -102.5090
2531.923981 67.299 -102.2710
2550.271346 67.195 -101.8135
2568.751663 67.134 -101.2407
2587.365896 67.121 -100.6704
2606.115016 67.153 -100.2195
2625.000000 67.226 -99.9880
2644.021832 67.333 -100.0493
2663.181504 67.464 -100.4456
2682.480015 67.607 -101.1890
2701.918371 67.754 -102.2681
2721.497586 67.896 -103.6528
2741.218679 68.025 -105.3018
2761.082679 68.135 -107.1655
2781.090623 68.222 -109.1890
2801.243552 68.284 -111.3140
2821.542517 68.318 -113.4810
2841.988577 68.323 -115.6292
2862.582798 68.301 -117.6978
2883.326253 68.253 -119.6274
2904.220024 68.183 -121.3630
2925.265199 68.096 -122.8562
2946.462877 67.999 -124.0720
2967.814161 67.899 -124.9917
2989.320166 67.805 -125.6194
3010.982012 67.725 -125.9873
3032.800829 67.667 -126.1562
3054.777754 67.636 -126.2100
3076.913933 67.635 -126.2463
3099.210520 67.663 -126.3628
3121.668677 67.717 -126.6428
3144.289575 67.791 -127.1470
3167.074393 67.877 -127.9060
3190.024320 67.969 -128.9243
3213.140551 68.058 -130.1824
3236.424292 68.139 -131.6460
3259.876757 68.209 -133.2681
3283.499167 68.262 -134.9951
3307.292756 68.299 -136.7725
3331.258763 68.318 -138.5449
3355.398437 68.320 -140.2607
3379.713037 68.306 -141.8716
3404.203831 68.281 -143.3389
3428.872095 68.249 -144.6333
3453.719116 68.215 -145.7393
3478.746188 68.184 -146.6606
3503.954617 68.162 -147.4199
3529.345717 68.154 -148.0579
3554.920811 68.163 -148.6318
3580.681232 68.191 -149.2065
3606.628325 68.235 -149.8467
3632.763440 68.293 -150.6064
3659.087942 68.361 -151.5237
3685.603201 68.434 -152.6177
3712.310601 68.507 -153.8877
3739.211534 68.576 -155.3179
3766.307402 68.639 -156.8811
3793.599618 68.694 -158.5430
3821.089605 68.741 -160.2676
3848.778795 68.781 -162.0208
3876.668633 68.817 -163.7739
3904.760572 68.852 -165.5049
3933.056077 68.888 -167.2007
3961.556622 68.931 -168.8579
3990.263695 68.983 -170.4819
4019.178790 69.046 -172.0869
4048.303417 69.121 -173.6919
4077.639092 69.208 -175.3198
4107.187346 69.306 -176.9934
4136.949718 69.411 -178.7327
4166.927761 69.521 179.4458
4197.123038 69.632 177.5327
4227.537121 69.739 175.5244
4258.171598 69.838 173.4246
4289.028065 69.925 171.2427
4320.108130 69.997 168.9939
4351.413415 70.049 166.6987
4382.945550 70.079 164.3811
4414.706180 70.085 162.0686
4446.696961 70.066 159.7891
4478.919560 70.022 157.5688
4511.375658 69.956 155.4307
4544.066945 69.870 153.3926
4576.995128 69.767 151.4668
4610.161921 69.651 149.6592
4643.569055 69.529 147.9702
4677.218270 69.405 146.3955
4711.111322 69.283 144.9282
4745.249977 69.169 143.5615
4779.636014 69.066 142.2886
4814.271227 68.976 141.1035
4849.157421 68.903 140.0039
4884.296414 68.845 138.9900
4919.690040 68.803 138.0645
4955.340142 68.776 137.2314
4991.248579 68.760 136.4951
5027.417224 68.754 135.8564
5063.847961 68.756 135.3105
5100.542691 68.763 134.8477
5137.503326 68.772 134.4521
5174.731793 68.783 134.1050
5212.230033 68.795 133.7874
5250.000000 68.809 133.4802
5288.043664 68.825 133.1680
5326.363008 68.845 132.8376
5364.960030 68.873 132.4780
5403.836742 68.912 132.0767
5442.995171 68.963 131.6206
5482.437358 69.027 131.0950
5522.165359 69.106 130.4834
5562.181245 69.198 129.7695
5602.487104 69.299 128.9380
5643.085035 69.407 127.9790
5683.977155 69.517 126.8872
5725.165596 69.626 125.6628
5766.652506 69.729 124.3130
5808.440048 69.823 122.8496
5850.530399 69.907 121.2881
5892.925754 69.979 119.6455
5935.628323 70.038 117.9385
5978.640332 70.083 116.1821
6021.964025 70.116 114.3892
6065.601659 70.135 112.5718
6109.555509 70.141 110.7422
6153.827866 70.133 108.9138
6198.421040 70.113 107.1008
6243.337354 70.078 105.3220
6288.579150 70.031 103.5967
6334.148787 69.972 101.9470
6380.048640 69.901 100.3967
6426.281102 69.821 98.9675
6472.848584 69.735 97.6792
6519.753513 69.646 96.5461
6566.998335 69.557 95.5757
6614.585512 69.474 94.7661
6662.517525 69.399 94.1050
6710.796874 69.337 93.5710
6759.426074 69.291 93.1345
6808.407662 69.263 92.7610
6857.744190 69.253 92.4128
6907.438232 69.261 92.0547
6957.492377 69.285 91.6558
7007.909234 69.323 91.1929
7058.691434 69.372 90.6526
7109.841621 69.428 90.0286
7161.362465 69.491 89.3232
7213.256649 69.558 88.5442
7265.526880 69.627 87.7034
7318.175883 69.697 86.8152
7371.206402 69.769 85.8921
7424.621202 69.841 84.9441
7478.423068 69.914 83.9778
7532.614805 69.984 82.9951
7587.199237 70.053 81.9951
7642.179210 70.116 80.9761
7697.557591 70.173 79.9343
7753.337266 70.221 78.8687
7809.521144 70.257 77.7793
7866.112154 70.281 76.6699
7923.113245 70.292 75.5459
7980.527390 70.289 74.4143
8038.357581 70.274 73.2812
8096.606833 70.248 72.1536
8155.278184 70.213 71.0356
8214.374692 70.171 69.9290
8273.899437 70.124 68.8350
8333.855523 70.074 67.7529
8394.246075 70.022 66.6824
8455.074243 69.970 65.6223
8516.343196 69.919 64.5745
8578.056130 69.870 63.5396
8640.216260 69.823 62.5198
8702.826829 69.779 61.5171
8765.891100 69.738 60.5339
8829.412360 69.702 59.5715
8893.393922 69.671 58.6304
8957.839120 69.645 57.7107
9022.751315 69.625 56.8108
9088.133891 69.611 55.9282
9153.990255 69.603 55.0603
9220.323842 69.603 54.2031
9287.138109 69.609 53.3521
9354.436540 69.621 52.5012
9422.222644 69.640 51.6448
9490.499953 69.664 50.7754
9559.272028 69.692 49.8853
9628.542454 69.723 48.9675
9698.314841 69.756 48.0151
9768.592829 69.787 47.0244
9839.380079 69.815 45.9946
9910.680283 69.840 44.9297
9982.497158 69.860 43.8372
10054.834447 69.874 42.7283
10127.695923 69.884 41.6157
10201.085382 69.890 40.5125
10275.006652 69.893 39.4287
10349.463586 69.894 38.3743
10424.460065 69.894 37.3540
10500.000000 69.894 36.3706
10576.087328 69.893 35.4221
10652.726017 69.891 34.5051
10729.920061 69.887 33.6152
10807.673485 69.880 32.7478
10885.990342 69.869 31.8977
10964.874715 69.852 31.0610
11044.330718 69.830 30.2332
11124.362491 69.800 29.4099
11204.974207 69.763 28.5869
11286.170069 69.719 27.7593
11367.954310 69.667 26.9229
11450.331193 69.608 26.0747
11533.305013 69.543 25.2136
11616.880095 69.473 24.3398
11701.060797 69.398 23.4556
11785.851507 69.320 22.5652
11871.256646 69.239 21.6741
11957.280665 69.157 20.7881
12043.928050 69.074 19.9126
12131.203317 68.990 19.0540
12219.111017 68.906 18.2178
12307.655733 68.822 17.4080
12396.842080 68.737 16.6284
12486.674708 68.653 15.8799
12577.158300 68.568 15.1626
12668.297573 68.483 14.4744
12760.097280 68.398 13.8125
12852.562205 68.314 13.1733
12945.697169 68.230 12.5535
13039.507027 68.148 11.9495
13133.996670 68.066 11.3586
13229.171024 67.987 10.7783
13325.035051 67.910 10.2070
13421.593747 67.835 9.6443
13518.852148 67.763 9.0918
13616.815324 67.692 8.5525
13715.488381 67.624 8.0310
13814.876464 67.558 7.5310
13914.984753 67.493 7.0574
14015.818469 67.430 6.6138
14117.382867 67.367 6.2019
14219.683243 67.306 5.8220
14322.724929 67.245 5.4736
14426.513298 67.186 5.1538
14531.053761 67.129 4.8606
14636.351766 67.073 4.5896
14742.412805 67.020 4.3362
14849.242405 66.969 4.0964
14956.846137 66.921 3.8665
15065.229609 66.875 3.6409
15174.398473 66.832 3.4172
15284.358420 66.790 3.1934
15395.115182 66.749 2.9678
15506.674532 66.710 2.7390
15619.042288 66.670 2.5068
15732.224307 66.630 2.2700
15846.226490 66.590 2.0273
15961.054779 66.549 1.7769
16076.715162 66.508 1.5156
16193.213667 66.466 1.2402
16310.556368 66.425 0.9473
16428.749383 66.384 0.6338
16547.798874 66.343 0.2986
16667.711046 66.302 -0.0588
16788.492151 66.261 -0.4373
16910.148485 66.219 -0.8340
17032.686392 66.177 -1.2446
17156.112259 66.134 -1.6658
17280.432521 66.091 -2.0942
17405.653658 66.047 -2.5242
17531.782199 66.004 -2.9563
17658.824720 65.961 -3.4060
17786.787844 65.920 -3.8645
17915.678240 65.882 -4.2922
18045.502630 65.845 -4.7063
18176.267781 65.812 -5.1277
18307.980510 65.781 -5.5603
18440.647684 65.752 -6.0083
18574.276219 65.725 -6.4746
18708.873081 65.699 -6.9595
18844.445288 65.672 -7.4609
18980.999906 65.645 -7.9773
19118.544056 65.616 -8.5046
19257.084907 65.585 -9.0391
19396.629683 65.553 -9.5776
19537.185657 65.519 -10.1194
19678.760158 65.482 -10.6658
19821.360566 65.444 -11.2224
19964.994316 65.404 -11.8140
20109.668895 65.363 -12.2454
20255.391845 65.318 -12.5999
20402.170764 65.271 -12.9705
20550.013304 65.220 -13.3623
20698.927171 65.165 -13.7795
20848.920130 65.105 -14.2244
21000.000000 65.040 -14.6990
21152.174657 64.970 -15.2048
21305.452034 64.896 -15.7432
21459.840122 64.819 -16.3188
21615.346970 64.740 -16.9368
21771.980684 64.664 -17.6055
21929.749431 64.591 -18.3340
22088.661435 64.526 -19.1309
22248.724982 64.469 -20.0027
22409.948414 64.423 -20.9526
22572.340138 64.388 -21.9792
22735.908620 64.364 -23.0757
22900.662386 64.348 -24.2305
23066.610026 64.339 -25.4312
23233.760191 64.335 -26.6646
23402.121595 64.334 -27.9192
23571.703014 64.333 -29.1890
23742.513291 64.333 -30.4697
23914.561330 64.333 -31.7603
