* Measurement data measured by REW V5.40 beta 73
* Source: 
* Format: 
* Dated: Mar 11, 2025 7:27:56 AM
* REW Settings:
*  C-weighting compensation: Off
*  Target level: 75.0 dB
* Note: ; Minimum phase copy of L1 Cal file effects included No LF tail No HF tail
* Measurement: L1-MP
* Smoothing: Psychoacoustic
* Frequency Step: 96 ppo
* Start Frequency: 0.36621094 Hz
*
* Freq(Hz) SPL(dB) Phase(degrees)
0.366211 37.783 32.2567
0.368865 37.775 32.2837
0.371538 37.767 32.3123
0.374230 37.759 32.3428
0.376942 37.750 32.3750
0.379673 37.741 32.4090
0.382424 37.731 32.4449
0.385196 37.721 32.4827
0.387987 37.711 32.5223
0.390798 37.700 32.5639
0.393630 37.689 32.6073
0.396483 37.677 32.6526
0.399356 37.665 32.6998
0.402250 37.653 32.7489
0.405165 37.640 32.8000
0.408101 37.627 32.8529
0.411058 37.614 32.9078
0.414037 37.601 32.9646
0.417037 37.587 33.0233
0.420059 37.573 33.0839
0.423103 37.558 33.1465
0.426169 37.544 33.2110
0.429257 37.529 33.2774
0.432368 37.514 33.3458
0.435501 37.498 33.4162
0.438656 37.483 33.4886
0.441835 37.467 33.5629
0.445037 37.451 33.6393
0.448262 37.435 33.7177
0.451510 37.418 33.7982
0.454782 37.402 33.8808
0.458077 37.385 33.9656
0.461397 37.368 34.0524
0.464740 37.351 34.1415
0.468108 37.334 34.2328
0.471500 37.317 34.3264
0.474917 37.299 34.4223
0.478358 37.282 34.5205
0.481825 37.264 34.6212
0.485316 37.246 34.7243
0.488833 37.228 34.8299
0.492375 37.210 34.9381
0.495943 37.191 35.0490
0.499537 37.173 35.1625
0.503157 37.154 35.2788
0.506803 37.135 35.3979
0.510475 37.117 35.5199
0.514175 37.098 35.6449
0.517900 37.078 35.7730
0.521653 37.059 35.9043
0.525434 37.040 36.0389
0.529241 37.020 36.1768
0.533076 37.001 36.3183
0.536939 36.981 36.4634
0.540830 36.961 36.6122
0.544749 36.941 36.7650
0.548696 36.921 36.9218
0.552673 36.901 37.0829
0.556677 36.881 37.2485
0.560711 36.861 37.4186
0.564774 36.841 37.5937
0.568867 36.821 37.7738
0.572989 36.801 37.9594
0.577141 36.780 38.1506
0.581324 36.760 38.3478
0.585536 36.740 38.5514
0.589779 36.721 38.7617
0.594053 36.701 38.9791
0.598358 36.681 39.2041
0.602694 36.662 39.4373
0.607061 36.643 39.6791
0.611460 36.624 39.9301
0.615891 36.606 40.1910
0.620354 36.589 40.4625
0.624849 36.572 40.7452
0.629377 36.555 41.0401
0.633938 36.540 41.3479
0.638532 36.525 41.6695
0.643159 36.511 42.0060
0.647819 36.499 42.3584
0.652514 36.488 42.7276
0.657242 36.478 43.1149
0.662005 36.469 43.5214
0.666802 36.463 43.9482
0.671634 36.458 44.3967
0.676501 36.456 44.8680
0.681403 36.456 45.3633
0.686341 36.458 45.8838
0.691314 36.463 46.4308
0.696324 36.471 47.0053
0.701370 36.482 47.6084
0.706452 36.496 48.2410
0.711571 36.514 48.9039
0.716728 36.535 49.5977
0.721921 36.560 50.3231
0.727153 36.588 51.0802
0.732422 36.621 51.8691
0.737729 36.658 52.6897
0.743075 36.699 53.5415
0.748460 36.745 54.4240
0.753883 36.794 55.3361
0.759346 36.848 56.2766
0.764849 36.907 57.2440
0.770391 36.970 58.2366
0.775974 37.037 59.2522
0.781597 37.109 60.2887
0.787261 37.184 61.3434
0.792966 37.264 62.4137
0.798712 37.348 63.4966
0.804500 37.436 64.5892
0.810329 37.528 65.6883
0.816201 37.624 66.7906
0.822116 37.723 67.8929
0.828073 37.826 68.9919
0.834074 37.933 70.0844
0.840118 38.042 71.1671
0.846206 38.155 72.2370
0.852338 38.271 73.2910
0.858514 38.389 74.3264
0.864735 38.511 75.3405
0.871001 38.635 76.3307
0.877313 38.761 77.2948
0.883670 38.890 78.2306
0.890074 39.022 79.1362
0.896524 39.155 80.0100
0.903020 39.291 80.8504
0.909564 39.429 81.6561
0.916155 39.568 82.4261
0.922794 39.710 83.1594
0.929481 39.853 83.8552
0.936216 39.997 84.5131
0.943000 40.144 85.1326
0.949834 40.292 85.7133
0.956717 40.441 86.2553
0.963649 40.592 86.7585
0.970632 40.744 87.2230
0.977666 40.897 87.6490
0.984750 41.051 88.0369
0.991886 41.207 88.3870
0.999074 41.364 88.6999
1.006314 41.522 88.9761
1.013606 41.681 89.2162
1.020951 41.840 89.4209
1.028349 42.001 89.5911
1.035801 42.163 89.7275
1.043307 42.325 89.8310
1.050867 42.488 89.9024
1.058482 42.652 89.9428
1.066152 42.817 89.9531
1.073878 42.982 89.9343
1.081660 43.147 89.8875
1.089498 43.314 89.8136
1.097393 43.480 89.7139
1.105345 43.647 89.5893
1.113355 43.814 89.4409
1.121423 43.981 89.2698
1.129549 44.148 89.0771
1.137734 44.315 88.8639
1.145979 44.482 88.6311
1.154283 44.649 88.3797
1.162647 44.815 88.1108
1.171072 44.980 87.8252
1.179558 45.145 87.5239
1.188106 45.309 87.2076
1.196715 45.473 86.8772
1.205387 45.635 86.5334
1.214122 45.796 86.1769
1.222920 45.956 85.8083
1.231782 46.114 85.4280
1.240708 46.271 85.0367
1.249699 46.427 84.6347
1.258754 46.581 84.2225
1.267876 46.732 83.8002
1.277063 46.882 83.3682
1.286318 47.030 82.9266
1.295639 47.176 82.4756
1.305027 47.319 82.0153
1.314484 47.460 81.5456
1.324009 47.599 81.0666
1.333604 47.735 80.5783
1.343268 47.868 80.0805
1.353002 47.999 79.5731
1.362806 48.128 79.0561
1.372681 48.253 78.5293
1.382628 48.375 77.9925
1.392647 48.495 77.4455
1.402739 48.612 76.8884
1.412904 48.726 76.3208
1.423142 48.836 75.7427
1.433455 48.944 75.1540
1.443843 49.049 74.5547
1.454305 49.150 73.9446
1.464844 49.249 73.3240
1.475459 49.344 72.6927
1.486150 49.437 72.0510
1.496920 49.526 71.3989
1.507767 49.612 70.7369
1.518693 49.695 70.0650
1.529698 49.775 69.3836
1.540783 49.852 68.6932
1.551948 49.925 67.9942
1.563194 49.996 67.2869
1.574521 50.064 66.5720
1.585931 50.129 65.8499
1.597423 50.190 65.1213
1.608999 50.249 64.3867
1.620658 50.305 63.6466
1.632402 50.357 62.9017
1.644232 50.407 62.1525
1.656146 50.454 61.3997
1.668147 50.498 60.6436
1.680235 50.539 59.8850
1.692411 50.577 59.1241
1.704675 50.613 58.3615
1.717028 50.645 57.5975
1.729470 50.675 56.8326
1.742003 50.701 56.0670
1.754626 50.725 55.3010
1.767341 50.746 54.5348
1.780147 50.764 53.7686
1.793047 50.779 53.0025
1.806040 50.791 52.2368
1.819128 50.801 51.4715
1.832310 50.807 50.7067
1.845587 50.810 49.9425
1.858961 50.811 49.1791
1.872432 50.809 48.4164
1.886001 50.803 47.6546
1.899667 50.795 46.8940
1.913433 50.783 46.1346
1.927299 50.769 45.3766
1.941265 50.751 44.6205
1.955332 50.731 43.8664
1.969501 50.707 43.1147
1.983773 50.680 42.3659
1.998148 50.650 41.6204
2.012627 50.617 40.8788
2.027212 50.581 40.1417
2.041902 50.541 39.4097
2.056698 50.499 38.6836
2.071602 50.453 37.9641
2.086614 50.404 37.2521
2.101734 50.351 36.5485
2.116964 50.295 35.8543
2.132304 50.236 35.1704
2.147756 50.174 34.4981
2.163320 50.108 33.8385
2.178996 50.039 33.1928
2.194786 49.966 32.5626
2.210690 49.890 31.9493
2.226710 49.811 31.3544
2.242845 49.728 30.7798
2.259098 49.641 30.2274
2.275468 49.551 29.6992
2.291957 49.458 29.1976
2.308566 49.360 28.7250
2.325295 49.260 28.2843
2.342145 49.156 27.8783
2.359117 49.048 27.5105
2.376212 48.938 27.1845
2.393431 48.824 26.9043
2.410775 48.707 26.6743
2.428244 48.587 26.4992
2.445840 48.464 26.3844
2.463564 48.339 26.3355
2.481416 48.213 26.3589
2.499397 48.085 26.4612
2.517509 47.957 26.6497
2.535752 47.828 26.9321
2.554127 47.701 27.3167
2.572635 47.576 27.8119
2.591277 47.454 28.4266
2.610055 47.337 29.1695
2.628968 47.227 30.0491
2.648019 47.125 31.0733
2.667208 47.033 32.2488
2.686535 46.954 33.5804
2.706003 46.889 35.0707
2.725612 46.840 36.7187
2.745363 46.810 38.5194
2.765257 46.800 40.4630
2.785295 46.810 42.5342
2.805478 46.842 44.7121
2.825808 46.896 46.9709
2.846285 46.972 49.2797
2.866910 47.067 51.6051
2.887685 47.182 53.9117
2.908611 47.314 56.1651
2.929688 47.462 58.3330
2.950917 47.622 60.3870
2.972301 47.793 62.3039
2.993839 47.973 64.0659
3.015534 48.160 65.6609
3.037386 48.350 67.0821
3.059396 48.544 68.3269
3.081565 48.739 69.3970
3.103896 48.933 70.2968
3.126388 49.125 71.0330
3.149043 49.315 71.6139
3.171862 49.501 72.0486
3.194847 49.683 72.3469
3.217998 49.859 72.5189
3.241317 50.029 72.5747
3.264805 50.193 72.5239
3.288463 50.350 72.3761
3.312293 50.500 72.1405
3.336295 50.643 71.8258
3.360471 50.777 71.4404
3.384822 50.904 70.9922
3.409350 51.023 70.4886
3.434056 51.134 69.9368
3.458940 51.236 69.3435
3.484005 51.331 68.7151
3.509252 51.417 68.0576
3.534681 51.495 67.3767
3.560295 51.564 66.6777
3.586094 51.626 65.9658
3.612081 51.680 65.2458
3.638255 51.727 64.5222
3.664620 51.766 63.7994
3.691175 51.798 63.0813
3.717923 51.823 62.3719
3.744864 51.842 61.6746
3.772001 51.855 60.9928
3.799335 51.863 60.3294
3.826866 51.866 59.6871
3.854597 51.864 59.0683
3.882529 51.859 58.4749
3.910664 51.851 57.9085
3.939002 51.840 57.3702
3.967546 51.829 56.8605
3.996296 51.816 56.3797
4.025255 51.804 55.9271
4.054423 51.792 55.5017
4.083804 51.782 55.1021
4.113396 51.775 54.7259
4.143204 51.770 54.3706
4.173227 51.769 54.0331
4.203468 51.772 53.7098
4.233928 51.780 53.3969
4.264609 51.792 53.0903
4.295512 51.808 52.7860
4.326639 51.829 52.4798
4.357992 51.853 52.1677
4.389572 51.882 51.8460
4.421380 51.913 51.5111
4.453419 51.947 51.1600
4.485691 51.982 50.7903
4.518196 52.018 50.3999
4.550936 52.054 49.9875
4.583914 52.089 49.5524
4.617131 52.121 49.0945
4.650589 52.151 48.6144
4.684289 52.177 48.1132
4.718233 52.198 47.5927
4.752424 52.214 47.0554
4.786862 52.223 46.5042
4.821549 52.226 45.9424
4.856488 52.222 45.3741
4.891680 52.210 44.8034
4.927127 52.189 44.2352
4.962831 52.161 43.6743
4.998794 52.123 43.1260
5.035017 52.077 42.5957
5.071503 52.022 42.0891
5.108253 51.958 41.6116
5.145270 51.884 41.1692
5.182555 51.802 40.7674
5.220110 51.712 40.4118
5.257937 51.613 40.1078
5.296038 51.506 39.8607
5.334415 51.392 39.6754
5.373071 51.270 39.5567
5.412006 51.142 39.5087
5.451224 51.007 39.5353
5.490725 50.867 39.6400
5.530514 50.723 39.8256
5.570590 50.574 40.0947
5.610957 50.421 40.4491
5.651616 50.266 40.8904
5.692570 50.109 41.4198
5.733821 49.950 42.0379
5.775370 49.792 42.7454
5.817221 49.633 43.5427
5.859375 49.476 44.4302
5.901834 49.321 45.4082
5.944602 49.169 46.4774
5.987679 49.022 47.6383
6.031068 48.878 48.8917
6.074771 48.741 50.2383
6.118792 48.610 51.6790
6.163131 48.488 53.2139
6.207792 48.374 54.8430
6.252776 48.270 56.5654
6.298086 48.177 58.3788
6.343725 48.096 60.2799
6.389694 48.028 62.2634
6.435996 47.975 64.3224
6.482634 47.937 66.4478
6.529610 47.914 68.6290
6.576926 47.908 70.8537
6.624585 47.919 73.1084
6.672590 47.946 75.3790
6.720942 47.991 77.6512
6.769645 48.051 79.9114
6.818700 48.128 82.1469
6.868111 48.220 84.3465
6.917881 48.327 86.5009
6.968010 48.447 88.6027
7.018504 48.580 90.6465
7.069362 48.725 92.6286
7.120590 48.880 94.5469
7.172189 49.045 96.4004
7.224161 49.220 98.1890
7.276511 49.402 99.9134
7.329239 49.592 101.5742
7.382350 49.788 103.1721
7.435845 49.990 104.7077
7.489729 50.197 106.1812
7.544002 50.408 107.5924
7.598669 50.622 108.9407
7.653732 50.839 110.2254
7.709194 51.059 111.4454
7.765058 51.280 112.5998
7.821327 51.502 113.6875
7.878004 51.724 114.7077
7.935091 51.947 115.6601
7.992592 52.169 116.5446
8.050510 52.390 117.3618
8.108847 52.610 118.1128
8.167607 52.829 118.7991
8.226793 53.046 119.4231
8.286408 53.261 119.9875
8.346454 53.475 120.4954
8.406936 53.686 120.9505
8.467856 53.896 121.3567
8.529218 54.103 121.7179
8.591024 54.308 122.0385
8.653278 54.512 122.3224
8.715983 54.714 122.5737
8.779143 54.915 122.7962
8.842760 55.114 122.9934
8.906839 55.312 123.1683
8.971381 55.508 123.3234
9.036392 55.704 123.4610
9.101873 55.899 123.5824
9.167829 56.093 123.6885
9.234263 56.286 123.7798
9.301178 56.478 123.8560
9.368578 56.670 123.9164
9.436467 56.860 123.9600
9.504847 57.049 123.9853
9.573723 57.237 123.9906
9.643099 57.423 123.9743
9.712976 57.608 123.9345
9.783361 57.790 123.8695
9.854255 57.970 123.7779
9.925663 58.148 123.6585
9.997588 58.322 123.5103
10.070035 58.494 123.3329
10.143007 58.662 123.1262
10.216507 58.826 122.8905
10.290540 58.987 122.6266
10.365109 59.144 122.3357
10.440219 59.296 122.0193
10.515873 59.445 121.6795
10.592076 59.589 121.3184
10.668830 59.729 120.9388
10.746141 59.864 120.5434
10.824012 59.996 120.1354
10.902447 60.123 119.7179
10.981451 60.246 119.2945
11.061027 60.366 118.8686
11.141180 60.482 118.4437
11.221913 60.594 118.0236
11.303232 60.704 117.6117
11.385140 60.811 117.2117
11.467641 60.916 116.8268
11.550741 61.019 116.4602
11.634442 61.121 116.1151
11.718750 61.222 115.7942
11.803669 61.323 115.4998
11.889203 61.423 115.2340
11.975357 61.525 114.9984
12.062136 61.627 114.7941
12.149543 61.731 114.6216
12.237583 61.837 114.4810
12.326262 61.946 114.3715
12.415583 62.057 114.2918
12.505552 62.171 114.2399
12.596172 62.289 114.2133
12.687449 62.410 114.2088
12.779387 62.534 114.2226
12.871992 62.661 114.2507
12.965268 62.793 114.2887
13.059220 62.927 114.3320
13.153852 63.064 114.3761
13.249170 63.204 114.4164
13.345179 63.347 114.4489
13.441884 63.491 114.4697
13.539289 63.638 114.4754
13.637401 63.787 114.4634
13.736223 63.936 114.4312
13.835761 64.087 114.3774
13.936021 64.239 114.3008
14.037007 64.391 114.2010
14.138725 64.544 114.0779
14.241180 64.697 113.9318
14.344377 64.851 113.7635
14.448323 65.005 113.5742
14.553021 65.159 113.3649
14.658478 65.313 113.1371
14.764700 65.468 112.8923
14.871691 65.624 112.6320
14.979457 65.780 112.3575
15.088005 65.936 112.0703
15.197339 66.093 111.7716
15.307465 66.252 111.4627
15.418389 66.411 111.1444
15.530117 66.571 110.8176
15.642655 66.732 110.4828
15.756008 66.895 110.1404
15.870182 67.059 109.7905
15.985184 67.225 109.4332
16.101019 67.391 109.0679
16.217694 67.560 108.6943
16.335214 67.729 108.3116
16.453586 67.900 107.9189
16.572815 68.072 107.5151
16.692909 68.245 107.0989
16.813872 68.419 106.6689
16.935713 68.594 106.2237
17.058436 68.770 105.7619
17.182048 68.945 105.2819
17.306556 69.121 104.7822
17.431967 69.297 104.2614
17.558286 69.473 103.7182
17.685521 69.648 103.1512
17.813677 69.822 102.5594
17.942762 69.995 101.9418
18.072783 70.167 101.2974
18.203746 70.338 100.6255
18.335658 70.507 99.9255
18.468526 70.674 99.1970
18.602356 70.838 98.4395
18.737156 71.001 97.6527
18.872934 71.161 96.8366
19.009695 71.318 95.9909
19.147447 71.472 95.1158
19.286197 71.623 94.2112
19.425953 71.770 93.2774
19.566721 71.914 92.3145
19.708510 72.054 91.3229
19.851326 72.190 90.3029
19.995177 72.321 89.2551
20.140070 72.448 88.1800
20.286013 72.570 87.0782
20.433014 72.687 85.9506
20.581080 72.800 84.7981
20.730219 72.906 83.6216
20.880439 73.008 82.4223
21.031747 73.103 81.2016
21.184152 73.193 79.9607
21.337661 73.276 78.7013
21.492282 73.354 77.4250
21.648024 73.425 76.1335
21.804895 73.490 74.8288
21.962902 73.549 73.5128
22.122054 73.601 72.1875
22.282360 73.647 70.8550
22.443827 73.686 69.5176
22.606464 73.719 68.1775
22.770280 73.745 66.8368
22.935283 73.765 65.4981
23.101481 73.778 64.1635
23.268884 73.785 62.8356
23.437500 73.786 61.5168
23.607338 73.780 60.2096
23.778406 73.768 58.9166
23.950714 73.750 57.6405
24.124271 73.725 56.3840
24.299086 73.694 55.1500
24.475167 73.658 53.9413
24.652524 73.615 52.7609
24.831166 73.566 51.6120
25.011103 73.512 50.4977
25.192344 73.452 49.4213
25.374898 73.386 48.3860
25.558775 73.316 47.3951
25.743984 73.240 46.4520
25.930536 73.160 45.5598
26.118439 73.075 44.7217
26.307704 72.987 43.9406
26.498341 72.895 43.2192
26.690359 72.800 42.5599
26.883768 72.703 41.9646
27.078579 72.604 41.4347
27.274801 72.504 40.9709
27.472446 72.404 40.5731
27.671522 72.304 40.2404
27.872042 72.206 39.9710
28.074014 72.110 39.7619
28.277450 72.017 39.6090
28.482360 71.929 39.5072
28.688755 71.845 39.4505
28.896645 71.767 39.4319
29.106042 71.695 39.4434
29.316957 71.630 39.4768
29.529400 71.572 39.5236
29.743382 71.522 39.5750
29.958915 71.480 39.6227
30.176009 71.445 39.6589
30.394677 71.417 39.6765
30.614929 71.396 39.6693
30.836778 71.381 39.6324
31.060234 71.372 39.5618
31.285309 71.367 39.4550
31.512015 71.365 39.3105
31.740364 71.367 39.1281
31.970368 71.370 38.9087
32.202039 71.374 38.6541
32.435388 71.378 38.3674
32.670428 71.382 38.0523
32.907171 71.384 37.7132
33.145630 71.384 37.3554
33.385817 71.381 36.9847
33.627745 71.376 36.6074
33.871425 71.367 36.2305
34.116871 71.355 35.8611
34.364096 71.339 35.5069
34.613113 71.320 35.1756
34.863934 71.297 34.8755
35.116572 71.273 34.6146
35.371041 71.246 34.4013
35.627354 71.219 34.2437
35.885525 71.192 34.1499
36.145566 71.166 34.1276
36.407492 71.143 34.1839
36.671316 71.124 34.3254
36.937051 71.112 34.5577
37.204712 71.107 34.8851
37.474313 71.112 35.3106
37.745867 71.128 35.8354
38.019389 71.157 36.4584
38.294893 71.200 37.1765
38.572394 71.259 37.9836
38.851905 71.335 38.8713
39.133442 71.426 39.8279
39.417019 71.535 40.8397
39.702651 71.659 41.8901
39.990353 71.798 42.9611
40.280140 71.952 44.0333
40.572026 72.118 45.0867
40.866028 72.294 46.1018
41.162160 72.480 47.0599
41.460438 72.673 47.9438
41.760877 72.871 48.7387
42.063494 73.074 49.4321
42.368303 73.278 50.0140
42.675322 73.484 50.4770
42.984565 73.689 50.8163
43.296048 73.892 51.0293
43.609789 74.092 51.1152
43.925804 74.287 51.0753
44.244108 74.478 50.9119
44.564719 74.664 50.6287
44.887654 74.843 50.2304
45.212928 75.014 49.7220
45.540560 75.178 49.1095
45.870565 75.334 48.3990
46.202962 75.480 47.5970
46.537768 75.618 46.7102
46.875000 75.745 45.7455
47.214676 75.863 44.7098
47.556813 75.970 43.6102
47.901429 76.066 42.4536
48.248542 76.152 41.2472
48.598171 76.226 39.9980
48.950334 76.288 38.7131
49.305048 76.339 37.3996
49.662333 76.378 36.0643
50.022206 76.406 34.7142
50.384688 76.421 33.3560
50.749796 76.424 31.9964
51.117550 76.416 30.6417
51.487969 76.396 29.2983
51.861072 76.364 27.9719
52.236879 76.321 26.6682
52.615409 76.267 25.3925
52.996681 76.202 24.1496
53.380717 76.126 22.9439
53.767536 76.041 21.7795
54.157158 75.945 20.6597
54.549603 75.841 19.5877
54.944892 75.728 18.5661
55.343045 75.608 17.5970
55.744084 75.480 16.6822
56.148028 75.345 15.8229
56.554900 75.204 15.0205
56.964720 75.058 14.2756
57.377510 74.908 13.5889
57.793291 74.754 12.9612
58.212085 74.596 12.3931
58.633914 74.437 11.8853
59.058799 74.277 11.4387
59.486764 74.116 11.0547
59.917829 73.956 10.7348
60.352019 73.798 10.4813
60.789354 73.643 10.2966
61.229859 73.493 10.1840
61.673556 73.348 10.1471
62.120468 73.210 10.1903
62.570618 73.081 10.3182
63.024031 72.962 10.5360
63.480729 72.854 10.8491
63.940736 72.761 11.2630
64.404077 72.682 11.7828
64.870776 72.621 12.4133
65.340856 72.577 13.1584
65.814343 72.553 14.0203
66.291261 72.549 14.9997
66.771635 72.566 16.0947
67.255489 72.602 17.3007
67.742850 72.659 18.6096
68.233743 72.735 20.0095
68.728193 72.829 21.4852
69.226226 72.938 23.0173
69.727867 73.062 24.5837
70.233144 73.198 26.1593
70.742083 73.343 27.7180
71.254709 73.497 29.2332
71.771050 73.657 30.6790
72.291132 73.820 32.0320
72.814984 73.985 33.2714
73.342631 74.150 34.3802
73.874102 74.314 35.3455
74.409424 74.475 36.1586
74.948626 74.632 36.8146
75.491734 74.784 37.3126
76.038779 74.929 37.6545
76.589787 75.068 37.8453
77.144788 75.200 37.8919
77.703811 75.323 37.8032
78.266885 75.438 37.5893
78.834039 75.543 37.2612
79.405303 75.640 36.8306
79.980706 75.727 36.3095
80.560280 75.805 35.7101
81.144053 75.873 35.0445
81.732056 75.932 34.3246
82.324320 75.982 33.5621
82.920876 76.024 32.7682
83.521755 76.057 31.9537
84.126988 76.082 31.1287
84.736607 76.100 30.3027
85.350643 76.112 29.4846
85.969129 76.117 28.6822
86.592097 76.118 27.9027
87.219579 76.114 27.1523
87.851608 76.107 26.4360
88.488217 76.097 25.7577
89.129439 76.086 25.1200
89.775308 76.074 24.5245
90.425856 76.062 23.9711
91.081119 76.052 23.4586
91.741131 76.043 22.9844
92.405925 76.037 22.5447
93.075536 76.034 22.1345
93.750000 76.035 21.7480
94.429351 76.039 21.3787
95.113625 76.048 21.0196
95.802858 76.060 20.6638
96.497085 76.075 20.3044
97.196342 76.094 19.9348
97.900667 76.115 19.5494
98.610096 76.139 19.1432
99.324665 76.164 18.7125
100.044413 76.190 18.2545
100.769376 76.216 17.7675
101.499592 76.241 17.2486
102.235100 76.266 16.6980
102.975938 76.290 16.1167
103.722144 76.312 15.5063
104.473757 76.332 14.8694
105.230817 76.350 14.2088
105.993363 76.365 13.5277
106.761435 76.379 12.8294
107.535072 76.390 12.1171
108.314315 76.400 11.3940
109.099206 76.408 10.6628
109.889783 76.414 9.9257
110.686090 76.420 9.1845
111.488167 76.425 8.4404
112.296056 76.430 7.6938
113.109800 76.435 6.9446
113.929440 76.439 6.1921
114.755020 76.444 5.4350
115.586582 76.448 4.6717
116.424170 76.452 3.9002
117.267827 76.455 3.1186
118.117598 76.457 2.3251
118.973527 76.457 1.5180
119.835658 76.455 0.6961
120.704037 76.449 -0.1410
121.578708 76.440 -0.9933
122.459718 76.425 -1.8598
123.347111 76.405 -2.7390
124.240935 76.379 -3.6282
125.141236 76.346 -4.5247
126.048061 76.306 -5.4247
126.961458 76.257 -6.3244
127.881473 76.201 -7.2195
128.808154 76.137 -8.1060
129.741551 76.066 -8.9796
130.681712 75.986 -9.8366
131.628686 75.899 -10.6733
132.582521 75.804 -11.4868
133.543269 75.703 -12.2745
134.510979 75.596 -13.0342
135.485701 75.484 -13.7644
136.467486 75.367 -14.4639
137.456386 75.245 -15.1324
138.452451 75.121 -15.7696
139.455735 74.995 -16.3760
140.466288 74.866 -16.9524
141.484165 74.737 -17.5002
142.509418 74.608 -18.0212
143.542100 74.480 -18.5177
144.582265 74.353 -18.9923
145.629968 74.228 -19.4482
146.685262 74.106 -19.8886
147.748204 73.986 -20.3169
148.818849 73.869 -20.7362
149.897251 73.755 -21.1495
150.983469 73.644 -21.5590
152.077557 73.534 -21.9660
153.179574 73.426 -22.3705
154.289576 73.318 -22.7710
155.407622 73.210 -23.1645
156.533770 73.101 -23.5459
157.668078 72.989 -23.9082
158.810606 72.873 -24.2423
159.961413 72.753 -24.5371
161.120559 72.629 -24.7799
162.288105 72.499 -24.9559
163.464112 72.364 -25.0489
164.648640 72.225 -25.0414
165.841752 72.082 -24.9147
167.043510 71.937 -24.6495
168.253976 71.791 -24.2260
169.473213 71.648 -23.6249
170.701286 71.511 -22.8280
171.938258 71.383 -21.8190
173.184194 71.268 -20.5859
174.439158 71.171 -19.1220
175.703216 71.096 -17.4288
176.976434 71.048 -15.5180
178.258878 71.029 -13.4141
179.550615 71.044 -11.1551
180.851713 71.091 -8.7925
182.162239 71.172 -6.3892
183.482262 71.283 -4.0148
184.811850 71.422 -1.7402
186.151073 71.585 0.3685
187.500000 71.767 2.2552
188.858702 71.963 3.8768
190.227250 72.168 5.2048
191.605715 72.378 6.2244
192.994169 72.588 6.9326
194.392685 72.795 7.3360
195.801334 72.995 7.4480
197.220191 73.186 7.2870
198.649330 73.366 6.8743
200.088825 73.533 6.2328
201.538751 73.684 5.3863
202.999184 73.820 4.3585
204.470200 73.938 3.1728
205.951875 74.039 1.8515
207.444287 74.121 0.4166
208.947514 74.185 -1.1115
210.461634 74.230 -2.7131
211.986726 74.256 -4.3696
213.522869 74.264 -6.0634
215.070144 74.253 -7.7776
216.628631 74.223 -9.4960
218.198411 74.175 -11.2028
219.779567 74.109 -12.8825
221.372180 74.024 -14.5194
222.976334 73.922 -16.0974
224.592112 73.802 -17.6001
226.219600 73.664 -19.0098
227.858880 73.510 -20.3081
229.510039 73.339 -21.4748
231.173164 73.152 -22.4882
232.848340 72.950 -23.3243
234.535655 72.735 -23.9565
236.235197 72.508 -24.3554
237.947054 72.271 -24.4878
239.671317 72.026 -24.3176
241.408074 71.777 -23.8056
243.157416 71.528 -22.9123
244.919435 71.283 -21.6006
246.694223 71.047 -19.8425
248.481871 70.827 -17.6270
250.282473 70.630 -14.9707
252.096123 70.462 -11.9269
253.922915 70.330 -8.5902
255.762945 70.239 -5.0925
257.616309 70.194 -1.5876
259.483103 70.196 1.7709
261.363424 70.244 4.8522
263.257372 70.334 7.5626
265.165043 70.462 9.8499
267.086538 70.620 11.6981
269.021957 70.803 13.1183
270.971401 71.003 14.1383
272.934972 71.214 14.7947
274.912771 71.431 15.1264
276.904902 71.649 15.1720
278.911469 71.863 14.9672
280.932577 72.070 14.5448
282.968330 72.268 13.9346
285.018835 72.453 13.1641
287.084199 72.625 12.2586
289.164530 72.781 11.2428
291.259935 72.921 10.1402
293.370525 73.044 8.9746
295.496408 73.150 7.7696
297.637697 73.240 6.5490
299.794503 73.315 5.3367
301.966937 73.378 4.1560
304.155114 73.429 3.0291
306.359147 73.473 1.9765
308.579152 73.513 1.0155
310.815244 73.552 0.1592
313.067539 73.595 -0.5852
315.336156 73.645 -1.2173
317.621211 73.705 -1.7450
319.922826 73.778 -2.1847
322.241118 73.862 -2.5609
324.576210 73.959 -2.9047
326.928223 74.065 -3.2511
329.297280 74.179 -3.6351
331.683504 74.295 -4.0883
334.087019 74.409 -4.6349
336.507952 74.517 -5.2895
338.946427 74.615 -6.0552
341.402572 74.699 -6.9238
343.876516 74.768 -7.8764
346.368387 74.819 -8.8851
348.878315 74.852 -9.9146
351.406431 74.868 -10.9241
353.952867 74.869 -11.8692
356.517756 74.858 -12.7033
359.101230 74.841 -13.3798
361.703426 74.822 -13.8540
364.324478 74.806 -14.0862
366.964523 74.801 -14.0462
369.623699 74.812 -13.7194
372.302145 74.844 -13.1131
375.000000 74.899 -12.2626
377.717405 74.978 -11.2341
380.454501 75.080 -10.1211
383.211431 75.200 -9.0343
385.988339 75.333 -8.0857
388.785369 75.470 -7.3718
391.602668 75.606 -6.9605
394.440383 75.732 -6.8850
397.298660 75.841 -7.1438
400.177650 75.928 -7.7057
403.077502 75.987 -8.5162
405.998368 76.015 -9.5039
408.940400 76.009 -10.5856
411.903750 75.968 -11.6697
414.888575 75.891 -12.6589
417.895028 75.780 -13.4520
420.923268 75.636 -13.9464
423.973452 75.463 -14.0421
427.045738 75.265 -13.6487
430.140287 75.048 -12.6978
433.257261 74.819 -11.1601
436.396822 74.586 -9.0646
439.559133 74.358 -6.5140
442.744360 74.146 -3.6831
445.952668 73.959 -0.7935
449.184225 73.807 1.9291
452.439199 73.698 4.2998
455.717760 73.634 6.2001
459.020079 73.619 7.5804
462.346327 73.649 8.4452
465.696680 73.719 8.8331
469.071310 73.823 8.7985
472.470394 73.952 8.3995
475.894109 74.099 7.6909
479.342634 74.256 6.7216
482.816148 74.414 5.5345
486.314833 74.569 4.1677
489.838871 74.713 2.6564
493.388445 74.841 1.0347
496.963741 74.951 -0.6631
500.564945 75.037 -2.4013
504.192245 75.099 -4.1430
507.845830 75.135 -5.8499
511.525890 75.143 -7.4836
515.232618 75.126 -9.0071
518.966206 75.084 -10.3867
522.726849 75.021 -11.5944
526.514743 74.940 -12.6100
530.330086 74.847 -13.4235
534.173076 74.748 -14.0363
538.043915 74.650 -14.4613
541.942803 74.559 -14.7221
545.869944 74.484 -14.8513
549.825542 74.429 -14.8878
553.809805 74.398 -14.8739
557.822939 74.392 -14.8519
561.865154 74.411 -14.8617
565.936660 74.453 -14.9386
570.037671 74.512 -15.1115
574.168399 74.584 -15.4028
578.329060 74.663 -15.8280
582.519870 74.742 -16.3966
586.741049 74.817 -17.1127
590.992817 74.884 -17.9757
595.275394 74.938 -18.9812
599.589005 74.978 -20.1214
603.933874 75.001 -21.3859
608.310228 75.006 -22.7627
612.718295 74.994 -24.2384
617.158304 74.964 -25.7986
621.630488 74.917 -27.4277
626.135079 74.852 -29.1076
630.672311 74.769 -30.8174
635.242423 74.668 -32.5317
639.845651 74.549 -34.2201
644.482237 74.410 -35.8464
649.152421 74.251 -37.3688
653.856447 74.071 -38.7395
658.594560 73.869 -39.9061
663.367008 73.645 -40.8129
668.174039 73.399 -41.4037
673.015903 73.133 -41.6251
677.892854 72.850 -41.4315
682.805145 72.552 -40.7917
687.753032 72.244 -39.6953
692.736774 71.931 -38.1593
697.756631 71.619 -36.2317
702.812863 71.315 -33.9900
707.905735 71.026 -31.5337
713.035511 70.760 -28.9711
718.202461 70.522 -26.4054
723.406852 70.319 -23.9227
728.648956 70.155 -21.5849
733.929047 70.033 -19.4283
739.247399 69.954 -17.4649
744.604290 69.918 -15.6866
750.000000 69.923 -14.0707
755.434809 69.969 -12.5860
760.909001 70.051 -11.1994
766.422861 70.167 -9.8837
771.976677 70.313 -8.6238
777.570739 70.485 -7.4214
783.205337 70.678 -6.2958
788.880766 70.885 -5.2811
794.597321 71.101 -4.4193
800.355301 71.319 -3.7518
806.155005 71.532 -3.3102
811.996736 71.736 -3.1105
817.880799 71.924 -3.1503
823.807501 72.093 -3.4095
829.777150 72.242 -3.8540
835.790057 72.368 -4.4404
841.846536 72.473 -5.1217
847.946903 72.556 -5.8525
854.091476 72.619 -6.5935
860.280575 72.666 -7.3141
866.514523 72.699 -7.9947
872.793644 72.720 -8.6256
879.118267 72.733 -9.2064
885.488720 72.741 -9.7426
891.905336 72.746 -10.2440
898.368450 72.751 -10.7223
904.878398 72.759 -11.1904
911.435520 72.770 -11.6618
918.040157 72.787 -12.1506
924.692655 72.811 -12.6708
931.393359 72.840 -13.2344
938.142619 72.874 -13.8506
944.940787 72.912 -14.5234
951.788218 72.950 -15.2515
958.685268 72.988 -16.0275
965.632296 73.023 -16.8401
972.629666 73.056 -17.6751
979.677741 73.084 -18.5184
986.776890 73.109 -19.3580
993.927482 73.131 -20.1861
1001.129891 73.148 -21.0002
1008.384491 73.162 -21.8031
1015.691660 73.170 -22.6023
1023.051781 73.171 -23.4074
1030.465236 73.164 -24.2279
1037.932411 73.147 -25.0697
1045.453698 73.115 -25.9337
1053.029486 73.068 -26.8138
1060.660172 73.003 -27.6977
1068.346153 72.918 -28.5683
1076.087829 72.813 -29.4059
1083.885605 72.687 -30.1912
1091.739887 72.541 -30.9087
1099.651084 72.377 -31.5494
1107.619609 72.198 -32.1125
1115.645878 72.006 -32.6057
1123.730308 71.806 -33.0427
1131.873321 71.602 -33.4399
1140.075341 71.395 -33.8114
1148.336797 71.188 -34.1640
1156.658119 70.982 -34.4933
1165.039741 70.778 -34.7810
1173.482099 70.576 -34.9948
1181.985634 70.377 -35.0897
1190.550789 70.182 -35.0104
1199.178011 69.993 -34.6970
1207.867749 69.814 -34.0911
1216.620457 69.651 -33.1462
1225.436590 69.510 -31.8384
1234.316609 69.399 -30.1794
1243.260976 69.323 -28.2251
1252.270157 69.288 -26.0774
1261.344623 69.295 -23.8732
1270.484846 69.341 -21.7623
1279.691303 69.420 -19.8816
1288.964474 69.524 -18.3327
1298.304842 69.643 -17.1724
1307.712894 69.767 -16.4137
1317.189120 69.888 -16.0346
1326.734016 69.997 -15.9896
1336.348077 70.090 -16.2199
1346.031806 70.162 -16.6610
1355.785708 70.209 -17.2472
1365.610290 70.229 -17.9145
1375.506065 70.221 -18.6016
1385.473549 70.186 -19.2513
1395.513261 70.124 -19.8113
1405.625726 70.039 -20.2365
1415.811469 69.934 -20.4917
1426.071023 69.813 -20.5541
1436.404921 69.682 -20.4163
1446.813703 69.548 -20.0884
1457.297912 69.416 -19.5973
1467.858093 69.292 -18.9842
1478.494798 69.181 -18.2996
1489.208581 69.087 -17.5964
1500.000000 69.010 -16.9236
1510.869618 68.953 -16.3218
1521.818002 68.913 -15.8210
1532.845723 68.890 -15.4410
1543.953355 68.880 -15.1931
1555.141477 68.879 -15.0815
1566.410674 68.886 -15.1050
1577.761531 68.895 -15.2576
1589.194642 68.903 -15.5286
1600.710601 68.906 -15.9027
1612.310010 68.901 -16.3602
1623.993473 68.885 -16.8783
1635.761599 68.857 -17.4320
1647.615002 68.816 -17.9959
1659.554299 68.761 -18.5463
1671.580114 68.696 -19.0624
1683.693072 68.620 -19.5280
1695.893807 68.536 -19.9315
1708.182952 68.447 -20.2661
1720.561150 68.355 -20.5296
1733.029045 68.263 -20.7231
1745.587288 68.171 -20.8508
1758.236533 68.082 -20.9189
1770.977440 67.996 -20.9357
1783.810673 67.913 -20.9106
1796.736900 67.834 -20.8542
1809.756796 67.758 -20.7775
1822.871040 67.684 -20.6905
1836.080315 67.612 -20.6007
1849.385310 67.538 -20.5110
1862.786718 67.462 -20.4181
1876.285239 67.383 -20.3113
1889.881575 67.298 -20.1725
1903.576436 67.207 -19.9770
1917.370535 67.110 -19.6954
1931.264593 67.010 -19.2964
1945.259332 66.909 -18.7492
1959.355483 66.811 -18.0266
1973.553781 66.720 -17.1072
1987.854965 66.644 -15.9782
2002.259781 66.588 -14.6379
2016.768981 66.559 -13.0994
2031.383320 66.561 -11.3929
2046.103561 66.598 -9.5687
2060.930471 66.672 -7.6963
2075.864823 66.781 -5.8598
2090.907395 66.923 -4.1503
2106.058972 67.091 -2.6541
2121.320344 67.279 -1.4432
2136.692305 67.480 -0.5672
2152.175658 67.685 -0.0512
2167.771210 67.889 0.1025
2183.479774 68.083 -0.0897
2199.302169 68.265 -0.5983
2215.239219 68.429 -1.3859
2231.291755 68.573 -2.4111
2247.460615 68.694 -3.6315
2263.746641 68.791 -5.0049
2280.150683 68.861 -6.4903
2296.673595 68.904 -8.0473
2313.316238 68.918 -9.6354
2330.079481 68.904 -11.2137
2346.964198 68.860 -12.7393
2363.971268 68.788 -14.1674
2381.101578 68.687 -15.4507
2398.356022 68.561 -16.5389
2415.735498 68.412 -17.3802
2433.240913 68.244 -17.9215
2450.873180 68.063 -18.1117
2468.633217 67.874 -17.9059
2486.521951 67.687 -17.2725
2504.540314 67.511 -16.2022
2522.689246 67.356 -14.7181
2540.969692 67.233 -12.8840
2559.382606 67.149 -10.8056
2577.928947 67.111 -8.6222
2596.609683 67.121 -6.4879
2615.425787 67.174 -4.5481
2634.378241 67.265 -2.9190
2653.468031 67.385 -1.6756
2672.696154 67.524 -0.8511
2692.063613 67.670 -0.4426
2711.571415 67.815 -0.4206
2731.220579 67.951 -0.7380
2751.012130 68.071 -1.3374
2770.947098 68.171 -2.1554
2791.026522 68.246 -3.1256
2811.251451 68.294 -4.1801
2831.622938 68.314 -5.2493
2852.142045 68.305 -6.2634
2872.809842 68.270 -7.1521
2893.627406 68.211 -7.8466
2914.595823 68.132 -8.2820
2935.716186 68.039 -8.4016
2956.989596 67.939 -8.1629
2978.417161 67.841 -7.5458
3000.000000 67.753 -6.5610
3021.739237 67.683 -5.2568
3043.636005 67.637 -3.7200
3065.691446 67.621 -2.0680
3087.906710 67.635 -0.4329
3110.282955 67.677 1.0604
3132.821347 67.741 2.3129
3155.523062 67.822 3.2629
3178.389283 67.912 3.8875
3201.421202 68.003 4.1982
3224.620020 68.089 4.2313
3247.986946 68.165 4.0396
3271.523198 68.227 3.6849
3295.230004 68.272 3.2326
3319.108599 68.300 2.7477
3343.160228 68.310 2.2926
3367.386145 68.304 1.9241
3391.787613 68.285 1.6917
3416.365904 68.256 1.6340
3441.122300 68.222 1.7755
3466.058091 68.188 2.1226
3491.174576 68.161 2.6607
3516.473066 68.146 3.3533
3541.954880 68.146 4.1451
3567.621345 68.164 4.9680
3593.473800 68.200 5.7511
3619.513592 68.252 6.4305
3645.742080 68.315 6.9583
3672.160630 68.386 7.3073
3698.770620 68.460 7.4715
3725.573436 68.532 7.4640
3752.570477 68.598 7.3119
3779.763150 68.657 7.0518
3807.152872 68.708 6.7240
3834.741071 68.751 6.3684
3862.529185 68.789 6.0202
3890.518664 68.824 5.7072
3918.710966 68.859 5.4475
3947.107561 68.898 5.2480
3975.709929 68.945 5.1042
4004.519563 69.002 5.0015
4033.537962 69.071 4.9167
4062.766641 69.152 4.8215
4092.207123 69.245 4.6862
4121.860942 69.347 4.4830
4151.729646 69.455 4.1889
4181.814790 69.565 3.7880
4212.117944 69.675 3.2723
4242.640687 69.779 2.6419
4273.384610 69.873 1.9047
4304.351317 69.953 1.0761
4335.542421 70.015 0.1782
4366.959549 70.056 -0.7613
4398.604338 70.074 -1.7106
4430.478438 70.068 -2.6355
4462.583511 70.037 -3.5020
4494.921231 69.982 -4.2791
4527.493283 69.905 -4.9410
4560.301365 69.810 -5.4693
4593.347189 69.701 -5.8543
4626.632476 69.581 -6.0953
4660.158962 69.457 -6.1994
4693.928395 69.334 -6.1806
4727.942535 69.215 -6.0572
4762.203156 69.106 -5.8503
4796.712043 69.009 -5.5816
4831.470996 68.928 -5.2710
4866.481826 68.862 -4.9356
4901.746360 68.812 -4.5881
4937.266434 68.778 -4.2361
4973.043902 68.756 -3.8825
5009.080628 68.746 -3.5268
5045.378492 68.744 -3.1661
5081.939384 68.748 -2.7962
5118.765212 68.757 -2.4126
5155.857894 68.767 -2.0104
5193.219366 68.779 -1.5845
5230.851574 68.791 -1.1300
5268.756481 68.806 -0.6435
5306.936062 68.824 -0.1246
5345.392309 68.848 0.4216
5384.127225 68.881 0.9833
5423.142830 68.925 1.5413
5462.441159 68.983 2.0703
5502.024259 69.054 2.5417
5541.894195 69.140 2.9273
5582.053045 69.237 3.2022
5622.502902 69.342 3.3485
5663.245876 69.451 3.3564
5704.284090 69.561 3.2251
5745.619684 69.667 2.9617
5787.254813 69.766 2.5797
5829.191647 69.856 2.0966
5871.432373 69.934 1.5307
5913.979192 69.999 0.8997
5956.834323 70.052 0.2184
6000.000000 70.091 -0.5009
6043.478473 70.117 -1.2486
6087.272010 70.129 -2.0159
6131.382892 70.129 -2.7931
6175.813420 70.115 -3.5687
6220.565910 70.087 -4.3275
6265.642695 70.046 -5.0510
6311.046124 69.993 -5.7170
6356.778566 69.928 -6.3007
6402.842404 69.852 -6.7765
6449.240040 69.769 -7.1199
6495.973891 69.681 -7.3106
6543.046396 69.592 -7.3350
6590.460007 69.505 -7.1888
6638.217197 69.425 -6.8795
6686.320456 69.356 -6.4264
6734.772290 69.302 -5.8603
6783.575226 69.265 -5.2207
6832.731809 69.246 -4.5521
6882.244600 69.245 -3.8983
6932.116181 69.261 -3.2983
6982.349153 69.292 -2.7819
7032.946133 69.335 -2.3674
7083.909760 69.389 -2.0613
7135.242690 69.449 -1.8599
7186.947600 69.513 -1.7511
7239.027185 69.581 -1.7176
7291.484160 69.651 -1.7405
7344.321260 69.722 -1.8019
7397.541239 69.794 -1.8876
7451.146872 69.867 -1.9885
7505.140954 69.938 -2.1010
7559.526299 70.008 -2.2264
7614.305743 70.074 -2.3692
7669.482141 70.135 -2.5350
7725.058371 70.187 -2.7288
7781.037328 70.230 -2.9528
7837.421932 70.260 -3.2063
7894.215122 70.278 -3.4850
7951.419859 70.282 -3.7822
8009.039125 70.273 -4.0899
8067.075924 70.252 -4.4005
8125.533282 70.222 -4.7075
8184.414245 70.183 -5.0068
8243.721885 70.138 -5.2969
8303.459292 70.089 -5.5781
8363.629581 70.038 -5.8524
8424.235888 69.986 -6.1221
8485.281374 69.934 -6.3894
8546.769221 69.884 -6.6552
8608.702634 69.836 -6.9197
8671.084842 69.790 -7.1820
8733.919097 69.748 -7.4406
8797.208675 69.709 -7.6935
8860.956876 69.676 -7.9389
8925.167022 69.647 -8.1750
8989.842461 69.624 -8.4002
9054.986566 69.607 -8.6135
9120.602731 69.596 -8.8141
9186.694378 69.592 -9.0025
9253.264952 69.594 -9.1800
9320.317925 69.604 -9.3490
9387.856790 69.619 -9.5139
9455.885071 69.641 -9.6803
9524.406312 69.667 -9.8559
9593.424086 69.697 -10.0492
9662.941992 69.729 -10.2687
9732.963653 69.761 -10.5220
9803.492719 69.791 -10.8137
9874.532869 69.818 -11.1443
9946.087805 69.840 -11.5105
10018.161257 69.857 -11.9047
10090.756983 69.869 -12.3170
10163.878768 69.877 -12.7368
10237.530423 69.881 -13.1541
10311.715789 69.883 -13.5615
10386.438732 69.884 -13.9547
10461.703149 69.884 -14.3327
10537.512962 69.883 -14.6979
10613.872125 69.882 -15.0547
10690.784618 69.879 -15.4086
10768.254450 69.873 -15.7646
10846.285661 69.865 -16.1267
10924.882318 69.851 -16.4969
11004.048518 69.832 -16.8756
11083.788390 69.806 -17.2619
11164.106090 69.772 -17.6540
11245.005805 69.732 -18.0498
11326.491752 69.684 -18.4469
11408.568180 69.629 -18.8426
11491.239368 69.567 -19.2343
11574.509626 69.499 -19.6189
11658.383294 69.426 -19.9935
11742.864745 69.349 -20.3549
11827.958384 69.270 -20.7000
11913.668646 69.188 -21.0257
12000.000000 69.106 -21.3286
12086.956947 69.022 -21.6055
12174.544019 68.939 -21.8532
12262.765784 68.854 -22.0692
12351.626840 68.770 -22.2517
12441.131819 68.685 -22.4001
12531.285389 68.600 -22.5155
12622.092249 68.516 -22.6006
12713.557132 68.431 -22.6593
12805.684808 68.346 -22.6965
12898.480079 68.262 -22.7170
12991.947783 68.179 -22.7258
13086.092792 68.097 -22.7272
13180.920015 68.017 -22.7247
13276.434395 67.938 -22.7211
13372.640911 67.862 -22.7178
13469.544580 67.789 -22.7148
13567.150452 67.717 -22.7102
13665.463617 67.648 -22.7009
13764.489200 67.581 -22.6826
13864.232362 67.516 -22.6504
13964.698305 67.451 -22.5997
14065.892266 67.388 -22.5264
14167.819519 67.326 -22.4278
14270.485380 67.265 -22.3025
14373.895200 67.206 -22.1503
14478.054370 67.147 -21.9725
14582.968320 67.091 -21.7713
14688.642520 67.036 -21.5500
14795.082478 66.984 -21.3126
14902.293745 66.935 -21.0633
15010.281908 66.888 -20.8063
15119.052599 66.843 -20.5456
15228.611486 66.800 -20.2844
15338.964283 66.759 -20.0252
15450.116741 66.719 -19.7700
15562.074656 66.680 -19.5202
15674.843864 66.640 -19.2774
15788.430244 66.600 -19.0431
15902.839718 66.559 -18.8197
16018.078250 66.518 -18.6100
16134.151848 66.477 -18.4173
16251.066563 66.436 -18.2450
16368.828491 66.395 -18.0962
16487.443769 66.354 -17.9730
16606.918584 66.313 -17.8765
16727.259161 66.271 -17.8060
16848.471777 66.230 -17.7600
16970.562748 66.188 -17.7354
17093.538442 66.146 -17.7288
17217.405268 66.103 -17.7367
17342.169684 66.059 -17.7564
17467.838194 66.015 -17.7865
17594.417350 65.972 -17.8271
17721.913751 65.930 -17.8803
17850.334044 65.891 -17.9499
17979.684923 65.853 -18.0406
18109.973131 65.818 -18.1578
18241.205462 65.786 -18.3068
18373.388756 65.756 -18.4921
18506.529905 65.728 -18.7173
18640.635849 65.702 -18.9847
18775.713581 65.675 -19.2953
18911.770141 65.648 -19.6495
19048.812624 65.620 -20.0467
19186.848172 65.590 -20.4862
19325.883983 65.559 -20.9674
19465.927305 65.525 -21.4905
19606.985439 65.490 -22.0568
19749.065738 65.452 -22.6687
19892.175609 65.413 -23.3296
20036.322514 65.371 -24.0437
20181.513966 65.327 -24.8151
20327.757536 65.280 -25.6472
20475.060846 65.230 -26.5414
20623.431577 65.175 -27.4967
20772.877464 65.115 -28.5086
20923.406297 65.050 -29.5691
21075.025924 64.978 -30.6662
21227.744250 64.901 -31.7846
21381.569235 64.820 -32.9061
21536.508900 64.735 -34.0098
21692.571321 64.650 -35.0735
21849.764635 64.566 -36.0749
22008.097037 64.487 -36.9928
22167.576780 64.416 -37.8091
22328.212180 64.355 -38.5109
22490.011609 64.305 -39.0924
22652.983504 64.267 -39.5565
22817.136361 64.241 -39.9145
22982.478737 64.224 -40.1853
23149.019252 64.215 -40.3916
23316.766588 64.210 -40.5563
23485.729490 64.208 -40.6987
23655.916767 64.208 -40.8317
23827.337292 64.208 -40.9624
24000.000000 64.208 -41.0933
