* Measurement data measured by REW V5.40 beta 73
* Source: Trace Arithmetic result A * B
* Format: Trace Arithmetic result A * B
* Dated: Mar 11, 2025 7:22:31 AM
* REW Settings:
*  C-weighting compensation: Off
*  Target level: 75.0 dB
* Note: ; Trace Arithmetic A times B A = L B = XOfix 
* Measurement: L1
* Smoothing: Psychoacoustic
* Frequency Step: 96 ppo
* Start Frequency: 0.36621094 Hz
*
* Freq(Hz) SPL(dB) Phase(degrees)
0.366211 37.891 -151.3956
0.368865 37.885 -151.5106
0.371538 37.879 -151.6337
0.374230 37.872 -151.7652
0.376942 37.865 -151.9054
0.379673 37.858 -152.0545
0.382424 37.850 -152.2127
0.385196 37.842 -152.3803
0.387987 37.834 -152.5574
0.390798 37.825 -152.7444
0.393630 37.816 -152.9414
0.396483 37.807 -153.1486
0.399356 37.797 -153.3662
0.402250 37.787 -153.5943
0.405165 37.777 -153.8332
0.408101 37.767 -154.0830
0.411058 37.756 -154.3439
0.414037 37.745 -154.6161
0.417037 37.734 -154.8997
0.420059 37.723 -155.1949
0.423103 37.711 -155.5020
0.426169 37.700 -155.8210
0.429257 37.688 -156.1522
0.432368 37.675 -156.4957
0.435501 37.663 -156.8518
0.438656 37.651 -157.2206
0.441835 37.638 -157.6024
0.445037 37.625 -157.9972
0.448262 37.612 -158.4055
0.451510 37.599 -158.8272
0.454782 37.586 -159.2627
0.458077 37.573 -159.7122
0.461397 37.559 -160.1758
0.464740 37.546 -160.6538
0.468108 37.532 -161.1463
0.471500 37.518 -161.6536
0.474917 37.504 -162.1758
0.478358 37.490 -162.7132
0.481825 37.476 -163.2658
0.485316 37.461 -163.8339
0.488833 37.447 -164.4176
0.492375 37.432 -165.0171
0.495943 37.418 -165.6324
0.499537 37.403 -166.2637
0.503157 37.388 -166.9110
0.506803 37.373 -167.5745
0.510475 37.358 -168.2541
0.514175 37.343 -168.9498
0.517900 37.327 -169.6616
0.521653 37.312 -170.3895
0.525434 37.297 -171.1334
0.529241 37.281 -171.8931
0.533076 37.265 -172.6685
0.536939 37.250 -173.4593
0.540830 37.234 -174.2653
0.544749 37.218 -175.0862
0.548696 37.202 -175.9216
0.552673 37.186 -176.7711
0.556677 37.170 -177.6343
0.560711 37.154 -178.5106
0.564774 37.137 -179.3995
0.568867 37.121 179.6997
0.572989 37.105 178.7877
0.577141 37.089 177.8651
0.581324 37.073 176.9328
0.585536 37.056 175.9917
0.589779 37.040 175.0427
0.594053 37.024 174.0867
0.598358 37.009 173.1248
0.602694 36.993 172.1581
0.607061 36.977 171.1876
0.611460 36.962 170.2145
0.615891 36.947 169.2401
0.620354 36.933 168.2656
0.624849 36.918 167.2922
0.629377 36.905 166.3214
0.633938 36.891 165.3545
0.638532 36.879 164.3928
0.643159 36.867 163.4377
0.647819 36.855 162.4906
0.652514 36.845 161.5529
0.657242 36.835 160.6260
0.662005 36.827 159.7114
0.666802 36.820 158.8103
0.671634 36.814 157.9241
0.676501 36.809 157.0542
0.681403 36.806 156.2018
0.686341 36.805 155.3682
0.691314 36.805 154.5545
0.696324 36.807 153.7619
0.701370 36.811 152.9914
0.706452 36.818 152.2438
0.711571 36.827 151.5202
0.716728 36.838 150.8212
0.721921 36.851 150.1475
0.727153 36.867 149.4996
0.732422 36.886 148.8781
0.737729 36.908 148.2830
0.743075 36.933 147.7147
0.748460 36.960 147.1733
0.753883 36.991 146.6587
0.759346 37.025 146.1707
0.764849 37.061 145.7091
0.770391 37.101 145.2736
0.775974 37.145 144.8637
0.781597 37.191 144.4789
0.787261 37.241 144.1186
0.792966 37.294 143.7822
0.798712 37.350 143.4689
0.804500 37.410 143.1779
0.810329 37.473 142.9086
0.816201 37.539 142.6601
0.822116 37.609 142.4315
0.828073 37.681 142.2221
0.834074 37.757 142.0309
0.840118 37.837 141.8570
0.846206 37.919 141.6997
0.852338 38.005 141.5580
0.858514 38.094 141.4312
0.864735 38.187 141.3184
0.871001 38.282 141.2188
0.877313 38.381 141.1315
0.883670 38.483 141.0559
0.890074 38.589 140.9911
0.896524 38.698 140.9366
0.903020 38.810 140.8914
0.909564 38.925 140.8550
0.916155 39.044 140.8267
0.922794 39.166 140.8058
0.929481 39.291 140.7918
0.936216 39.420 140.7841
0.943000 39.552 140.7822
0.949834 39.687 140.7854
0.956717 39.826 140.7934
0.963649 39.968 140.8056
0.970632 40.114 140.8217
0.977666 40.262 140.8411
0.984750 40.414 140.8636
0.991886 40.569 140.8888
0.999074 40.727 140.9163
1.006314 40.888 140.9459
1.013606 41.052 140.9772
1.020951 41.219 141.0101
1.028349 41.389 141.0443
1.035801 41.562 141.0796
1.043307 41.737 141.1159
1.050867 41.914 141.1529
1.058482 42.094 141.1906
1.066152 42.276 141.2288
1.073878 42.460 141.2675
1.081660 42.646 141.3065
1.089498 42.833 141.3458
1.097393 43.022 141.3853
1.105345 43.211 141.4250
1.113355 43.402 141.4648
1.121423 43.594 141.5046
1.129549 43.786 141.5446
1.137734 43.979 141.5845
1.145979 44.171 141.6244
1.154283 44.364 141.6642
1.162647 44.556 141.7040
1.171072 44.748 141.7437
1.179558 44.939 141.7833
1.188106 45.128 141.8226
1.196715 45.317 141.8618
1.205387 45.505 141.9008
1.214122 45.690 141.9395
1.222920 45.874 141.9778
1.231782 46.056 142.0159
1.240708 46.236 142.0536
1.249699 46.413 142.0909
1.258754 46.588 142.1277
1.267876 46.761 142.1641
1.277063 46.930 142.1999
1.286318 47.097 142.2352
1.295639 47.260 142.2700
1.305027 47.420 142.3042
1.314484 47.577 142.3378
1.324009 47.730 142.3707
1.333604 47.880 142.4031
1.343268 48.026 142.4348
1.353002 48.168 142.4658
1.362806 48.307 142.4961
1.372681 48.441 142.5258
1.382628 48.572 142.5548
1.392647 48.698 142.5832
1.402739 48.821 142.6110
1.412904 48.939 142.6381
1.423142 49.054 142.6646
1.433455 49.164 142.6905
1.443843 49.270 142.7159
1.454305 49.372 142.7407
1.464844 49.469 142.7651
1.475459 49.563 142.7890
1.486150 49.653 142.8124
1.496920 49.738 142.8355
1.507767 49.820 142.8582
1.518693 49.898 142.8806
1.529698 49.971 142.9027
1.540783 50.041 142.9246
1.551948 50.107 142.9463
1.563194 50.170 142.9678
1.574521 50.229 142.9893
1.585931 50.284 143.0106
1.597423 50.336 143.0319
1.608999 50.384 143.0532
1.620658 50.429 143.0745
1.632402 50.471 143.0958
1.644232 50.510 143.1171
1.656146 50.546 143.1384
1.668147 50.578 143.1598
1.680235 50.608 143.1811
1.692411 50.635 143.2024
1.704675 50.660 143.2235
1.717028 50.681 143.2445
1.729470 50.700 143.2652
1.742003 50.717 143.2855
1.754626 50.731 143.3053
1.767341 50.743 143.3243
1.780147 50.752 143.3425
1.793047 50.759 143.3594
1.806040 50.764 143.3749
1.819128 50.766 143.3887
1.832310 50.766 143.4004
1.845587 50.763 143.4096
1.858961 50.759 143.4158
1.872432 50.752 143.4186
1.886001 50.743 143.4174
1.899667 50.731 143.4117
1.913433 50.717 143.4008
1.927299 50.700 143.3840
1.941265 50.681 143.3607
1.955332 50.660 143.3300
1.969501 50.636 143.2911
1.983773 50.609 143.2433
1.998148 50.580 143.1857
2.012627 50.548 143.1173
2.027212 50.513 143.0373
2.041902 50.475 142.9447
2.056698 50.435 142.8387
2.071602 50.391 142.7182
2.086614 50.344 142.5825
2.101734 50.295 142.4305
2.116964 50.242 142.2616
2.132304 50.186 142.0748
2.147756 50.127 141.8693
2.163320 50.064 141.6446
2.178996 49.998 141.3999
2.194786 49.928 141.1348
2.210690 49.856 140.8489
2.226710 49.779 140.5417
2.242845 49.699 140.2133
2.259098 49.616 139.8635
2.275468 49.529 139.4924
2.291957 49.438 139.1003
2.308566 49.344 138.6878
2.325295 49.246 138.2554
2.342145 49.144 137.8040
2.359117 49.039 137.3346
2.376212 48.931 136.8485
2.393431 48.820 136.3473
2.410775 48.705 135.8326
2.428244 48.588 135.3064
2.445840 48.468 134.7709
2.463564 48.346 134.2286
2.481416 48.223 133.6820
2.499397 48.098 133.1341
2.517509 47.974 132.5880
2.535752 47.850 132.0469
2.554127 47.727 131.5143
2.572635 47.607 130.9939
2.591277 47.492 130.4893
2.610055 47.382 130.0042
2.628968 47.279 129.5423
2.648019 47.186 129.1074
2.667208 47.104 128.7029
2.686535 47.036 128.3320
2.706003 46.982 127.9975
2.725612 46.946 127.7018
2.745363 46.929 127.4468
2.765257 46.932 127.2335
2.785295 46.956 127.0622
2.805478 47.001 126.9326
2.825808 47.068 126.8434
2.846285 47.155 126.7925
2.866910 47.262 126.7770
2.887685 47.386 126.7935
2.908611 47.526 126.8378
2.929688 47.680 126.9055
2.950917 47.846 126.9918
2.972301 48.021 127.0918
2.993839 48.203 127.2008
3.015534 48.391 127.3142
3.037386 48.581 127.4279
3.059396 48.774 127.5381
3.081565 48.966 127.6414
3.103896 49.157 127.7354
3.126388 49.345 127.8176
3.149043 49.530 127.8867
3.171862 49.710 127.9414
3.194847 49.884 127.9813
3.217998 50.053 128.0062
3.241317 50.216 128.0164
3.264805 50.371 128.0123
3.288463 50.519 127.9948
3.312293 50.659 127.9648
3.336295 50.791 127.9236
3.360471 50.915 127.8722
3.384822 51.030 127.8119
3.409350 51.137 127.7438
3.434056 51.235 127.6690
3.458940 51.324 127.5883
3.484005 51.405 127.5024
3.509252 51.477 127.4118
3.534681 51.540 127.3165
3.560295 51.596 127.2163
3.586094 51.643 127.1107
3.612081 51.682 126.9985
3.638255 51.714 126.8783
3.664620 51.738 126.7481
3.691175 51.755 126.6054
3.717923 51.767 126.4472
3.744864 51.772 126.2698
3.772001 51.772 126.0690
3.799335 51.767 125.8399
3.826866 51.759 125.5769
3.854597 51.748 125.2737
3.882529 51.734 124.9235
3.910664 51.718 124.5182
3.939002 51.702 124.0494
3.967546 51.686 123.5074
3.996296 51.671 122.8815
4.025255 51.658 122.1602
4.054423 51.647 121.3303
4.083804 51.640 120.3777
4.113396 51.636 119.2864
4.143204 51.637 118.0389
4.173227 51.643 116.6157
4.203468 51.654 114.9957
4.233928 51.671 113.1553
4.264609 51.693 111.0698
4.295512 51.720 108.7125
4.326639 51.752 106.0564
4.357992 51.788 103.0754
4.389572 51.829 99.7463
4.421380 51.873 96.0525
4.453419 51.921 91.9875
4.485691 51.970 87.5603
4.518196 52.020 82.8002
4.550936 52.071 77.7598
4.583914 52.122 72.5157
4.617131 52.172 67.1639
4.650589 52.219 61.8117
4.684289 52.264 56.5666
4.718233 52.304 51.5241
4.752424 52.341 46.7609
4.786862 52.372 42.3301
4.821549 52.398 38.2622
4.856488 52.417 34.5685
4.891680 52.429 31.2460
4.927127 52.433 28.2822
4.962831 52.430 25.6589
4.998794 52.418 23.3561
5.035017 52.398 21.3530
5.071503 52.369 19.6302
5.108253 52.331 18.1702
5.145270 52.284 16.9574
5.182555 52.228 15.9784
5.220110 52.164 15.2220
5.257937 52.091 14.6785
5.296038 52.010 14.3396
5.334415 51.921 14.1980
5.373071 51.824 14.2469
5.412006 51.721 14.4796
5.451224 51.611 14.8889
5.490725 51.495 15.4668
5.530514 51.374 16.2037
5.570590 51.247 17.0887
5.610957 51.117 18.1085
5.651616 50.983 19.2477
5.692570 50.846 20.4890
5.733821 50.706 21.8127
5.775370 50.564 23.1979
5.817221 50.420 24.6220
5.859375 50.276 26.0624
5.901834 50.131 27.4960
5.944602 49.986 28.9008
5.987679 49.841 30.2553
6.031068 49.697 31.5393
6.074771 49.555 32.7328
6.118792 49.415 33.8158
6.163131 49.279 34.7650
6.207792 49.146 35.5503
6.252776 49.018 36.1246
6.298086 48.896 36.4026
6.343725 48.782 36.2017
6.389694 48.676 35.0415
6.435996 48.580 31.1404
6.482634 48.495 9.5886
6.529610 48.423 -108.7845
6.576926 48.366 -124.9988
6.624585 48.324 -128.5409
6.672590 48.300 -129.8550
6.720942 48.293 -130.4048
6.769645 48.304 -130.6040
6.818700 48.334 -130.6102
6.868111 48.384 -130.4933
6.917881 48.452 -130.2866
6.968010 48.538 -130.0059
7.018504 48.642 -129.6583
7.069362 48.762 -129.2457
7.120590 48.897 -128.7675
7.172189 49.047 -128.2217
7.224161 49.209 -127.6057
7.276511 49.383 -126.9170
7.329239 49.566 -126.1533
7.382350 49.759 -125.3133
7.435845 49.959 -124.3969
7.489729 50.165 -123.4048
7.544002 50.376 -122.3398
7.598669 50.592 -121.2061
7.653732 50.811 -120.0089
7.709194 51.033 -118.7560
7.765058 51.256 -117.4562
7.821327 51.480 -116.1196
7.878004 51.704 -114.7576
7.935091 51.929 -113.3824
7.992592 52.152 -112.0068
8.050510 52.375 -110.6437
8.108847 52.596 -109.3059
8.167607 52.816 -108.0059
8.226793 53.033 -106.7552
8.286408 53.249 -105.5651
8.346454 53.463 -104.4452
8.406936 53.674 -103.4047
8.467856 53.883 -102.4514
8.529218 54.090 -101.5923
8.591024 54.295 -100.8333
8.653278 54.499 -100.1794
8.715983 54.700 -99.6351
8.779143 54.900 -99.2037
8.842760 55.099 -98.8881
8.906839 55.296 -98.6902
8.971381 55.492 -98.6118
9.036392 55.687 -98.6532
9.101873 55.882 -98.8145
9.167829 56.076 -99.0946
9.234263 56.269 -99.4916
9.301178 56.461 -100.0026
9.368578 56.652 -100.6234
9.436467 56.843 -101.3491
9.504847 57.032 -102.1733
9.573723 57.220 -103.0887
9.643099 57.407 -104.0870
9.712976 57.592 -105.1594
9.783361 57.775 -106.2959
9.854255 57.956 -107.4866
9.925663 58.134 -109.0705
9.997588 58.309 -110.9972
10.070035 58.481 -112.9485
10.143007 58.650 -114.9155
10.216507 58.815 -116.8903
10.290540 58.976 -118.6869
10.365109 59.134 -120.2949
10.440219 59.287 -121.8925
10.515873 59.436 -123.4756
10.592076 59.581 -125.0411
10.668830 59.722 -126.4975
10.746141 59.858 -127.8809
10.824012 59.990 -129.2415
10.902447 60.118 -130.5786
10.981451 60.242 -131.8914
11.061027 60.363 -133.0995
11.141180 60.479 -134.2767
11.221913 60.593 -135.4275
11.303232 60.704 -136.5504
11.385140 60.812 -137.6202
11.467641 60.918 -138.6227
11.550741 61.022 -139.5917
11.634442 61.124 -140.5243
11.718750 61.226 -141.4178
11.803669 61.328 -142.2255
11.889203 61.430 -142.9884
11.975357 61.532 -143.7043
12.062136 61.636 -144.3712
12.149543 61.741 -144.9611
12.237583 61.848 -145.4905
12.326262 61.957 -145.9696
12.415583 62.069 -146.4001
12.505552 62.184 -146.7680
12.596172 62.301 -147.0833
12.687449 62.423 -147.3627
12.779387 62.547 -147.6130
12.871992 62.675 -147.8289
12.965268 62.806 -148.0230
13.059220 62.940 -148.2137
13.153852 63.077 -148.4108
13.249170 63.216 -148.6113
13.345179 63.359 -148.8320
13.441884 63.503 -149.0875
13.539289 63.649 -149.3864
13.637401 63.796 -149.7214
13.736223 63.945 -150.1122
13.835761 64.095 -150.5657
13.936021 64.246 -151.0837
14.037007 64.398 -151.6621
14.138725 64.550 -152.3114
14.241180 64.702 -153.0315
14.344377 64.855 -153.8147
14.448323 65.008 -154.6608
14.553021 65.162 -155.5707
14.658478 65.316 -156.5394
14.764700 65.470 -157.5550
14.871691 65.625 -158.6193
14.979457 65.781 -159.7266
15.088005 65.937 -160.8658
15.197339 66.094 -162.0333
15.307465 66.252 -163.2254
15.418389 66.410 -164.4349
15.530117 66.570 -165.6550
15.642655 66.732 -166.8846
15.756008 66.894 -168.1196
15.870182 67.058 -169.3527
15.985184 67.224 -170.5861
16.101019 67.390 -171.8180
16.217694 67.559 -173.0443
16.335214 67.728 -174.2672
16.453586 67.899 -175.4873
16.572815 68.071 -176.7032
16.692909 68.244 -177.9174
16.813872 68.418 -179.1316
16.935713 68.593 179.6537
17.058436 68.769 178.4360
17.182048 68.945 177.2133
17.306556 69.121 175.9849
17.431967 69.297 174.7482
17.558286 69.472 173.5013
17.685521 69.647 172.2429
17.813677 69.822 170.9716
17.942762 69.995 169.6863
18.072783 70.167 168.3863
18.203746 70.337 167.0710
18.335658 70.506 165.7402
18.468526 70.673 164.3938
18.602356 70.838 163.0319
18.737156 71.000 161.6539
18.872934 71.160 160.2604
19.009695 71.317 158.8524
19.147447 71.471 157.4299
19.286197 71.622 155.9938
19.425953 71.770 154.5446
19.566721 71.914 153.0815
19.708510 72.053 151.6064
19.851326 72.189 150.1186
19.995177 72.321 148.6182
20.140070 72.448 147.1064
20.286013 72.570 145.5815
20.433014 72.687 144.0450
20.581080 72.799 142.4959
20.730219 72.906 140.9340
20.880439 73.007 139.3602
21.031747 73.103 137.7717
21.184152 73.192 136.1716
21.337661 73.276 134.5587
21.492282 73.354 132.9337
21.648024 73.425 131.2975
21.804895 73.490 129.6495
21.962902 73.549 127.9926
22.122054 73.601 126.3257
22.282360 73.647 124.6522
22.443827 73.686 122.9717
22.606464 73.719 121.2868
22.770280 73.745 119.5995
22.935283 73.765 117.9111
23.101481 73.778 116.2247
23.268884 73.785 114.5402
23.437500 73.786 112.8625
23.607338 73.780 111.1906
23.778406 73.768 109.5301
23.950714 73.749 107.8808
24.124271 73.725 106.2474
24.299086 73.694 104.6306
24.475167 73.657 103.0346
24.652524 73.615 101.4609
24.831166 73.566 99.9135
25.011103 73.512 98.3944
25.192344 73.452 96.9075
25.374898 73.386 95.4551
25.558775 73.316 94.0409
25.743984 73.240 92.6674
25.930536 73.160 91.3383
26.118439 73.075 90.0557
26.307704 72.987 88.8232
26.498341 72.895 87.6418
26.690359 72.800 86.5153
26.883768 72.703 85.4434
27.078579 72.604 84.4295
27.274801 72.504 83.4721
27.472446 72.404 82.5732
27.671522 72.304 81.7291
27.872042 72.206 80.9407
28.074014 72.110 80.2032
28.277450 72.017 79.5151
28.482360 71.928 78.8713
28.688755 71.845 78.2661
28.896645 71.767 77.6945
29.106042 71.695 77.1489
29.316957 71.630 76.6244
29.529400 71.572 76.1120
29.743382 71.522 75.6061
29.958915 71.480 75.0992
30.176009 71.445 74.5853
30.394677 71.417 74.0594
30.614929 71.396 73.5144
30.836778 71.381 72.9482
31.060234 71.371 72.3567
31.285309 71.366 71.7372
31.512015 71.365 71.0896
31.740364 71.367 70.4123
31.970368 71.370 69.7066
32.202039 71.374 68.9738
32.435388 71.378 68.2153
32.670428 71.382 67.4351
32.907171 71.384 66.6359
33.145630 71.384 65.8214
33.385817 71.381 64.9968
33.627745 71.376 64.1660
33.871425 71.367 63.3347
34.116871 71.354 62.5084
34.364096 71.339 61.6922
34.613113 71.319 60.8911
34.863934 71.297 60.1099
35.116572 71.273 59.3517
35.371041 71.246 58.6349
35.627354 71.219 57.9631
35.885525 71.192 57.3419
36.145566 71.166 56.7717
36.407492 71.143 56.2551
36.671316 71.124 55.7953
36.937051 71.112 55.3943
37.204712 71.107 55.0522
37.474313 71.112 54.7701
37.745867 71.128 54.5471
38.019389 71.157 54.3797
38.294893 71.200 54.2643
38.572394 71.259 54.1966
38.851905 71.335 54.1697
39.133442 71.426 54.1736
39.417019 71.535 54.1992
39.702651 71.659 54.2371
39.990353 71.798 54.2755
40.280140 71.952 54.3023
40.572026 72.118 54.3032
40.866028 72.294 54.2681
41.162160 72.480 54.1857
41.460438 72.673 54.0455
41.760877 72.871 53.8375
42.063494 73.074 53.5536
42.368303 73.278 53.1875
42.675322 73.484 52.7333
42.984565 73.689 52.1865
43.296048 73.892 51.5438
43.609789 74.092 50.8030
43.925804 74.287 49.9633
44.244108 74.479 49.0239
44.564719 74.664 47.9847
44.887654 74.843 46.8471
45.212928 75.014 45.6123
45.540560 75.178 44.2821
45.870565 75.334 42.8586
46.202962 75.480 41.3447
46.537768 75.618 39.7432
46.875000 75.745 38.0571
47.214676 75.863 36.2891
47.556813 75.970 34.4426
47.901429 76.066 32.5204
48.248542 76.152 30.5267
48.598171 76.226 28.4645
48.950334 76.288 26.3369
49.305048 76.339 24.1478
49.662333 76.378 21.9008
50.022206 76.406 19.5994
50.384688 76.421 17.2468
50.749796 76.424 14.8470
51.117550 76.416 12.4037
51.487969 76.396 9.9205
51.861072 76.364 7.4006
52.236879 76.321 4.8472
52.615409 76.267 2.2631
52.996681 76.202 -0.3494
53.380717 76.126 -2.9875
53.767536 76.041 -5.6501
54.157158 75.945 -8.3361
54.549603 75.841 -11.0441
54.944892 75.729 -13.7745
55.343045 75.608 -16.5284
55.744084 75.480 -19.3077
56.148028 75.345 -22.1155
56.554900 75.204 -24.9560
56.964720 75.058 -27.8354
57.377510 74.908 -30.7626
57.793291 74.754 -33.7504
58.212085 74.596 -36.8165
58.633914 74.437 -39.9840
59.058799 74.277 -43.2872
59.486764 74.116 -46.7755
59.917829 73.956 -50.5221
60.352019 73.798 -54.6390
60.789354 73.643 -59.3030
61.229859 73.493 -64.8085
61.673556 73.348 -71.6740
62.120468 73.210 -80.8533
62.570618 73.081 -94.1267
63.024031 72.962 -114.2871
63.480729 72.854 -142.1511
63.940736 72.761 -169.9609
64.404077 72.683 170.0649
64.870776 72.621 157.1267
65.340856 72.578 148.4288
65.814343 72.553 142.1862
66.291261 72.549 137.4409
66.771635 72.566 133.6719
67.255489 72.602 130.5789
67.742850 72.659 127.9783
68.233743 72.735 125.7527
68.728193 72.829 123.8198
69.226226 72.938 122.1208
69.727867 73.062 120.6089
70.233144 73.198 119.2471
70.742083 73.344 118.0033
71.254709 73.497 116.8494
71.771050 73.657 115.7610
72.291132 73.820 114.7144
72.814984 73.985 113.6904
73.342631 74.150 112.6699
73.874102 74.314 111.6375
74.409424 74.475 110.5793
74.948626 74.632 109.4846
75.491734 74.784 108.3450
76.038779 74.929 107.1534
76.589787 75.068 105.9065
77.144788 75.200 104.6018
77.703811 75.323 103.2404
78.266885 75.438 101.8235
78.834039 75.543 100.3549
79.405303 75.640 98.8389
79.980706 75.727 97.2810
80.560280 75.805 95.6875
81.144053 75.873 94.0657
81.732056 75.932 92.4226
82.324320 75.982 90.7657
82.920876 76.024 89.1027
83.521755 76.057 87.4406
84.126988 76.082 85.7869
84.736607 76.100 84.1484
85.350643 76.112 82.5310
85.969129 76.117 80.9407
86.592097 76.118 79.3828
87.219579 76.114 77.8613
87.851608 76.107 76.3794
88.488217 76.097 74.9401
89.129439 76.086 73.5446
89.775308 76.074 72.1938
90.425856 76.062 70.8879
91.081119 76.052 69.6250
91.741131 76.043 68.4027
92.405925 76.037 67.2178
93.075536 76.034 66.0664
93.750000 76.035 64.9437
94.429351 76.039 63.8441
95.113625 76.048 62.7625
95.802858 76.060 61.6931
96.497085 76.075 60.6312
97.196342 76.094 59.5721
97.900667 76.115 58.5110
98.610096 76.139 57.4445
99.324665 76.164 56.3698
100.044413 76.190 55.2852
100.769376 76.216 54.1895
101.499592 76.241 53.0775
102.235100 76.266 51.9497
102.975938 76.290 50.8073
103.722144 76.312 49.6514
104.473757 76.332 48.4841
105.230817 76.350 47.3076
105.993363 76.365 46.1238
106.761435 76.379 44.9354
107.535072 76.390 43.7444
108.314315 76.400 42.5525
109.099206 76.408 41.3621
109.889783 76.414 40.1746
110.686090 76.420 38.9910
111.488167 76.425 37.8119
112.296056 76.430 36.6373
113.109800 76.435 35.4668
113.929440 76.439 34.2992
114.755020 76.444 33.1332
115.586582 76.448 31.9673
116.424170 76.452 30.7997
117.267827 76.455 29.6283
118.117598 76.457 28.4512
118.973527 76.457 27.2670
119.835658 76.455 26.0752
120.704037 76.449 24.8749
121.578708 76.440 23.6663
122.459718 76.425 22.4500
123.347111 76.405 21.2271
124.240935 76.379 19.9999
125.141236 76.346 18.7706
126.048061 76.306 17.5422
126.961458 76.257 16.3179
127.881473 76.201 15.1010
128.808154 76.138 13.8950
129.741551 76.066 12.7035
130.681712 75.986 11.5291
131.628686 75.899 10.3748
132.582521 75.804 9.2433
133.543269 75.703 8.1370
134.510979 75.596 7.0571
135.485701 75.484 6.0046
136.467486 75.367 4.9802
137.456386 75.245 3.9839
138.452451 75.121 3.0153
139.455735 74.995 2.0735
140.466288 74.866 1.1575
141.484165 74.737 0.2657
142.509418 74.608 -0.6034
143.542100 74.480 -1.4523
144.582265 74.353 -2.2838
145.629968 74.228 -3.1012
146.685262 74.106 -3.9075
147.748204 73.986 -4.7058
148.818849 73.869 -5.4993
149.897251 73.755 -6.2903
150.983469 73.644 -7.0809
152.077557 73.534 -7.8726
153.179574 73.426 -8.6647
154.289576 73.318 -9.4564
155.407622 73.210 -10.2451
156.533770 73.101 -11.0267
157.668078 72.989 -11.7947
158.810606 72.873 -12.5408
159.961413 72.753 -13.2550
161.120559 72.629 -13.9264
162.288105 72.499 -14.5413
163.464112 72.364 -15.0845
164.648640 72.225 -15.5394
165.841752 72.082 -15.8882
167.043510 71.937 -16.1113
168.253976 71.791 -16.1881
169.473213 71.648 -16.0975
170.701286 71.511 -15.8191
171.938258 71.383 -15.3328
173.184194 71.268 -14.6206
174.439158 71.171 -13.6709
175.703216 71.096 -12.4784
176.976434 71.048 -11.0471
178.258878 71.029 -9.3956
179.550615 71.044 -7.5586
180.851713 71.091 -5.5878
182.162239 71.172 -3.5508
183.482262 71.283 -1.5256
184.811850 71.422 0.4054
186.151073 71.585 2.1633
187.500000 71.767 3.6799
188.858702 71.963 4.9026
190.227250 72.168 5.7961
191.605715 72.378 6.3422
192.994169 72.588 6.5372
194.392685 72.795 6.3885
195.801334 72.995 5.9109
197.220191 73.186 5.1245
198.649330 73.366 4.0527
200.088825 73.533 2.7201
201.538751 73.684 1.1511
202.999184 73.820 -0.6304
204.470200 73.938 -2.6023
205.951875 74.039 -4.7430
207.444287 74.121 -7.0334
208.947514 74.185 -9.4559
210.461634 74.230 -11.9946
211.986726 74.256 -14.6344
213.522869 74.264 -17.3629
215.070144 74.253 -20.1686
216.628631 74.223 -23.0411
218.198411 74.175 -25.9714
219.779567 74.109 -28.9513
221.372180 74.024 -31.9740
222.976334 73.922 -35.0341
224.592112 73.802 -38.1271
226.219600 73.664 -41.2495
227.858880 73.510 -44.3993
229.510039 73.339 -47.5757
231.173164 73.152 -50.7803
232.848340 72.950 -54.0162
234.535655 72.735 -57.2899
236.235197 72.508 -60.6112
237.947054 72.271 -63.9932
239.671317 72.026 -67.4543
241.408074 71.777 -71.0209
243.157416 71.528 -74.7289
244.919435 71.283 -78.6310
246.694223 71.047 -82.8032
248.481871 70.827 -87.3627
250.282473 70.630 -92.4954
252.096123 70.462 -98.5168
253.922915 70.330 -106.0004
255.762945 70.239 -116.0714
257.616309 70.194 -131.0669
259.483103 70.196 -155.2356
261.363424 70.244 170.3259
263.257372 70.334 138.8843
265.165043 70.462 118.4946
267.086538 70.620 105.3921
269.021957 70.803 96.0248
270.971401 71.003 88.6259
272.934972 71.214 82.3402
274.912771 71.431 76.7253
276.904902 71.649 71.5376
278.911469 71.863 66.6335
280.932577 72.070 61.9269
282.968330 72.268 57.3649
285.018835 72.453 52.9165
287.084199 72.625 48.5652
289.164530 72.781 44.3058
291.259935 72.921 40.1438
293.370525 73.044 36.0929
295.496408 73.150 32.1780
297.637697 73.240 28.4358
299.794503 73.315 24.9183
301.966937 73.378 21.6968
304.155114 73.429 18.8698
306.359147 73.473 16.5732
308.579152 73.513 14.9965
310.815244 73.552 14.4000
313.067539 73.595 15.1364
315.336156 73.645 17.6427
317.621211 73.705 22.3499
319.922826 73.778 29.3920
322.241118 73.862 38.1417
324.576210 73.959 47.0906
326.928223 74.065 54.6252
329.297280 74.179 59.9313
331.683504 74.295 63.0334
334.087019 74.409 64.3391
336.507952 74.517 64.3025
338.946427 74.615 63.3026
341.402572 74.699 61.6285
343.876516 74.768 59.4954
346.368387 74.819 57.0653
348.878315 74.852 54.4620
351.406431 74.868 51.7834
353.952867 74.869 49.1086
356.517756 74.858 46.5018
359.101230 74.841 44.0153
361.703426 74.822 41.6912
364.324478 74.806 39.5613
366.964523 74.801 37.6455
369.623699 74.812 35.9503
372.302145 74.844 34.4656
375.000000 74.899 33.1647
377.717405 74.978 32.0033
380.454501 75.080 30.9235
383.211431 75.200 29.8593
385.988339 75.333 28.7439
388.785369 75.470 27.5188
391.602668 75.606 26.1411
394.440383 75.732 24.5874
397.298660 75.841 22.8557
400.177650 75.928 20.9662
403.077502 75.987 18.9563
405.998368 76.015 16.8777
408.940400 76.009 14.7925
411.903750 75.968 12.7709
414.888575 75.891 10.8885
417.895028 75.780 9.2250
420.923268 75.636 7.8585
423.973452 75.463 6.8624
427.045738 75.265 6.2986
430.140287 75.048 6.2074
433.257261 74.819 6.5961
436.396822 74.586 7.4260
439.559133 74.358 8.6074
442.744360 74.146 10.0050
445.952668 73.959 11.4539
449.184225 73.807 12.7888
452.439199 73.698 13.8707
455.717760 73.634 14.6044
459.020079 73.619 14.9415
462.346327 73.649 14.8738
465.696680 73.719 14.4196
469.071310 73.823 13.6132
472.470394 73.952 12.4950
475.894109 74.099 11.1068
479.342634 74.256 9.4871
482.816148 74.414 7.6705
486.314833 74.569 5.6897
489.838871 74.713 3.5753
493.388445 74.841 1.3582
496.963741 74.951 -0.9313
500.564945 75.037 -3.2606
504.192245 75.099 -5.5964
507.845830 75.135 -7.9049
511.525890 75.143 -10.1521
515.232618 75.126 -12.3060
518.966206 75.084 -14.3380
522.726849 75.021 -16.2252
526.514743 74.940 -17.9529
530.330086 74.847 -19.5146
534.173076 74.748 -20.9144
538.043915 74.650 -22.1666
541.942803 74.559 -23.2944
545.869944 74.484 -24.3274
549.825542 74.429 -25.3004
553.809805 74.398 -26.2507
557.822939 74.392 -27.2157
561.865154 74.411 -28.2303
565.936660 74.453 -29.3260
570.037671 74.512 -30.5292
574.168399 74.584 -31.8605
578.329060 74.663 -33.3356
582.519870 74.742 -34.9657
586.741049 74.817 -36.7578
590.992817 74.884 -38.7153
595.275394 74.938 -40.8380
599.589005 74.978 -43.1233
603.933874 75.001 -45.5668
608.310228 75.006 -48.1630
612.718295 74.994 -50.9056
617.158304 74.964 -53.7877
621.630488 74.917 -56.8020
626.135079 74.852 -59.9410
630.672311 74.769 -63.1954
635.242423 74.668 -66.5551
639.845651 74.549 -70.0072
644.482237 74.410 -73.5385
649.152421 74.251 -77.1332
653.856447 74.071 -80.7776
658.594560 73.869 -84.4591
663.367008 73.645 -88.1686
668.174039 73.399 -91.9011
673.015903 73.133 -95.6602
677.892854 72.850 -99.4574
682.805145 72.552 -103.3174
687.753032 72.244 -107.2832
692.736774 71.931 -111.4265
697.756631 71.619 -115.8641
702.812863 71.315 -120.7925
707.905735 71.026 -126.5646
713.035511 70.760 -133.8806
718.202461 70.522 -144.3027
723.406852 70.319 -161.7073
728.648956 70.155 165.9562
733.929047 70.033 123.6860
739.247399 69.954 96.3049
744.604290 69.918 81.8751
750.000000 69.923 73.2997
755.434809 69.969 67.5237
760.909001 70.051 63.2754
766.422861 70.167 59.9456
771.976677 70.313 57.1946
777.570739 70.485 54.8059
783.205337 70.678 52.6273
788.880766 70.885 50.5470
794.597321 71.101 48.4840
800.355301 71.319 46.3823
806.155005 71.532 44.2075
811.996736 71.736 41.9452
817.880799 71.924 39.5958
823.807501 72.093 37.1732
829.777150 72.242 34.7001
835.790057 72.368 32.2050
841.846536 72.473 29.7184
847.946903 72.556 27.2701
854.091476 72.619 24.8853
860.280575 72.666 22.5825
866.514523 72.699 20.3737
872.793644 72.720 18.2635
879.118267 72.733 16.2515
885.488720 72.741 14.3308
891.905336 72.746 12.4941
898.368450 72.751 10.7313
904.878398 72.759 9.0314
911.435520 72.770 7.3815
918.040157 72.787 5.7688
924.692655 72.811 4.1799
931.393359 72.840 2.6030
938.142619 72.874 1.0284
944.940787 72.912 -0.5494
951.788218 72.950 -2.1312
958.685268 72.988 -3.7128
965.632296 73.023 -5.2860
972.629666 73.056 -6.8418
979.677741 73.084 -8.3708
986.776890 73.109 -9.8661
993.927482 73.131 -11.3251
1001.129891 73.148 -12.7513
1008.384491 73.162 -14.1544
1015.691660 73.170 -15.5497
1023.051781 73.171 -16.9537
1030.465236 73.164 -18.3842
1037.932411 73.147 -19.8556
1045.453698 73.115 -21.3763
1053.029486 73.068 -22.9480
1060.660172 73.003 -24.5657
1068.346153 72.918 -26.2194
1076.087829 72.813 -27.8964
1083.885605 72.687 -29.5836
1091.739887 72.541 -31.2698
1099.651084 72.377 -32.9493
1107.619609 72.198 -34.6228
1115.645878 72.006 -36.2954
1123.730308 71.806 -37.9761
1131.873321 71.602 -39.6750
1140.075341 71.395 -41.3981
1148.336797 71.188 -43.1432
1156.658119 70.982 -44.8938
1165.039741 70.778 -46.6156
1173.482099 70.576 -48.2529
1181.985634 70.377 -49.7190
1190.550789 70.182 -50.8884
1199.178011 69.993 -51.5812
1207.867749 69.814 -51.5388
1216.620457 69.651 -50.3883
1225.436590 69.510 -47.6027
1234.316609 69.399 -42.5026
1243.260976 69.323 -34.4504
1252.270157 69.288 -23.5031
1261.344623 69.295 -11.2435
1270.484846 69.341 -0.2416
1279.691303 69.420 7.8651
1288.964474 69.524 12.9790
1298.304842 69.643 15.7271
1307.712894 69.767 16.7921
1317.189120 69.888 16.7063
1326.734016 69.997 15.8494
1336.348077 70.090 14.4873
1346.031806 70.162 12.8102
1355.785708 70.209 10.9584
1365.610290 70.229 9.0402
1375.506065 70.221 7.1429
1385.473549 70.186 5.3405
1395.513261 70.124 3.6947
1405.625726 70.039 2.2582
1415.811469 69.934 1.0725
1426.071023 69.813 0.1675
1436.404921 69.682 -0.4426
1446.813703 69.548 -0.7634
1457.297912 69.416 -0.8207
1467.858093 69.292 -0.6591
1478.494798 69.181 -0.3380
1489.208581 69.087 0.0740
1500.000000 69.010 0.5089
1510.869618 68.953 0.9065
1521.818002 68.913 1.2185
1532.845723 68.890 1.4114
1543.953355 68.880 1.4651
1555.141477 68.879 1.3713
1566.410674 68.886 1.1321
1577.761531 68.895 0.7582
1589.194642 68.903 0.2684
1600.710601 68.906 -0.3119
1612.310010 68.901 -0.9531
1623.993473 68.885 -1.6213
1635.761599 68.857 -2.2830
1647.615002 68.816 -2.9062
1659.554299 68.761 -3.4648
1671.580114 68.696 -3.9404
1683.693072 68.620 -4.3235
1695.893807 68.536 -4.6152
1708.182952 68.447 -4.8247
1720.561150 68.355 -4.9678
1733.029045 68.263 -5.0630
1745.587288 68.171 -5.1294
1758.236533 68.082 -5.1842
1770.977440 67.996 -5.2416
1783.810673 67.913 -5.3123
1796.736900 67.834 -5.4034
1809.756796 67.758 -5.5195
1822.871040 67.684 -5.6626
1836.080315 67.612 -5.8312
1849.385310 67.538 -6.0194
1862.786718 67.462 -6.2157
1876.285239 67.383 -6.4032
1889.881575 67.298 -6.5580
1903.576436 67.207 -6.6508
1917.370535 67.110 -6.6492
1931.264593 67.010 -6.5190
1945.259332 66.909 -6.2262
1959.355483 66.811 -5.7400
1973.553781 66.720 -5.0349
1987.854965 66.644 -4.0940
2002.259781 66.588 -2.9111
2016.768981 66.559 -1.4957
2031.383320 66.561 0.1233
2046.103561 66.598 1.8933
2060.930471 66.672 3.7382
2075.864823 66.781 5.5641
2090.907395 66.923 7.2682
2106.058972 67.091 8.7529
2121.320344 67.279 9.9373
2136.692305 67.480 10.7670
2152.175658 67.685 11.2152
2167.771210 67.889 11.2817
2183.479774 68.083 10.9861
2199.302169 68.265 10.3613
2215.239219 68.429 9.4486
2231.291755 68.573 8.2922
2247.460615 68.694 6.9377
2263.746641 68.791 5.4292
2280.150683 68.861 3.8091
2296.673595 68.904 2.1189
2313.316238 68.918 0.4010
2330.079481 68.904 -1.3026
2346.964198 68.860 -2.9484
2363.971268 68.788 -4.4901
2381.101578 68.687 -5.8784
2398.356022 68.561 -7.0612
2415.735498 68.412 -7.9833
2433.240913 68.244 -8.5892
2450.873180 68.063 -8.8256
2468.633217 67.874 -8.6450
2486.521951 67.687 -8.0160
2504.540314 67.511 -6.9315
2522.689246 67.356 -5.4210
2540.969692 67.233 -3.5585
2559.382606 67.149 -1.4617
2577.928947 67.111 0.7180
2596.609683 67.121 2.8180
2615.425787 67.174 4.6903
2634.378241 67.265 6.2207
2653.468031 67.385 7.3405
2672.696154 67.524 8.0244
2692.063613 67.670 8.2825
2711.571415 67.815 8.1505
2731.220579 67.951 7.6793
2751.012130 68.071 6.9292
2770.947098 68.171 5.9652
2791.026522 68.246 4.8556
2811.251451 68.294 3.6691
2831.622938 68.314 2.4758
2852.142045 68.305 1.3470
2872.809842 68.270 0.3541
2893.627406 68.211 -0.4330
2914.595823 68.132 -0.9484
2935.716186 68.039 -1.1359
2956.989596 67.939 -0.9543
2978.417161 67.841 -0.3862
3000.000000 67.753 0.5520
3021.739237 67.683 1.8048
3043.636005 67.637 3.2767
3065.691446 67.621 4.8430
3087.906710 67.635 6.3671
3110.282955 67.677 7.7230
3132.821347 67.741 8.8147
3155.523062 67.822 9.5854
3178.389283 67.912 10.0183
3201.421202 68.003 10.1307
3224.620020 68.089 9.9637
3247.986946 68.165 9.5736
3271.523198 68.227 9.0260
3295.230004 68.272 8.3899
3319.108599 68.300 7.7333
3343.160228 68.310 7.1229
3367.386145 68.304 6.6211
3391.787613 68.285 6.2832
3416.365904 68.256 6.1534
3441.122300 68.222 6.2634
3466.058091 68.188 6.6232
3491.174576 68.161 7.2183
3516.473066 68.146 8.0074
3541.954880 68.146 8.9253
3567.621345 68.164 9.8877
3593.473800 68.200 10.8058
3619.513592 68.252 11.5986
3645.742080 68.315 12.2052
3672.160630 68.386 12.5908
3698.770620 68.460 12.7474
3725.573436 68.532 12.6902
3752.570477 68.598 12.4513
3779.763150 68.657 12.0730
3807.152872 68.708 11.6024
3834.741071 68.751 11.0856
3862.529185 68.789 10.5621
3890.518664 68.824 10.0645
3918.710966 68.859 9.6141
3947.107561 68.898 9.2211
3975.709929 68.945 8.8832
4004.519563 69.002 8.5862
4033.537962 69.071 8.3071
4062.766641 69.152 8.0181
4092.207123 69.245 7.6884
4121.860942 69.347 7.2892
4151.729646 69.455 6.7964
4181.814790 69.565 6.1931
4212.117944 69.675 5.4707
4242.640687 69.779 4.6292
4273.384610 69.873 3.6766
4304.351317 69.953 2.6279
4335.542421 70.015 1.5046
4366.959549 70.056 0.3333
4398.604338 70.074 -0.8553
4430.478438 70.068 -2.0284
4462.583511 70.037 -3.1537
4494.921231 69.982 -4.2019
4527.493283 69.905 -5.1488
4560.301365 69.810 -5.9769
4593.347189 69.701 -6.6761
4626.632476 69.581 -7.2434
4660.158962 69.457 -7.6818
4693.928395 69.334 -7.9994
4727.942535 69.215 -8.2061
4762.203156 69.106 -8.3110
4796.712043 69.009 -8.3231
4831.470996 68.928 -8.2479
4866.481826 68.862 -8.0870
4901.746360 68.812 -7.8383
4937.266434 68.778 -7.4966
4973.043902 68.756 -7.0557
5009.080628 68.746 -6.5109
5045.378492 68.744 -5.8625
5081.939384 68.748 -5.1187
5118.765212 68.757 -4.2939
5155.857894 68.767 -3.4091
5193.219366 68.779 -2.4868
5230.851574 68.791 -1.5505
5268.756481 68.806 -0.6205
5306.936062 68.824 0.2876
5345.392309 68.848 1.1599
5384.127225 68.881 1.9840
5423.142830 68.925 2.7458
5462.441159 68.983 3.4297
5502.024259 69.054 4.0175
5541.894195 69.140 4.4904
5582.053045 69.237 4.8298
5622.502902 69.342 5.0217
5663.245876 69.451 5.0574
5704.284090 69.561 4.9349
5745.619684 69.667 4.6595
5787.254813 69.766 4.2434
5829.191647 69.856 3.7034
5871.432373 69.934 3.0585
5913.979192 69.999 2.3285
5956.834323 70.052 1.5315
6000.000000 70.091 0.6825
6043.478473 70.117 -0.2051
6087.272010 70.129 -1.1187
6131.382892 70.129 -2.0448
6175.813420 70.115 -2.9689
6220.565910 70.087 -3.8737
6265.642695 70.046 -4.7386
6311.046124 69.993 -5.5406
6356.778566 69.928 -6.2539
6402.842404 69.852 -6.8531
6449.240040 69.769 -7.3140
6495.973891 69.681 -7.6163
6543.046396 69.592 -7.7468
6590.460007 69.505 -7.7012
6638.217197 69.425 -7.4868
6686.320456 69.356 -7.1222
6734.772290 69.302 -6.6372
6783.575226 69.265 -6.0687
6832.731809 69.246 -5.4587
6882.244600 69.245 -4.8496
6932.116181 69.261 -4.2798
6982.349153 69.292 -3.7800
7032.946133 69.335 -3.3711
7083.909760 69.389 -3.0625
7135.242690 69.449 -2.8561
7186.947600 69.513 -2.7445
7239.027185 69.581 -2.7151
7291.484160 69.651 -2.7518
7344.321260 69.722 -2.8392
7397.541239 69.794 -2.9636
7451.146872 69.867 -3.1155
7505.140954 69.938 -3.2902
7559.526299 70.008 -3.4865
7614.305743 70.074 -3.7067
7669.482141 70.135 -3.9540
7725.058371 70.187 -4.2312
7781.037328 70.230 -4.5396
7837.421932 70.260 -4.8767
7894.215122 70.278 -5.2375
7951.419859 70.282 -5.6154
8009.039125 70.273 -6.0029
8067.075924 70.252 -6.3928
8125.533282 70.222 -6.7789
8184.414245 70.183 -7.1582
8243.721885 70.138 -7.5291
8303.459292 70.089 -7.8914
8363.629581 70.038 -8.2460
8424.235888 69.986 -8.5942
8485.281374 69.934 -8.9354
8546.769221 69.884 -9.2684
8608.702634 69.836 -9.5918
8671.084842 69.790 -9.9033
8733.919097 69.748 -10.2004
8797.208675 69.709 -10.4816
8860.956876 69.676 -10.7449
8925.167022 69.647 -10.9907
8989.842461 69.624 -11.2194
9054.986566 69.607 -11.4330
9120.602731 69.596 -11.6340
9186.694378 69.592 -11.8262
9253.264952 69.594 -12.0138
9320.317925 69.604 -12.2021
9387.856790 69.619 -12.3973
9455.885071 69.641 -12.6064
9524.406312 69.667 -12.8370
9593.424086 69.697 -13.0973
9662.941992 69.729 -13.3944
9732.963653 69.761 -13.7340
9803.492719 69.791 -14.1187
9874.532869 69.818 -14.5464
9946.087805 69.840 -15.0114
10018.161257 69.857 -15.5037
10090.756983 69.869 -16.0105
10163.878768 69.877 -16.5183
10237.530423 69.881 -17.0149
10311.715789 69.883 -17.4893
10386.438732 69.884 -17.9342
10461.703149 69.884 -18.3457
10537.512962 69.883 -18.7234
10613.872125 69.882 -19.0701
10690.784618 69.879 -19.3898
10768.254450 69.873 -19.6876
10846.285661 69.865 -19.9684
10924.882318 69.851 -20.2367
11004.048518 69.832 -20.4972
11083.788390 69.806 -20.7543
11164.106090 69.772 -21.0117
11245.005805 69.732 -21.2747
11326.491752 69.684 -21.5475
11408.568180 69.629 -21.8341
11491.239368 69.567 -22.1366
11574.509626 69.499 -22.4554
11658.383294 69.426 -22.7893
11742.864745 69.349 -23.1344
11827.958384 69.270 -23.4862
11913.668646 69.188 -23.8389
12000.000000 69.106 -24.1864
12086.956947 69.022 -24.5233
12174.544019 68.939 -24.8430
12262.765784 68.854 -25.1407
12351.626840 68.770 -25.4128
12441.131819 68.685 -25.6565
12531.285389 68.600 -25.8713
12622.092249 68.516 -26.0586
12713.557132 68.431 -26.2203
12805.684808 68.346 -26.3601
12898.480079 68.262 -26.4814
12991.947783 68.179 -26.5874
13086.092792 68.097 -26.6813
13180.920015 68.017 -26.7657
13276.434395 67.938 -26.8428
13372.640911 67.862 -26.9135
13469.544580 67.789 -26.9774
13567.150452 67.717 -27.0320
13665.463617 67.648 -27.0730
13764.489200 67.581 -27.0970
13864.232362 67.516 -27.0995
13964.698305 67.451 -27.0763
14065.892266 67.388 -27.0248
14167.819519 67.326 -26.9440
14270.485380 67.265 -26.8339
14373.895200 67.206 -26.6964
14478.054370 67.147 -26.5336
14582.968320 67.091 -26.3491
14688.642520 67.036 -26.1473
14795.082478 66.984 -25.9321
14902.293745 66.935 -25.7073
15010.281908 66.888 -25.4778
15119.052599 66.843 -25.2471
15228.611486 66.800 -25.0175
15338.964283 66.759 -24.7910
15450.116741 66.719 -24.5691
15562.074656 66.680 -24.3523
15674.843864 66.640 -24.1415
15788.430244 66.600 -23.9374
15902.839718 66.559 -23.7418
16018.078250 66.518 -23.5574
16134.151848 66.477 -23.3868
16251.066563 66.436 -23.2332
16368.828491 66.395 -23.0997
16487.443769 66.354 -22.9886
16606.918584 66.313 -22.9003
16727.259161 66.271 -22.8345
16848.471777 66.230 -22.7896
16970.562748 66.188 -22.7620
17093.538442 66.146 -22.7478
17217.405268 66.103 -22.7444
17342.169684 66.059 -22.7479
17467.838194 66.015 -22.7520
17594.417350 65.972 -22.7692
17721.913751 65.930 -22.8092
17850.334044 65.891 -22.8318
17979.684923 65.853 -22.8318
18109.973131 65.818 -22.8312
18241.205462 65.786 -22.8397
18373.388756 65.756 -22.8617
18506.529905 65.728 -22.9000
18640.635849 65.702 -22.9564
18775.713581 65.675 -23.0293
18911.770141 65.648 -23.1171
19048.812624 65.620 -23.2173
19186.848172 65.590 -23.3256
19325.883983 65.559 -23.4382
19465.927305 65.525 -23.5533
19606.985439 65.490 -23.6702
19749.065738 65.452 -23.7915
19892.175609 65.413 -23.9232
20036.322514 65.371 -24.0520
20181.513966 65.327 -23.9558
20327.757536 65.280 -23.8636
20475.060846 65.230 -23.7793
20623.431577 65.175 -23.7047
20772.877464 65.115 -23.6409
20923.406297 65.050 -23.5868
21075.025924 64.978 -23.5414
21227.744250 64.901 -23.5027
21381.569235 64.820 -23.4700
21536.508900 64.735 -23.4445
21692.571321 64.650 -23.4290
21849.764635 64.566 -23.4287
22008.097037 64.487 -23.4500
22167.576780 64.416 -23.4996
22328.212180 64.355 -23.5833
22490.011609 64.305 -23.7041
22652.983504 64.267 -23.8624
22817.136361 64.241 -24.0554
22982.478737 64.224 -24.2773
23149.019252 64.215 -24.5209
23316.766588 64.210 -24.7793
23485.729490 64.208 -25.0465
23655.916767 64.208 -25.3187
23827.337292 64.208 -25.5939
24000.000000 64.208 -25.8711
