* Measurement data measured by REW V5.30.9
* Source: Vector average
* Format: Vector average
* Dated: Sep 22, 2025 4:25:18 PM
* REW Settings:
*  C-weighting compensation: Off
*  Target level: 75.0 dB
* Note: ; Vector average of L2, R2
* Measurement: L2R2(oca 120)
* Smoothing: Psychoacoustic
* Frequency Step: 96 ppo
* Start Frequency: 1.0986328 Hz
*
* Freq(Hz) SPL(dB) Phase(degrees)
1.098633 47.399 -170.9418
1.106594 47.510 -171.2233
1.114613 47.626 -171.5182
1.122690 47.745 -171.8260
1.130825 47.868 -172.1463
1.139020 47.995 -172.4785
1.147273 48.124 -172.8221
1.155587 48.256 -173.1764
1.163961 48.390 -173.5407
1.172395 48.526 -173.9145
1.180891 48.663 -174.2970
1.189448 48.802 -174.6876
1.198068 48.942 -175.0856
1.206749 49.082 -175.4904
1.215494 49.223 -175.9013
1.224302 49.364 -176.3179
1.233174 49.505 -176.7397
1.242110 49.645 -177.1663
1.251111 49.785 -177.5971
1.260177 49.924 -178.0320
1.269308 50.061 -178.4706
1.278506 50.197 -178.9128
1.287771 50.331 -179.3585
1.297103 50.464 -179.8074
1.306502 50.594 179.7403
1.315969 50.723 179.2847
1.325505 50.848 178.8257
1.335111 50.971 178.3632
1.344785 51.092 177.8969
1.354530 51.209 177.4268
1.364346 51.323 176.9525
1.374232 51.434 176.4738
1.384191 51.541 175.9904
1.394221 51.645 175.5020
1.404324 51.745 175.0083
1.414500 51.841 174.5090
1.424750 51.933 174.0038
1.435075 52.021 173.4923
1.445474 52.105 172.9744
1.455948 52.185 172.4497
1.466499 52.260 171.9180
1.477126 52.331 171.3790
1.487830 52.397 170.8327
1.498611 52.459 170.2789
1.509471 52.517 169.7174
1.520409 52.569 169.1483
1.531426 52.618 168.5714
1.542524 52.661 167.9870
1.553701 52.700 167.3950
1.564960 52.734 166.7955
1.576301 52.764 166.1888
1.587723 52.789 165.5749
1.599228 52.809 164.9541
1.610817 52.825 164.3266
1.622490 52.836 163.6926
1.634247 52.843 163.0524
1.646089 52.844 162.4062
1.658018 52.841 161.7543
1.670032 52.834 161.0967
1.682134 52.822 160.4337
1.694323 52.805 159.7655
1.706601 52.783 159.0920
1.718968 52.757 158.4133
1.731424 52.726 157.7294
1.743971 52.691 157.0402
1.756608 52.651 156.3454
1.769338 52.606 155.6448
1.782159 52.557 154.9381
1.795073 52.503 154.2248
1.808081 52.444 153.5045
1.821183 52.381 152.7764
1.834380 52.312 152.0399
1.847673 52.240 151.2941
1.861062 52.162 150.5383
1.874548 52.080 149.7713
1.888132 51.993 148.9922
1.901814 51.902 148.1997
1.915595 51.806 147.3926
1.929476 51.705 146.5696
1.943458 51.600 145.7291
1.957541 51.490 144.8698
1.971726 51.376 143.9899
1.986014 51.257 143.0878
2.000406 51.134 142.1615
2.014901 51.006 141.2091
2.029502 50.874 140.2286
2.044209 50.738 139.2177
2.059022 50.598 138.1742
2.073943 50.453 137.0954
2.088971 50.305 135.9788
2.104109 50.153 134.8214
2.119356 49.997 133.6202
2.134714 49.837 132.3719
2.150183 49.674 131.0731
2.165764 49.507 129.7201
2.181458 49.337 128.3090
2.197266 49.164 126.8356
2.213188 48.987 125.2957
2.229226 48.808 123.6848
2.245379 48.625 121.9985
2.261650 48.441 120.2322
2.278039 48.253 118.3814
2.294547 48.064 116.4421
2.311174 47.872 114.4105
2.327922 47.679 112.2835
2.344791 47.484 110.0590
2.361782 47.288 107.7361
2.378897 47.090 105.3156
2.396135 46.892 102.8002
2.413499 46.694 100.1947
2.430988 46.496 97.5071
2.448604 46.298 94.7480
2.466347 46.102 91.9312
2.484219 45.907 89.0737
2.502221 45.715 86.1955
2.520353 45.526 83.3192
2.538617 45.340 80.4695
2.557013 45.160 77.6725
2.575542 44.985 74.9549
2.594205 44.817 72.3434
2.613004 44.656 69.8638
2.631939 44.505 67.5405
2.651011 44.364 65.3962
2.670221 44.234 63.4515
2.689571 44.117 61.7251
2.709061 44.014 60.2336
2.728691 43.927 58.9921
2.748465 43.856 58.0139
2.768381 43.802 57.3112
2.788442 43.767 56.8946
2.808648 43.750 56.7738
2.829001 43.752 56.9567
2.849501 43.773 57.4490
2.870150 43.813 58.2539
2.890948 43.871 59.3707
2.911897 43.947 60.7938
2.932998 44.039 62.5113
2.954251 44.146 64.5044
2.975659 44.267 66.7459
2.997222 44.400 69.2007
3.018941 44.544 71.8263
3.040818 44.698 74.5746
3.062853 44.859 77.3949
3.085047 45.027 80.2360
3.107403 45.200 83.0504
3.129920 45.377 85.7964
3.152601 45.556 88.4400
3.175446 45.737 90.9559
3.198457 45.919 93.3271
3.221634 46.100 95.5446
3.244979 46.279 97.6057
3.268494 46.456 99.5129
3.292179 46.631 101.2728
3.316035 46.802 102.8944
3.340064 46.970 104.3883
3.364268 47.133 105.7661
3.388647 47.292 107.0395
3.413202 47.446 108.2199
3.437936 47.595 109.3183
3.462849 47.738 110.3449
3.487942 47.877 111.3089
3.513217 48.010 112.2185
3.538675 48.139 113.0811
3.564318 48.263 113.9026
3.590146 48.382 114.6881
3.616162 48.497 115.4415
3.642366 48.609 116.1655
3.668760 48.717 116.8619
3.695346 48.823 117.5312
3.722124 48.927 118.1730
3.749096 49.029 118.7856
3.776263 49.130 119.3666
3.803627 49.231 119.9125
3.831190 49.333 120.4189
3.858953 49.435 120.8806
3.886916 49.539 121.2915
3.915082 49.645 121.6451
3.943453 49.752 121.9338
3.972028 49.862 122.1501
4.000811 49.974 122.2855
4.029803 50.089 122.3313
4.059005 50.205 122.2784
4.088418 50.324 122.1174
4.118044 50.444 121.8385
4.147885 50.566 121.4315
4.177942 50.689 120.8860
4.208218 50.812 120.1907
4.238712 50.935 119.3342
4.269427 51.058 118.3041
4.300366 51.180 117.0876
4.331528 51.300 115.6709
4.362916 51.419 114.0393
4.394531 51.536 112.1774
4.426376 51.649 110.0692
4.458451 51.760 107.6981
4.490759 51.867 105.0477
4.523301 51.971 102.1026
4.556079 52.070 98.8495
4.589094 52.165 95.2790
4.622348 52.255 91.3875
4.655844 52.340 87.1798
4.689582 52.419 82.6717
4.723564 52.493 77.8916
4.757793 52.560 72.8821
4.792270 52.621 67.6989
4.826997 52.674 62.4084
4.861975 52.721 57.0827
4.897207 52.760 51.7940
4.932695 52.791 46.6087
4.968439 52.815 41.5825
5.004442 52.829 36.7576
5.040706 52.835 32.1623
5.077234 52.832 27.8114
5.114025 52.820 23.7089
5.151084 52.798 19.8496
5.188410 52.767 16.2227
5.226008 52.726 12.8129
5.263878 52.675 9.6027
5.302022 52.614 6.5731
5.340442 52.543 3.7047
5.379142 52.463 0.9783
5.418121 52.373 -1.6254
5.457383 52.273 -4.1255
5.496929 52.164 -6.5407
5.536762 52.046 -8.8899
5.576884 51.919 -11.1921
5.617296 51.784 -13.4666
5.658002 51.641 -15.7328
5.699002 51.492 -18.0107
5.740299 51.336 -20.3201
5.781896 51.174 -22.6805
5.823794 51.008 -25.1104
5.865995 50.838 -27.6258
5.908503 50.665 -30.2399
5.951318 50.491 -32.9606
5.994444 50.318 -35.7895
6.037882 50.145 -38.7206
6.081635 49.976 -41.7391
6.125705 49.811 -44.8220
6.170095 49.652 -47.9382
6.214806 49.501 -51.0518
6.259841 49.360 -54.1243
6.305202 49.229 -57.1182
6.350892 49.109 -59.9996
6.396913 49.003 -62.7413
6.443268 48.911 -65.3232
6.489959 48.834 -67.7328
6.536988 48.772 -69.9646
6.584357 48.725 -72.0189
6.632070 48.693 -73.9005
6.680129 48.676 -75.6169
6.728536 48.673 -77.1777
6.777294 48.684 -78.5933
6.826405 48.709 -79.8739
6.875872 48.746 -81.0296
6.925697 48.796 -82.0697
6.975884 48.857 -83.0026
7.026434 48.930 -83.8357
7.077350 49.014 -84.5756
7.128635 49.110 -85.2278
7.180293 49.215 -85.7974
7.232324 49.331 -86.2886
7.284732 49.458 -86.7055
7.337520 49.595 -87.0518
7.390691 49.741 -87.3308
7.444247 49.897 -87.5465
7.498191 50.061 -87.7026
7.552526 50.235 -87.8033
7.607255 50.415 -87.8534
7.662380 50.603 -87.8578
7.717905 50.797 -87.8223
7.773832 50.997 -87.7527
7.830165 51.201 -87.6556
7.886905 51.409 -87.5375
7.944057 51.619 -87.4050
8.001623 51.831 -87.2649
8.059606 52.044 -87.1234
8.118009 52.258 -86.9866
8.176836 52.471 -86.8600
8.236088 52.684 -86.7489
8.295770 52.895 -86.6577
8.355885 53.104 -86.5905
8.416435 53.312 -86.5508
8.477424 53.517 -86.5419
8.538855 53.720 -86.5669
8.600731 53.921 -86.6284
8.663055 54.119 -86.7293
8.725832 54.315 -86.8721
8.789063 54.509 -87.0596
8.852752 54.701 -87.2945
8.916902 54.891 -87.5798
8.981518 55.080 -87.9183
9.046602 55.268 -88.3129
9.112157 55.456 -88.7664
9.178188 55.642 -89.2814
9.244696 55.828 -89.8602
9.311687 56.014 -90.5045
9.379164 56.201 -91.2156
9.447129 56.387 -91.9940
9.515587 56.573 -92.8392
9.584541 56.760 -93.7501
9.653994 56.947 -94.7241
9.723951 57.134 -95.7582
9.794415 57.321 -96.8477
9.865389 57.508 -97.9876
9.936878 57.695 -99.6238
10.008884 57.881 -101.5034
10.081413 58.065 -103.4136
10.154467 58.248 -105.3472
10.228051 58.430 -107.2971
10.302167 58.609 -109.0214
10.376821 58.785 -110.6223
10.452016 58.958 -112.2207
10.527755 59.128 -113.8120
10.604044 59.295 -115.3919
10.680885 59.457 -116.8464
10.758283 59.614 -118.2549
10.836242 59.767 -119.6450
10.914766 59.915 -121.0161
10.993859 60.059 -122.3596
11.073525 60.198 -123.6066
11.153768 60.332 -124.8342
11.234593 60.461 -126.0427
11.316003 60.587 -127.2324
11.398004 60.708 -128.3704
11.480599 60.826 -129.4628
11.563792 60.941 -130.5358
11.647588 61.054 -131.5887
11.731991 61.166 -132.6134
11.817006 61.277 -133.5784
11.902637 61.387 -134.5196
11.988888 61.499 -135.4355
12.075764 61.613 -136.3251
12.163270 61.728 -137.1550
12.251411 61.847 -137.9535
12.340189 61.970 -138.7247
12.429611 62.096 -139.4696
12.519681 62.227 -140.1691
12.610404 62.363 -140.8403
12.701784 62.503 -141.4941
12.793827 62.648 -142.1348
12.886536 62.796 -142.7515
12.979917 62.949 -143.3609
13.073975 63.104 -143.9747
13.168715 63.263 -144.5996
13.264140 63.424 -145.2266
13.360258 63.586 -145.8745
13.457072 63.750 -146.5519
13.554587 63.914 -147.2634
13.652809 64.078 -147.9990
13.751743 64.243 -148.7783
13.851394 64.406 -149.6044
13.951767 64.569 -150.4758
14.052867 64.731 -151.3904
14.154700 64.891 -152.3563
14.257271 65.050 -153.3730
14.360585 65.208 -154.4313
14.464648 65.364 -155.5347
14.569465 65.520 -156.6832
14.675041 65.674 -157.8716
14.781382 65.827 -159.0920
14.888494 65.979 -160.3466
14.996382 66.131 -161.6309
15.105052 66.282 -162.9349
15.214510 66.433 -164.2587
15.324760 66.583 -165.5992
15.435810 66.734 -166.9498
15.547664 66.884 -168.3070
15.660329 67.035 -169.6700
15.773810 67.185 -171.0350
15.888114 67.337 -172.3971
16.003246 67.489 -173.7581
16.119212 67.641 -175.1165
16.236018 67.794 -176.4684
16.353671 67.947 -177.8164
16.472176 68.101 -179.1605
16.591541 68.256 179.5016
16.711770 68.411 178.1672
16.832870 68.566 176.8354
16.954848 68.722 175.5071
17.077710 68.878 174.1799
17.201462 69.035 172.8527
17.326111 69.191 171.5258
17.451663 69.347 170.1970
17.578125 69.503 168.8651
17.705503 69.658 167.5290
17.833805 69.813 166.1880
17.963036 69.967 164.8410
18.093203 70.120 163.4873
18.224314 70.272 162.1262
18.356375 70.422 160.7570
18.489393 70.572 159.3790
18.623375 70.719 157.9920
18.758327 70.865 156.5945
18.894258 71.009 155.1865
19.031174 71.151 153.7681
19.169081 71.291 152.3381
19.307988 71.428 150.8970
19.447902 71.563 149.4439
19.588829 71.695 147.9778
19.730778 71.825 146.4995
19.873756 71.951 145.0073
20.017769 72.074 143.5016
20.162826 72.193 141.9824
20.308934 72.309 140.4481
20.456101 72.421 138.8998
20.604334 72.529 137.3359
20.753642 72.632 135.7567
20.904031 72.731 134.1624
21.055511 72.826 132.5511
21.208087 72.916 130.9254
21.361770 73.001 129.2836
21.516566 73.082 127.6275
21.672484 73.157 125.9568
21.829532 73.227 124.2720
21.987718 73.292 122.5750
22.147050 73.352 120.8649
22.307536 73.406 119.1450
22.469186 73.455 117.4136
22.632007 73.498 115.6742
22.796008 73.537 113.9272
22.961197 73.570 112.1741
23.127583 73.597 110.4163
23.295175 73.619 108.6541
23.463982 73.636 106.8905
23.634011 73.648 105.1245
23.805273 73.654 103.3601
23.977776 73.655 101.5958
24.151529 73.650 99.8360
24.326541 73.640 98.0792
24.502821 73.624 96.3295
24.680379 73.603 94.5861
24.859223 73.576 92.8527
25.039363 73.543 91.1293
25.220808 73.505 89.4194
25.403569 73.461 87.7233
25.587654 73.412 86.0445
25.773072 73.356 84.3837
25.959835 73.295 82.7448
26.147950 73.228 81.1282
26.337429 73.156 79.5385
26.528281 73.077 77.9753
26.720516 72.993 76.4437
26.914144 72.903 74.9436
27.109175 72.808 73.4799
27.305619 72.707 72.0524
27.503487 72.601 70.6652
27.702788 72.491 69.3182
27.903534 72.375 68.0145
28.105735 72.255 66.7542
28.309400 72.130 65.5393
28.514542 72.002 64.3705
28.721170 71.870 63.2464
28.929296 71.736 62.1688
29.138929 71.599 61.1346
29.350082 71.460 60.1451
29.562765 71.320 59.1971
29.776989 71.179 58.2893
29.992765 71.038 57.4195
30.210105 70.898 56.5845
30.429020 70.759 55.7827
30.649521 70.621 55.0093
30.871620 70.486 54.2626
31.095328 70.353 53.5396
31.320658 70.224 52.8360
31.547620 70.098 52.1507
31.776228 69.975 51.4802
32.006491 69.856 50.8226
32.238423 69.741 50.1766
32.472036 69.630 49.5395
32.707342 69.522 48.9116
32.944353 69.417 48.2924
33.183081 69.315 47.6807
33.423540 69.215 47.0782
33.665740 69.117 46.4854
33.909696 69.020 45.9030
34.155420 68.925 45.3334
34.402924 68.830 44.7784
34.652222 68.735 44.2384
34.903326 68.639 43.7145
35.156250 68.544 43.2084
35.411007 68.447 42.7347
35.667609 68.350 42.2927
35.926072 68.252 41.8828
36.186407 68.153 41.5034
36.448628 68.053 41.1534
36.712750 67.953 40.8328
36.978786 67.854 40.5408
37.246749 67.754 40.2739
37.516655 67.656 40.0310
37.788516 67.559 39.8096
38.062347 67.465 39.6057
38.338162 67.373 39.4137
38.615977 67.284 39.2308
38.895804 67.199 39.0520
39.177659 67.119 38.8719
39.461556 67.043 38.6831
39.747511 66.972 38.4830
40.035538 66.907 38.2667
40.325652 66.847 38.0298
40.617868 66.792 37.7673
40.912202 66.743 37.4761
41.208669 66.698 37.1554
41.507284 66.658 36.8033
41.808063 66.623 36.4189
42.111021 66.591 36.0024
42.416175 66.563 35.5551
42.723540 66.538 35.0781
43.033132 66.515 34.5735
43.344968 66.494 34.0435
43.659064 66.475 33.4910
43.975435 66.457 32.9191
44.294099 66.439 32.3312
44.615073 66.422 31.7311
44.938372 66.406 31.1229
45.264014 66.389 30.5106
45.592016 66.374 29.8983
45.922394 66.358 29.2906
46.255167 66.344 28.6921
46.590351 66.330 28.1075
46.927964 66.318 27.5412
47.268023 66.307 26.9969
47.610547 66.300 26.4789
47.955552 66.295 25.9908
48.303058 66.294 25.5368
48.653082 66.297 25.1204
49.005642 66.306 24.7448
49.360757 66.320 24.4145
49.718446 66.340 24.1341
50.078726 66.368 23.9085
50.441617 66.402 23.7446
50.807138 66.444 23.6507
51.175307 66.494 23.6377
51.546145 66.552 23.7192
51.919669 66.618 23.9124
52.295901 66.692 24.2387
52.674858 66.774 24.7246
53.056562 66.863 25.4028
53.441032 66.961 26.3130
53.828287 67.065 27.5016
54.218349 67.176 29.0223
54.611238 67.292 30.9362
55.006973 67.414 33.3057
55.405577 67.541 36.1894
55.807068 67.671 39.6310
56.211469 67.805 43.6425
56.618801 67.941 48.1848
57.029084 68.078 53.1507
57.442340 68.215 58.3633
57.858591 68.352 63.5947
58.277858 68.487 68.6078
58.700164 68.619 73.1998
59.125529 68.749 77.2326
59.553977 68.874 80.6392
59.985530 68.995 83.4126
60.420210 69.110 85.5864
60.858039 69.220 87.2177
61.299042 69.322 88.3717
61.743240 69.418 89.1136
62.190657 69.506 89.5048
62.641316 69.586 89.6012
63.095241 69.659 89.4517
63.552455 69.724 89.0983
64.012982 69.780 88.5779
64.476847 69.829 87.9230
64.944073 69.871 87.1611
65.414684 69.904 86.3152
65.888706 69.931 85.4065
66.366163 69.951 84.4531
66.847079 69.965 83.4700
67.331481 69.972 82.4697
67.819392 69.975 81.4636
68.310840 69.974 80.4609
68.805848 69.968 79.4694
69.304444 69.960 78.4949
69.806652 69.949 77.5419
70.312500 69.937 76.6143
70.822013 69.924 75.7134
71.335219 69.912 74.8421
71.852143 69.900 74.0006
72.372814 69.891 73.1891
72.897257 69.884 72.4080
73.425500 69.879 71.6546
73.957572 69.879 70.9291
74.493499 69.882 70.2284
75.033309 69.890 69.5515
75.577032 69.902 68.8950
76.124694 69.919 68.2570
76.676325 69.940 67.6337
77.231953 69.965 67.0235
77.791608 69.995 66.4233
78.355318 70.029 65.8311
78.923113 70.066 65.2445
79.495022 70.106 64.6620
80.071076 70.150 64.0817
80.651304 70.196 63.5025
81.235736 70.244 62.9236
81.824404 70.295 62.3444
82.417337 70.348 61.7643
83.014567 70.402 61.1831
83.616125 70.457 60.6003
84.222042 70.515 60.0161
84.832350 70.573 59.4301
85.447080 70.633 58.8417
86.066265 70.693 58.2507
86.689936 70.755 57.6568
87.318127 70.818 57.0591
87.950871 70.881 56.4567
88.588199 70.945 55.8489
89.230145 71.010 55.2346
89.876744 71.075 54.6133
90.528028 71.141 53.9837
91.184031 71.207 53.3451
91.844788 71.272 52.6960
92.510333 71.338 52.0356
93.180701 71.402 51.3632
93.855927 71.467 50.6777
94.536046 71.530 49.9782
95.221093 71.592 49.2642
95.911104 71.652 48.5353
96.606116 71.712 47.7921
97.306164 71.769 47.0344
98.011284 71.824 46.2623
98.721514 71.877 45.4768
99.436891 71.927 44.6786
100.157452 71.975 43.8691
100.883234 72.020 43.0488
101.614275 72.063 42.2158
102.350614 72.103 41.3716
103.092289 72.140 40.5176
103.839338 72.174 39.6554
104.591801 72.205 38.7861
105.349716 72.233 37.9111
106.113124 72.259 37.0312
106.882063 72.281 36.1479
107.656575 72.300 35.2621
108.436699 72.316 34.3743
109.222476 72.330 33.4863
110.013947 72.341 32.5987
110.811153 72.349 31.7122
111.614136 72.355 30.8275
112.422939 72.359 29.9454
113.237601 72.361 29.0660
114.058168 72.360 28.1896
114.884680 72.358 27.3162
115.717182 72.354 26.4460
116.555716 72.349 25.5790
117.400327 72.342 24.7146
118.251058 72.334 23.8521
119.107954 72.325 22.9912
119.971060 72.315 22.1315
120.840419 72.304 21.2722
121.716079 72.291 20.4125
122.598084 72.278 19.5512
123.486480 72.263 18.6873
124.381314 72.247 17.8199
125.282632 72.230 16.9480
126.190482 72.211 16.0707
127.104910 72.190 15.1870
128.025965 72.168 14.2964
128.953694 72.143 13.3986
129.888145 72.116 12.4931
130.829368 72.086 11.5798
131.777412 72.054 10.6589
132.732325 72.018 9.7310
133.694158 71.979 8.7967
134.662961 71.936 7.8568
135.638785 71.890 6.9119
136.621679 71.840 5.9627
137.611696 71.786 5.0104
138.608887 71.728 4.0558
139.613304 71.665 3.0999
140.625000 71.599 2.1436
141.644027 71.528 1.1877
142.670438 71.453 0.2336
143.704287 71.374 -0.7180
144.745627 71.291 -1.6667
145.794514 71.204 -2.6122
146.851001 71.113 -3.5540
147.915144 71.019 -4.4913
148.986998 70.921 -5.4235
150.066619 70.819 -6.3499
151.154063 70.715 -7.2697
152.249388 70.607 -8.1815
153.352650 70.497 -9.0836
154.463906 70.384 -9.9741
155.583216 70.268 -10.8505
156.710636 70.151 -11.7094
157.846226 70.032 -12.5458
158.990044 69.911 -13.3531
160.142152 69.789 -14.1240
161.302608 69.667 -14.8484
162.471473 69.544 -15.5137
163.648808 69.423 -16.1041
164.834675 69.303 -16.6000
166.029135 69.186 -16.9779
167.232251 69.074 -17.2089
168.444084 68.968 -17.2581
169.664700 68.870 -17.0850
170.894160 68.782 -16.6431
172.132530 68.707 -15.8796
173.379873 68.646 -14.7382
174.636255 68.602 -13.1644
175.901741 68.577 -11.1121
177.176398 68.572 -8.5548
178.460291 68.588 -5.5035
179.753488 68.625 -2.0214
181.056056 68.682 1.7662
182.368062 68.758 5.6791
183.689577 68.851 9.5069
185.020667 68.958 13.0461
186.361403 69.077 16.1345
187.711854 69.204 18.6698
189.072092 69.336 20.6102
190.442186 69.471 21.9617
191.822209 69.604 22.7620
193.212232 69.734 23.0658
194.612327 69.857 22.9333
196.022568 69.972 22.4243
197.443029 70.077 21.5945
198.873782 70.169 20.4951
200.314904 70.247 19.1716
201.766468 70.309 17.6646
203.228551 70.355 16.0086
204.701229 70.383 14.2356
206.184578 70.393 12.3738
207.678677 70.385 10.4480
209.183602 70.357 8.4811
210.699433 70.310 6.4943
212.226248 70.243 4.5072
213.764127 70.158 2.5381
215.313149 70.054 0.6049
216.873397 69.932 -1.2753
218.444951 69.792 -3.0846
220.027894 69.634 -4.8053
221.622306 69.460 -6.4191
223.228273 69.270 -7.9076
224.845877 69.065 -9.2507
226.475203 68.846 -10.4268
228.116336 68.615 -11.4124
229.769361 68.372 -12.1823
231.434364 68.119 -12.7081
233.111433 67.858 -12.9578
234.800654 67.593 -12.8951
236.502117 67.326 -12.4780
238.215909 67.060 -11.6564
239.942119 66.801 -10.3737
241.680839 66.555 -8.5674
243.432158 66.327 -6.1735
245.196168 66.125 -3.1376
246.972960 65.958 0.5690
248.762628 65.833 4.9239
250.565264 65.756 9.8289
252.380964 65.734 15.0959
254.209820 65.769 20.4610
256.051929 65.859 25.6304
257.907387 66.000 30.3400
259.776290 66.187 34.4017
261.658736 66.411 37.7192
263.554824 66.664 40.2745
265.464650 66.936 42.1039
267.388317 67.221 43.2722
269.325923 67.511 43.8557
271.277569 67.802 43.9307
273.243358 68.090 43.5682
275.223392 68.370 42.8323
277.217775 68.640 41.7795
279.226609 68.899 40.4580
281.250000 69.143 38.9102
283.288053 69.373 37.1738
285.340875 69.588 35.2820
287.408573 69.785 33.2651
289.491254 69.965 31.1519
291.589027 70.128 28.9713
293.702001 70.271 26.7521
295.830287 70.396 24.5264
297.973995 70.501 22.3311
300.133238 70.588 20.2084
302.308127 70.657 18.2090
304.498776 70.708 16.3943
306.705300 70.744 14.8386
308.927813 70.766 13.6318
311.166431 70.780 12.8807
313.421271 70.787 12.7083
315.692451 70.792 13.2474
317.980089 70.800 14.6252
320.284304 70.816 16.9299
322.605216 70.842 20.1589
324.942946 70.883 24.1621
327.297617 70.938 28.6182
329.669350 71.009 33.0868
332.058270 71.093 37.1298
334.464501 71.189 40.4332
336.888169 71.292 42.8557
339.329399 71.399 44.4017
341.788320 71.506 45.1655
344.265059 71.612 45.2787
346.759746 71.715 44.8786
349.272510 71.814 44.0912
351.803482 71.909 43.0257
354.352795 72.003 41.7732
356.920582 72.098 40.4067
359.506975 72.198 38.9828
362.112111 72.306 37.5443
364.736125 72.426 36.1201
367.379153 72.560 34.7268
370.041334 72.710 33.3680
372.722806 72.876 32.0361
375.423709 73.056 30.7132
378.144184 73.248 29.3737
380.884373 73.447 27.9871
383.644418 73.649 26.5223
386.424463 73.846 24.9506
389.224654 74.034 23.2507
392.045137 74.206 21.4113
394.886057 74.357 19.4316
397.747564 74.481 17.3235
400.629807 74.576 15.1111
403.532936 74.638 12.8276
406.457102 74.664 10.5145
409.402458 74.653 8.2180
412.369157 74.605 5.9895
415.357354 74.519 3.8831
418.367204 74.398 1.9543
421.398865 74.241 0.2586
424.452495 74.054 -1.1520
427.528253 73.838 -2.2312
430.626299 73.600 -2.9415
433.746795 73.344 -3.2614
436.889903 73.078 -3.1909
440.055787 72.811 -2.7556
443.244613 72.554 -2.0085
446.456546 72.317 -1.0298
449.691754 72.112 0.0825
452.950406 71.951 1.2244
456.232671 71.843 2.2986
459.538721 71.794 3.2253
462.868728 71.804 3.9459
466.222866 71.872 4.4243
469.601309 71.989 4.6434
473.004234 72.147 4.5998
476.431817 72.334 4.2987
479.884239 72.541 3.7501
483.361678 72.756 2.9663
486.864316 72.972 1.9628
490.392335 73.178 0.7571
493.945920 73.371 -0.6296
497.525256 73.543 -2.1726
501.130529 73.690 -3.8423
504.761927 73.811 -5.6053
508.419640 73.902 -7.4243
512.103859 73.964 -9.2597
515.814774 73.996 -11.0711
519.552581 74.000 -12.8189
523.317473 73.979 -14.4658
527.109647 73.937 -15.9791
530.929301 73.879 -17.3306
534.776633 73.812 -18.4985
538.651845 73.743 -19.4687
542.555139 73.680 -20.2347
546.486717 73.630 -20.8004
550.446785 73.601 -21.1826
554.435549 73.600 -21.4140
558.453218 73.631 -21.5440
562.500000 73.695 -21.6385
566.576107 73.791 -21.7750
570.681751 73.915 -22.0350
574.817146 74.061 -22.4948
578.982508 74.220 -23.2178
583.178054 74.385 -24.2485
587.404003 74.547 -25.6113
591.660574 74.700 -27.3101
595.947991 74.836 -29.3318
600.266475 74.951 -31.6509
604.616254 75.043 -34.2332
608.997552 75.107 -37.0389
613.410600 75.141 -40.0247
617.855626 75.146 -43.1456
622.332862 75.118 -46.3553
626.842543 75.058 -49.6076
631.384902 74.966 -52.8547
635.960177 74.840 -56.0485
640.568607 74.681 -59.1409
645.210431 74.488 -62.0843
649.885892 74.264 -64.8331
654.595233 74.008 -67.3480
659.338700 73.723 -69.5970
664.116540 73.410 -71.5590
668.929002 73.074 -73.2242
673.776337 72.716 -74.5973
678.658799 72.342 -75.6924
683.576640 71.957 -76.5306
688.530118 71.566 -77.1340
693.519491 71.177 -77.5188
698.545019 70.799 -77.6877
703.606964 70.438 -77.6223
708.705591 70.106 -77.2746
713.841163 69.810 -76.5573
719.013951 69.558 -75.3203
724.224222 69.358 -73.3028
729.472249 69.212 -70.0312
734.758306 69.120 -64.5919
740.082668 69.081 -55.1664
745.445612 69.088 -38.5735
750.847418 69.135 -13.1705
756.288368 69.214 12.3929
761.768745 69.318 28.8313
767.288835 69.441 37.4221
772.848927 69.579 41.4751
778.449309 69.726 42.9614
784.090273 69.879 42.9120
789.772115 70.036 41.8905
795.495129 70.192 40.2300
801.259614 70.346 38.1421
807.065872 70.492 35.7709
812.914204 70.628 33.2205
818.804915 70.750 30.5709
824.738313 70.854 27.8870
830.714707 70.938 25.2247
836.734408 71.000 22.6333
842.797731 71.042 20.1563
848.904991 71.064 17.8314
855.056506 71.069 15.6882
861.252598 71.063 13.7458
867.493589 71.051 12.0114
873.779805 71.040 10.4793
880.111574 71.036 9.1302
886.489225 71.045 7.9338
892.913092 71.071 6.8536
899.383508 71.116 5.8502
905.900812 71.179 4.8849
912.465342 71.259 3.9239
919.077442 71.350 2.9398
925.737456 71.449 1.9127
932.445732 71.549 0.8301
939.202618 71.646 -0.3126
946.008467 71.736 -1.5133
952.863634 71.817 -2.7622
959.768477 71.886 -4.0436
966.723355 71.943 -5.3378
973.728631 71.989 -6.6242
980.784670 72.026 -7.8842
987.891840 72.055 -9.1039
995.050512 72.079 -10.2780
1002.261058 72.098 -11.4105
1009.523855 72.114 -12.5143
1016.839281 72.126 -13.6080
1024.207717 72.132 -14.7115
1031.629549 72.131 -15.8429
1039.105162 72.119 -17.0145
1046.634946 72.094 -18.2307
1054.219294 72.054 -19.4878
1061.858602 71.997 -20.7756
1069.553267 71.922 -22.0798
1077.303691 71.828 -23.3848
1085.110277 71.716 -24.6752
1092.973434 71.585 -25.9376
1100.893570 71.438 -27.1647
1108.871098 71.274 -28.3538
1116.906436 71.095 -29.5044
1125.000000 70.902 -30.6179
1133.152214 70.694 -31.6940
1141.363502 70.474 -32.7275
1149.634292 70.239 -33.7064
1157.965016 69.990 -34.6088
1166.356108 69.727 -35.4055
1174.808005 69.450 -36.0615
1183.321148 69.160 -36.5370
1191.895981 68.857 -36.7909
1200.532951 68.544 -36.7847
1209.232507 68.225 -36.4869
1217.995105 67.904 -35.8766
1226.821199 67.586 -34.9482
1235.711251 67.279 -33.7143
1244.665724 66.990 -32.2050
1253.685085 66.727 -30.4648
1262.769804 66.497 -28.5472
1271.920355 66.307 -26.5065
1281.137214 66.160 -24.3909
1290.420862 66.059 -22.2380
1299.771784 66.001 -20.0718
1309.190466 65.985 -17.9041
1318.677400 66.006 -15.7372
1328.233080 66.059 -13.5658
1337.858004 66.141 -11.3832
1347.552675 66.246 -9.1840
1357.317597 66.373 -6.9662
1367.153280 66.518 -4.7342
1377.060236 66.681 -2.5007
1387.038982 66.857 -0.2898
1397.090039 67.046 1.8608
1407.213929 67.243 3.9011
1417.411181 67.445 5.7719
1427.682327 67.648 7.4119
1438.027902 67.847 8.7659
1448.448444 68.037 9.7904
1458.944499 68.214 10.4612
1469.516612 68.375 10.7753
1480.165335 68.517 10.7484
1490.891224 68.640 10.4111
1501.694836 68.741 9.8030
1512.576736 68.823 8.9684
1523.537490 68.885 7.9515
1534.577671 68.930 6.7936
1545.697853 68.958 5.5312
1556.898617 68.972 4.1957
1568.180546 68.971 2.8132
1579.544229 68.958 1.4070
1590.990258 68.932 -0.0033
1602.519229 68.896 -1.4003
1614.131744 68.848 -2.7685
1625.828408 68.790 -4.0944
1637.609831 68.722 -5.3660
1649.476627 68.645 -6.5733
1661.429414 68.560 -7.7089
1673.468817 68.467 -8.7673
1685.595461 68.369 -9.7449
1697.809981 68.265 -10.6415
1710.113012 68.159 -11.4582
1722.505196 68.049 -12.1974
1734.987179 67.939 -12.8618
1747.559611 67.829 -13.4531
1760.223148 67.718 -13.9719
1772.978451 67.608 -14.4166
1785.826183 67.499 -14.7834
1798.767016 67.390 -15.0659
1811.801623 67.282 -15.2557
1824.930685 67.175 -15.3430
1838.154885 67.069 -15.3175
1851.474913 66.964 -15.1678
1864.891463 66.860 -14.8826
1878.405236 66.759 -14.4507
1892.016934 66.660 -13.8618
1905.727269 66.564 -13.1068
1919.536954 66.473 -12.1803
1933.446710 66.389 -11.0832
1947.457262 66.314 -9.8237
1961.569340 66.251 -8.4207
1975.783680 66.205 -6.9050
1990.101023 66.178 -5.3179
2004.522116 66.176 -3.7094
2019.047709 66.200 -2.1331
2033.678561 66.253 -0.6436
2048.415435 66.335 0.7074
2063.259097 66.444 1.8743
2078.210323 66.576 2.8213
2093.269892 66.728 3.5219
2108.438588 66.893 3.9607
2123.717204 67.067 4.1334
2139.106534 67.243 4.0454
2154.607382 67.416 3.7103
2170.220555 67.582 3.1481
2185.946868 67.736 2.3836
2201.787140 67.876 1.4438
2217.742197 67.999 0.3571
2233.812871 68.103 -0.8474
2250.000000 68.185 -2.1411
2266.304428 68.244 -3.4958
2282.727004 68.279 -4.8833
2299.268584 68.288 -6.2746
2315.930032 68.271 -7.6393
2332.712216 68.226 -8.9454
2349.616010 68.154 -10.1589
2366.642297 68.056 -11.2429
2383.791962 67.934 -12.1576
2401.065902 67.789 -12.8610
2418.465015 67.625 -13.3101
2435.990209 67.448 -13.4634
2453.642398 67.265 -13.2845
2471.422503 67.082 -12.7464
2489.331449 66.910 -11.8405
2507.370171 66.758 -10.5833
2525.539609 66.636 -9.0234
2543.840710 66.554 -7.2438
2562.274428 66.516 -5.3559
2580.841725 66.525 -3.4871
2599.543568 66.579 -1.7629
2618.380932 66.670 -0.2905
2637.354800 66.791 0.8538
2656.466160 66.931 1.6277
2675.716009 67.079 2.0214
2695.105350 67.225 2.0511
2714.635194 67.363 1.7513
2734.306560 67.485 1.1681
2754.120472 67.586 0.3551
2774.077965 67.663 -0.6303
2794.180077 67.713 -1.7284
2814.427858 67.735 -2.8790
2834.822362 67.728 -4.0225
2855.364654 67.693 -5.0989
2876.055803 67.633 -6.0498
2896.896889 67.550 -6.8185
2917.888998 67.450 -7.3536
2939.033224 67.337 -7.6113
2960.330671 67.218 -7.5594
2981.782447 67.103 -7.1827
3003.389672 66.999 -6.4897
3025.153472 66.915 -5.5168
3047.074981 66.859 -4.3301
3069.155342 66.835 -3.0205
3091.395707 66.845 -1.6938
3113.797234 66.888 -0.4573
3136.361093 66.959 0.5958
3159.088458 67.051 1.3976
3181.980515 67.154 1.9110
3205.038458 67.261 2.1287
3228.263488 67.364 2.0683
3251.656816 67.457 1.7671
3275.219661 67.534 1.2767
3298.953253 67.591 0.6568
3322.858828 67.629 -0.0294
3346.937633 67.645 -0.7164
3371.190923 67.642 -1.3401
3395.619962 67.623 -1.8409
3420.226024 67.593 -2.1668
3445.010392 67.556 -2.2762
3469.974357 67.521 -2.1444
3495.119222 67.492 -1.7691
3520.446296 67.478 -1.1724
3545.956901 67.484 -0.4025
3571.652367 67.512 0.4697
3597.534032 67.563 1.3595
3623.603247 67.634 2.1813
3649.861370 67.721 2.8607
3676.309770 67.818 3.3441
3702.949826 67.918 3.6029
3729.782927 68.016 3.6329
3756.810471 68.107 3.4500
3784.033869 68.186 3.0848
3811.454538 68.251 2.5766
3839.073909 68.302 1.9672
3866.893421 68.340 1.2974
3894.914525 68.366 0.6044
3923.138681 68.383 -0.0811
3951.567361 68.395 -0.7349
3980.202047 68.406 -1.3422
4009.044232 68.419 -1.8970
4038.095419 68.438 -2.4011
4067.357123 68.466 -2.8641
4096.830869 68.504 -3.3018
4126.518194 68.554 -3.7359
4156.420646 68.615 -4.1907
4186.539784 68.684 -4.6912
4216.877177 68.758 -5.2592
4247.434407 68.833 -5.9114
4278.213068 68.905 -6.6567
4309.214763 68.969 -7.4949
4340.441110 69.020 -8.4159
4371.893735 69.055 -9.4001
4403.574279 69.072 -10.4204
4435.484394 69.069 -11.4448
4467.625742 69.047 -12.4390
4500.000000 69.006 -13.3702
4532.608855 68.950 -14.2104
4565.454007 68.880 -14.9378
4598.537169 68.802 -15.5389
4631.860065 68.719 -16.0094
4665.424432 68.634 -16.3546
4699.232021 68.552 -16.5880
4733.284593 68.473 -16.7283
4767.583925 68.399 -16.7962
4802.131803 68.330 -16.8118
4836.930030 68.265 -16.7902
4871.980419 68.202 -16.7383
4907.284797 68.141 -16.6553
4942.845006 68.079 -16.5316
4978.662898 68.017 -16.3533
5014.740342 67.954 -16.1049
5051.079217 67.892 -15.7754
5087.681420 67.834 -15.3603
5124.548856 67.783 -14.8649
5161.683450 67.741 -14.3026
5199.087136 67.712 -13.6936
5236.761864 67.698 -13.0618
5274.709600 67.700 -12.4304
5312.932320 67.718 -11.8173
5351.432018 67.754 -11.2360
5390.210700 67.805 -10.6945
5429.270389 67.872 -10.1976
5468.613120 67.953 -9.7496
5508.240945 68.047 -9.3576
5548.155929 68.151 -9.0320
5588.360154 68.263 -8.7881
5628.855716 68.379 -8.6426
5669.644725 68.497 -8.6105
5710.729307 68.613 -8.7038
5752.111606 68.724 -8.9272
5793.793778 68.826 -9.2765
5835.777996 68.918 -9.7400
5878.066449 68.999 -10.2996
5920.661342 69.068 -10.9337
5963.564894 69.126 -11.6203
6006.779344 69.173 -12.3403
6050.306943 69.212 -13.0782
6094.149961 69.243 -13.8228
6138.310684 69.266 -14.5665
6182.791414 69.282 -15.3042
6227.594469 69.291 -16.0311
6272.722186 69.291 -16.7404
6318.176916 69.280 -17.4220
6363.961031 69.259 -18.0623
6410.076916 69.227 -18.6450
6456.526975 69.184 -19.1530
6503.313631 69.132 -19.5702
6550.439323 69.073 -19.8852
6597.906506 69.010 -20.0928
6645.717657 68.947 -20.1947
6693.875266 68.889 -20.2002
6742.381846 68.839 -20.1235
6791.239924 68.800 -19.9814
6840.452048 68.774 -19.7924
6890.020784 68.761 -19.5750
6939.948714 68.761 -19.3464
6990.238444 68.774 -19.1226
7040.892593 68.797 -18.9166
7091.913803 68.828 -18.7396
7143.304734 68.865 -18.5999
7195.068065 68.904 -18.5024
7247.206494 68.945 -18.4467
7299.722739 68.985 -18.4291
7352.619540 69.025 -18.4430
7405.899652 69.064 -18.4815
7459.565853 69.102 -18.5395
7513.620943 69.140 -18.6160
7568.067737 69.178 -18.7134
7622.909076 69.218 -18.8378
7678.147817 69.257 -18.9976
7733.786842 69.296 -19.2017
7789.829049 69.332 -19.4573
7846.277361 69.365 -19.7685
7903.134722 69.392 -20.1356
7960.404094 69.413 -20.5569
8018.088463 69.427 -21.0294
8076.190838 69.434 -21.5470
8134.714246 69.433 -22.1038
8193.661738 69.426 -22.6936
8253.036389 69.411 -23.3089
8312.841293 69.391 -23.9409
8373.079567 69.364 -24.5803
8433.754353 69.331 -25.2166
8494.868814 69.293 -25.8385
8556.426135 69.250 -26.4351
8618.429526 69.204 -26.9966
8680.882219 69.155 -27.5143
8743.787470 69.105 -27.9810
8807.148559 69.055 -28.3917
8870.968788 69.007 -28.7436
8935.251484 68.962 -29.0375
9000.000000 68.923 -29.2777
9065.217710 68.891 -29.4732
9130.908014 68.867 -29.6362
9197.074338 68.853 -29.7824
9263.720130 68.848 -29.9294
9330.848865 68.853 -30.0954
9398.464042 68.866 -30.2980
9466.569187 68.887 -30.5528
9535.167849 68.914 -30.8722
9604.263606 68.944 -31.2650
9673.860059 68.975 -31.7352
9743.960837 69.004 -32.2822
9814.569594 69.028 -32.9001
9885.690011 69.046 -33.5783
9957.325796 69.056 -34.3021
10029.480683 69.058 -35.0541
10102.158435 69.051 -35.8154
10175.362839 69.035 -36.5668
10249.097713 69.012 -37.2913
10323.366900 68.983 -37.9738
10398.174272 68.949 -38.6026
10473.523729 68.914 -39.1710
10549.419199 68.877 -39.6763
10625.864640 68.842 -40.1214
10702.864035 68.808 -40.5128
10780.421400 68.776 -40.8599
10858.540777 68.748 -41.1749
10937.226240 68.722 -41.4708
11016.481890 68.699 -41.7612
11096.311859 68.677 -42.0587
11176.720309 68.655 -42.3740
11257.711431 68.633 -42.7165
11339.289449 68.609 -43.0925
11421.458615 68.581 -43.5055
11504.223212 68.548 -43.9550
11587.587556 68.510 -44.4376
11671.555992 68.467 -44.9469
11756.132898 68.416 -45.4742
11841.322683 68.360 -46.0093
11927.129788 68.298 -46.5418
12013.558688 68.230 -47.0622
12100.613886 68.158 -47.5619
12188.299922 68.083 -48.0339
12276.621368 68.005 -48.4735
12365.582827 67.926 -48.8782
12455.188938 67.845 -49.2478
12545.444371 67.766 -49.5840
12636.353832 67.687 -49.8909
12727.922061 67.609 -50.1736
12820.153831 67.534 -50.4384
12913.053951 67.460 -50.6914
13006.627263 67.387 -50.9391
13100.878646 67.317 -51.1872
13195.813013 67.248 -51.4399
13291.435313 67.179 -51.7005
13387.750533 67.112 -51.9697
13484.763692 67.044 -52.2465
13582.479848 66.977 -52.5269
13680.904096 66.909 -52.8063
13780.041567 66.842 -53.0800
13879.897429 66.773 -53.3427
13980.476887 66.705 -53.5893
14081.785186 66.637 -53.8171
14183.827606 66.569 -54.0237
14286.609468 66.502 -54.2084
14390.136129 66.435 -54.3709
14494.412988 66.369 -54.5114
14599.445479 66.304 -54.6309
14705.239079 66.240 -54.7311
14811.799303 66.177 -54.8131
14919.131707 66.115 -54.8781
15027.241885 66.054 -54.9287
15136.135475 65.994 -54.9670
15245.818152 65.935 -54.9951
15356.295635 65.878 -55.0157
15467.573683 65.822 -55.0324
15579.658098 65.768 -55.0487
15692.554723 65.714 -55.0684
15806.269443 65.663 -55.0955
15920.808187 65.612 -55.1337
16036.176927 65.563 -55.1862
16152.381675 65.515 -55.2554
16269.428491 65.468 -55.3422
16387.323477 65.421 -55.4464
16506.072778 65.376 -55.5662
16625.682585 65.331 -55.6984
16746.159135 65.286 -55.8400
16867.508707 65.243 -55.9875
16989.737628 65.202 -56.1378
17112.852271 65.162 -56.2885
17236.859053 65.124 -56.4407
17361.764439 65.089 -56.5938
17487.574941 65.058 -56.7463
17614.297118 65.029 -56.9175
17741.937576 65.004 -57.1160
17870.502969 64.982 -57.2971
18000.000000 64.962 -57.4648
18130.435420 64.946 -57.6403
18261.816029 64.931 -57.8276
18394.148676 64.917 -58.0280
18527.440260 64.904 -58.2412
18661.697729 64.890 -58.4658
18796.928084 64.877 -58.6992
18933.138373 64.862 -58.9392
19070.335698 64.846 -59.1848
19208.527212 64.829 -59.4343
19347.720119 64.811 -59.6877
19487.921674 64.791 -59.9469
19629.139188 64.770 -60.2154
19771.380022 64.747 -60.4990
19914.651592 64.721 -60.8074
20058.961367 64.693 -61.0801
20204.316870 64.662 -61.1777
20350.725678 64.627 -61.2885
20498.195426 64.587 -61.4138
20646.733800 64.542 -61.5544
20796.348544 64.491 -61.7104
20947.047458 64.434 -61.8817
21098.838399 64.372 -62.0677
21251.729279 64.304 -62.2689
21405.728070 64.231 -62.4865
21560.842800 64.156 -62.7231
21717.081554 64.079 -62.9828
21874.452480 64.004 -63.2703
22032.963779 63.933 -63.5911
22192.623718 63.869 -63.9502
22353.440617 63.813 -64.3510
22515.422863 63.767 -64.7950
22678.578898 63.733 -65.2806
22842.917229 63.708 -65.8037
23008.446424 63.693 -66.3580
23175.175112 63.684 -66.9361
23343.111984 63.680 -67.5309
23512.265796 63.678 -68.1368
23682.645366 63.677 -68.7500
23854.259577 63.677 -69.3685
24027.117375 63.677 -69.9917
