* Measurement data measured by REW V5.40 beta 100
* Source: Vector average
* Format: Vector average
* Dated: Sep 23, 2025 2:39:16 PM
* REW Settings:
*  C-weighting compensation: Off
*  Target level: 69.5 dB
* Note: ; Vector average of L.120.Blue, R.120.Blue
* Measurement: LR120.blue
* Smoothing: Psychoacoustic
* Frequency Step: 96 ppo
* Start Frequency: 5.126953 Hz
*
* Freq(Hz) SPL(dB) Phase(degrees)
5.126953 48.639 93.9291
5.164105 48.621 93.7682
5.201526 48.610 93.5791
5.239219 48.606 93.3543
5.277184 48.611 93.0840
5.315425 48.625 92.7559
5.353943 48.649 92.3546
5.392740 48.684 91.8611
5.431818 48.732 91.2523
5.471179 48.791 90.5014
5.510825 48.862 89.5787
5.550759 48.946 88.4539
5.590982 49.041 87.0995
5.631497 49.148 85.4972
5.672305 49.266 83.6445
5.713409 49.393 81.5628
5.754810 49.530 79.3011
5.796512 49.674 76.9353
5.838516 49.826 74.5583
5.880824 49.983 72.2653
5.923439 50.145 70.1371
5.966363 50.311 68.2291
6.009598 50.480 66.5671
6.053146 50.651 65.1506
6.097009 50.823 63.9599
6.141191 50.996 62.9641
6.185692 51.168 62.1277
6.230516 51.339 61.4152
6.275665 51.509 60.7936
6.321141 51.677 60.2335
6.366947 51.842 59.7094
6.413084 52.005 59.1992
6.459556 52.164 58.6836
6.506365 52.321 58.1450
6.553513 52.474 57.5672
6.601002 52.624 56.9344
6.648836 52.770 56.2302
6.697016 52.913 55.4372
6.745545 53.054 54.5360
6.794426 53.191 53.5043
6.843661 53.326 52.3160
6.893253 53.458 50.9395
6.943205 53.588 49.3366
6.993518 53.716 47.4602
7.044196 53.843 45.2518
7.095241 53.967 42.6384
7.146656 54.091 39.5294
7.198444 54.212 35.8132
7.250607 54.333 31.3565
7.303148 54.452 26.0088
7.356069 54.570 19.6212
7.409374 54.687 12.0872
7.463066 54.802 3.4143
7.517146 54.915 -6.1946
7.571618 55.027 -16.3067
7.626485 55.137 -26.3445
7.681750 55.245 -35.7681
7.737415 55.351 -44.2306
7.793484 55.455 -51.6128
7.849959 55.557 -57.9608
7.906843 55.658 -63.4034
7.964139 55.758 -68.0927
8.021850 55.857 -72.1724
8.079980 55.956 -75.7660
8.138531 56.057 -78.9747
8.197506 56.159 -81.8795
8.256908 56.264 -84.5440
8.316741 56.373 -87.0183
8.377008 56.488 -89.3409
8.437711 56.608 -91.5417
8.498854 56.737 -93.6429
8.560441 56.873 -95.6614
8.622473 57.018 -97.6090
8.684955 57.174 -99.4939
8.747890 57.339 -101.3216
8.811281 57.514 -103.0952
8.875131 57.699 -104.8168
8.939444 57.894 -106.4873
9.004223 58.098 -108.1078
9.069471 58.311 -109.6796
9.135192 58.531 -111.2047
9.201389 58.758 -112.6861
9.268066 58.991 -114.1279
9.335227 59.228 -115.5353
9.402873 59.470 -116.9144
9.471011 59.715 -118.2724
9.539641 59.962 -119.6168
9.608770 60.212 -120.9552
9.678399 60.462 -122.2954
9.748532 60.713 -123.6442
9.819174 60.964 -125.0074
9.890328 61.215 -126.4136
9.961997 61.465 -128.4746
10.034186 61.713 -130.5572
10.106898 61.960 -132.6594
10.180137 62.205 -134.7767
10.253906 62.447 -136.9022
10.328210 62.687 -138.6653
10.403053 62.923 -140.4174
10.478438 63.155 -142.1472
10.554369 63.383 -143.8432
10.630850 63.607 -145.4747
10.707885 63.825 -146.9309
10.785479 64.038 -148.3245
10.863635 64.244 -149.6497
10.942358 64.444 -150.9031
11.021650 64.637 -152.0453
11.101518 64.822 -153.0676
11.181964 65.000 -154.0198
11.262993 65.169 -154.9056
11.344609 65.331 -155.7296
11.426817 65.483 -156.4432
11.509621 65.626 -157.0999
11.593024 65.761 -157.7108
11.677032 65.886 -158.2812
11.761648 66.003 -158.7932
11.846878 66.111 -159.2519
11.932726 66.210 -159.6827
12.019195 66.301 -160.0891
12.106291 66.385 -160.4652
12.194018 66.461 -160.7952
12.282381 66.530 -161.1088
12.371384 66.594 -161.4084
12.461032 66.652 -161.6932
12.551330 66.706 -161.9437
12.642282 66.757 -162.1874
12.733894 66.805 -162.4269
12.826169 66.851 -162.6628
12.919112 66.896 -162.8805
13.012730 66.941 -163.1031
13.107025 66.987 -163.3337
13.202004 67.033 -163.5722
13.297671 67.081 -163.8109
13.394032 67.131 -164.0676
13.491090 67.183 -164.3453
13.588852 67.238 -164.6402
13.687323 67.295 -164.9516
13.786507 67.355 -165.2915
13.886409 67.417 -165.6618
13.987036 67.483 -166.0560
14.088392 67.551 -166.4796
14.190482 67.621 -166.9366
14.293312 67.695 -167.4262
14.396888 67.771 -167.9397
14.501213 67.850 -168.4862
14.606295 67.931 -169.0649
14.712138 68.014 -169.6700
14.818749 68.100 -170.3016
14.926131 68.188 -170.9617
15.034292 68.278 -171.6478
15.143237 68.370 -172.3540
15.252971 68.464 -173.0850
15.363500 68.560 -173.8399
15.474831 68.657 -174.6142
15.586968 68.755 -175.4114
15.699917 68.855 -176.2332
15.813685 68.957 -177.0781
15.928278 69.059 -177.9489
16.043701 69.163 -178.8500
16.159960 69.267 -179.7832
16.277062 69.373 179.2488
16.395012 69.480 178.2402
16.513817 69.589 177.1879
16.633483 69.698 176.0892
16.754016 69.808 174.9384
16.875422 69.920 173.7327
16.997709 70.033 172.4698
17.120881 70.147 171.1463
17.244946 70.262 169.7610
17.369910 70.378 168.3138
17.495780 70.495 166.8036
17.622561 70.613 165.2312
17.750262 70.731 163.5984
17.878887 70.850 161.9078
18.008445 70.970 160.1625
18.138942 71.090 158.3668
18.270384 71.210 156.5250
18.402779 71.330 154.6425
18.536133 71.449 152.7246
18.670453 71.569 150.7770
18.805747 71.687 148.8042
18.942021 71.805 146.8131
19.079283 71.922 144.8092
19.217539 72.037 142.7975
19.356797 72.151 140.7834
19.497065 72.263 138.7703
19.638349 72.374 136.7628
19.780656 72.482 134.7645
19.923995 72.588 132.7766
20.068372 72.692 130.8031
20.213796 72.794 128.8445
20.360274 72.892 126.9019
20.507813 72.988 124.9763
20.656421 73.081 123.0656
20.806106 73.170 121.1713
20.956875 73.257 119.2908
21.108737 73.340 117.4233
21.261700 73.420 115.5683
21.415771 73.497 113.7225
21.570958 73.571 111.8863
21.727270 73.641 110.0558
21.884715 73.707 108.2310
22.043301 73.770 106.4099
22.203036 73.829 104.5907
22.363928 73.885 102.7733
22.525986 73.937 100.9544
22.689219 73.986 99.1360
22.853634 74.030 97.3154
23.019241 74.071 95.4944
23.186048 74.107 93.6711
23.354064 74.139 91.8468
23.523297 74.166 90.0215
23.693756 74.189 88.1958
23.865451 74.207 86.3712
24.038390 74.220 84.5478
24.212582 74.227 82.7281
24.388037 74.229 80.9117
24.564762 74.225 79.1020
24.742769 74.214 77.2983
24.922065 74.198 75.5048
25.102661 74.174 73.7205
25.284565 74.144 71.9498
25.467787 74.107 70.1918
25.652337 74.062 68.4511
25.838225 74.010 66.7268
26.025459 73.950 65.0234
26.214050 73.883 63.3404
26.404008 73.809 61.6818
26.595342 73.727 60.0471
26.788063 73.637 58.4402
26.982181 73.540 56.8616
27.177705 73.436 55.3143
27.374645 73.325 53.7995
27.573013 73.208 52.3191
27.772819 73.084 50.8751
27.974072 72.955 49.4684
28.176784 72.821 48.1022
28.380964 72.683 46.7766
28.586625 72.540 45.4946
28.793775 72.395 44.2547
29.002427 72.247 43.0597
29.212590 72.098 41.9088
29.424277 71.949 40.8017
29.637497 71.800 39.7379
29.852263 71.652 38.7140
30.068584 71.507 37.7296
30.286474 71.365 36.7804
30.505942 71.227 35.8631
30.727001 71.094 34.9736
30.949661 70.966 34.1066
31.173935 70.845 33.2585
31.399834 70.730 32.4230
31.627370 70.622 31.5962
31.856555 70.521 30.7740
32.087401 70.426 29.9503
32.319920 70.338 29.1232
32.554123 70.255 28.2891
32.790024 70.177 27.4449
33.027634 70.103 26.5901
33.266966 70.033 25.7230
33.508032 69.965 24.8435
33.750845 69.898 23.9529
33.995417 69.832 23.0523
34.241762 69.764 22.1437
34.489892 69.695 21.2300
34.739820 69.623 20.3136
34.991559 69.548 19.3938
35.245122 69.468 18.4827
35.500523 69.384 17.5884
35.757774 69.294 16.7188
36.016890 69.198 15.8711
36.277883 69.096 15.0489
36.540768 68.988 14.2552
36.805557 68.873 13.4937
37.072265 68.752 12.7671
37.340906 68.625 12.0782
37.611494 68.491 11.4282
37.884042 68.351 10.8206
38.158566 68.206 10.2568
38.435078 68.055 9.7377
38.713595 67.899 9.2623
38.994130 67.739 8.8328
39.276697 67.576 8.4489
39.561312 67.409 8.1102
39.847990 67.240 7.8140
40.136745 67.069 7.5612
40.427592 66.897 7.3507
40.720547 66.725 7.1810
41.015625 66.555 7.0504
41.312841 66.387 6.9568
41.612211 66.222 6.8994
41.913750 66.062 6.8763
42.217475 65.909 6.8848
42.523400 65.762 6.9218
42.831542 65.625 6.9843
43.141917 65.498 7.0684
43.454541 65.382 7.1693
43.769430 65.280 7.2819
44.086602 65.192 7.4003
44.406072 65.120 7.5184
44.727856 65.064 7.6300
45.051973 65.025 7.7291
45.378438 65.003 7.8091
45.707269 64.999 7.8636
46.038482 65.012 7.8868
46.372096 65.042 7.8737
46.708128 65.088 7.8198
47.046594 65.149 7.7213
47.387513 65.224 7.5751
47.730902 65.312 7.3794
48.076780 65.413 7.1339
48.425164 65.524 6.8394
48.776073 65.645 6.4974
49.129525 65.776 6.1113
49.485537 65.914 5.6863
49.844130 66.060 5.2288
50.205321 66.213 4.7466
50.569130 66.373 4.2499
50.935574 66.538 3.7513
51.304674 66.709 3.2656
51.676449 66.885 2.8107
52.050918 67.066 2.4075
52.428101 67.252 2.0812
52.808016 67.442 1.8624
53.190685 67.636 1.7881
53.576126 67.833 1.9033
53.964361 68.034 2.2631
54.355409 68.237 2.9354
54.749291 68.442 4.0041
55.146027 68.649 5.5697
55.545638 68.856 7.7510
55.948144 69.063 10.6810
56.353568 69.270 14.4916
56.761929 69.475 19.2812
57.173249 69.678 25.0586
57.587550 69.878 31.6753
58.004853 70.074 38.7875
58.425180 70.265 45.9060
58.848553 70.452 52.5321
59.274994 70.632 58.3007
59.704525 70.807 63.0406
60.137169 70.974 66.7451
60.572947 71.134 69.5045
61.011884 71.285 71.4501
61.454001 71.429 72.7165
61.899322 71.563 73.4257
62.347870 71.689 73.6829
62.799669 71.805 73.5748
63.254741 71.912 73.1727
63.713111 72.009 72.5355
64.174802 72.096 71.7122
64.639839 72.175 70.7430
65.108246 72.243 69.6610
65.580047 72.303 68.4947
66.055268 72.354 67.2688
66.533931 72.398 66.0026
67.016064 72.433 64.7132
67.501690 72.461 63.4145
67.990835 72.484 62.1175
68.483524 72.500 60.8316
68.979784 72.513 59.5632
69.479640 72.521 58.3168
69.983118 72.528 57.0946
70.490245 72.532 55.8969
71.001046 72.536 54.7237
71.515549 72.540 53.5718
72.033780 72.545 52.4387
72.555766 72.552 51.3203
73.081535 72.561 50.2112
73.611114 72.573 49.1072
74.144531 72.588 48.0016
74.681813 72.606 46.8911
75.222988 72.628 45.7695
75.768085 72.652 44.6338
76.317131 72.680 43.4792
76.870157 72.709 42.3040
77.427190 72.740 41.1058
77.988259 72.773 39.8846
78.553394 72.806 38.6400
79.122624 72.839 37.3737
79.695980 72.872 36.0871
80.273489 72.905 34.7830
80.855184 72.935 33.4649
81.441094 72.965 32.1369
82.031250 72.992 30.8034
82.625682 73.018 29.4692
83.224422 73.042 28.1394
83.827500 73.065 26.8190
84.434949 73.086 25.5137
85.046800 73.106 24.2281
85.663084 73.126 22.9674
86.283834 73.146 21.7364
86.909082 73.168 20.5392
87.538861 73.192 19.3795
88.173204 73.219 18.2606
88.812143 73.251 17.1847
89.455712 73.288 16.1536
90.103945 73.331 15.1682
90.756876 73.383 14.2284
91.414537 73.443 13.3326
92.076965 73.512 12.4783
92.744193 73.591 11.6619
93.416255 73.680 10.8788
94.093188 73.780 10.1229
94.775026 73.891 9.3872
95.461805 74.011 8.6641
96.153560 74.140 7.9458
96.850329 74.277 7.2241
97.552146 74.422 6.4901
98.259049 74.573 5.7350
98.971075 74.729 4.9509
99.688260 74.889 4.1305
100.410642 75.051 3.2670
101.138259 75.215 2.3523
101.871149 75.379 1.3787
102.609349 75.542 0.3417
103.352899 75.704 -0.7625
104.101836 75.863 -1.9365
104.856201 76.018 -3.1826
105.616032 76.169 -4.5018
106.381370 76.313 -5.8943
107.152253 76.451 -7.3594
107.928722 76.582 -8.8957
108.710818 76.704 -10.5012
109.498582 76.817 -12.1724
110.292054 76.921 -13.9059
111.091275 77.014 -15.6977
111.896289 77.097 -17.5431
112.707135 77.169 -19.4371
113.523858 77.229 -21.3746
114.346498 77.278 -23.3501
115.175100 77.314 -25.3575
116.009706 77.338 -27.3910
116.850360 77.349 -29.4446
117.697106 77.348 -31.5125
118.549988 77.335 -33.5892
119.409050 77.310 -35.6688
120.274337 77.273 -37.7457
121.145895 77.224 -39.8153
122.023768 77.165 -41.8733
122.908002 77.095 -43.9158
123.798644 77.014 -45.9395
124.695740 76.925 -47.9412
125.599337 76.827 -49.9190
126.509482 76.720 -51.8710
127.426222 76.607 -53.7961
128.349605 76.487 -55.6935
129.279679 76.361 -57.5627
130.216493 76.230 -59.4044
131.160095 76.095 -61.2194
132.110535 75.957 -63.0088
133.067862 75.817 -64.7744
134.032127 75.675 -66.5184
135.003379 75.532 -68.2439
135.981669 75.389 -69.9543
136.967048 75.247 -71.6534
137.959568 75.106 -73.3451
138.959280 74.966 -75.0330
139.966236 74.828 -76.7214
140.980489 74.692 -78.4139
142.002092 74.557 -80.1133
143.031098 74.424 -81.8221
144.067560 74.292 -83.5427
145.111533 74.161 -85.2769
146.163071 74.031 -87.0256
147.222229 73.900 -88.7893
148.289062 73.769 -90.5679
149.363625 73.636 -92.3606
150.445976 73.502 -94.1665
151.536169 73.366 -95.9844
152.634263 73.226 -97.8126
153.740314 73.084 -99.6494
154.854379 72.939 -101.4932
155.976518 72.791 -103.3419
157.106788 72.638 -105.1935
158.245249 72.482 -107.0451
159.391959 72.322 -108.8936
160.546979 72.159 -110.7360
161.710369 71.992 -112.5682
162.882189 71.821 -114.3858
164.062500 71.648 -116.1831
165.251365 71.474 -117.9534
166.448844 71.298 -119.6891
167.655001 71.123 -121.3801
168.869898 70.950 -123.0139
170.093599 70.781 -124.5756
171.326167 70.617 -126.0453
172.567667 70.462 -127.3977
173.818164 70.316 -128.5992
175.077722 70.183 -129.6068
176.346407 70.064 -130.3622
177.624286 69.961 -130.7882
178.911425 69.875 -130.7833
180.207891 69.806 -130.2148
181.513751 69.755 -128.9130
182.829075 69.722 -126.6711
184.153930 69.704 -123.2628
185.488385 69.702 -118.5010
186.832510 69.713 -112.3562
188.186376 69.736 -105.1138
189.550052 69.768 -97.4401
190.923610 69.809 -90.1990
192.307121 69.856 -84.0992
193.700657 69.909 -79.4753
195.104292 69.965 -76.3279
196.518098 70.025 -74.4786
197.942150 70.085 -73.6967
199.376520 70.147 -73.7642
200.821284 70.208 -74.4985
202.276518 70.268 -75.7552
203.742297 70.326 -77.4215
205.218698 70.381 -79.4099
206.705797 70.432 -81.6531
208.203673 70.480 -84.0988
209.712402 70.522 -86.7063
211.232065 70.559 -89.4432
212.762739 70.589 -92.2839
214.304506 70.611 -95.2076
215.857445 70.626 -98.1974
217.421637 70.631 -101.2383
218.997164 70.626 -104.3171
220.584107 70.610 -107.4220
222.182551 70.582 -110.5416
223.792577 70.541 -113.6649
225.414270 70.486 -116.7808
227.047715 70.415 -119.8766
228.692996 70.328 -122.9401
230.350200 70.224 -125.9580
232.019413 70.103 -128.9160
233.700721 69.964 -131.7988
235.394213 69.806 -134.5912
237.099976 69.629 -137.2758
238.818100 69.434 -139.8342
240.548675 69.219 -142.2476
242.291790 68.986 -144.4965
244.047536 68.734 -146.5605
245.816005 68.465 -148.4196
247.597289 68.178 -150.0536
249.391481 67.876 -151.4425
251.198674 67.559 -152.5681
253.018964 67.230 -153.4129
254.852443 66.889 -153.9615
256.699209 66.541 -154.2002
258.559357 66.187 -154.1185
260.432985 65.831 -153.7101
262.320190 65.477 -152.9746
264.221070 65.130 -151.9196
266.135725 64.794 -150.5643
268.064254 64.476 -148.9424
270.006758 64.181 -147.1044
271.963338 63.917 -145.1171
273.934097 63.688 -143.0605
275.919136 63.500 -141.0210
277.918560 63.358 -139.0831
279.932473 63.263 -137.3226
281.960979 63.216 -135.7996
284.004184 63.215 -134.5554
286.062195 63.257 -133.6133
288.135120 63.337 -132.9812
290.223066 63.450 -132.6536
292.326142 63.590 -132.6160
294.444458 63.751 -132.8486
296.578124 63.930 -133.3282
298.727251 64.120 -134.0309
300.891952 64.318 -134.9333
303.072339 64.520 -136.0151
305.268526 64.723 -137.2568
307.480627 64.923 -138.6415
309.708759 65.117 -140.1528
311.953036 65.301 -141.7742
314.213576 65.474 -143.4874
316.490498 65.631 -145.2706
318.783918 65.772 -147.0969
321.093958 65.895 -148.9333
323.420737 65.999 -150.7397
325.764377 66.084 -152.4690
328.125000 66.153 -154.0657
330.502729 66.207 -155.4688
332.897688 66.251 -156.6127
335.310002 66.291 -157.4313
337.739796 66.332 -157.8644
340.187198 66.384 -157.8671
342.652335 66.455 -157.4222
345.135335 66.551 -156.5538
347.636328 66.679 -155.3382
350.155444 66.842 -153.9045
352.692815 67.043 -152.4203
355.248572 67.277 -151.0656
357.822850 67.541 -150.0034
360.415782 67.827 -149.3547
363.027503 68.128 -149.1904
365.658150 68.436 -149.5350
368.307860 68.744 -150.3776
370.976770 69.045 -151.6860
373.665021 69.335 -153.4166
376.372752 69.607 -155.5211
379.100104 69.860 -157.9520
381.847219 70.090 -160.6644
384.614242 70.294 -163.6168
387.401315 70.473 -166.7714
390.208585 70.625 -170.0932
393.036197 70.750 -173.5505
395.884299 70.848 -177.1144
398.753040 70.922 179.2419
401.642569 70.971 175.5442
404.553037 70.997 171.8140
407.484595 71.001 168.0714
410.437396 70.985 164.3330
413.411594 70.949 160.6146
416.407345 70.895 156.9319
419.424805 70.823 153.3005
422.464130 70.734 149.7371
425.525479 70.628 146.2595
428.609012 70.507 142.8881
431.714889 70.370 139.6470
434.843274 70.220 136.5630
437.994327 70.058 133.6658
441.168215 69.889 130.9909
444.365101 69.715 128.5776
447.585154 69.544 126.4689
450.828541 69.382 124.7114
454.095430 69.239 123.3539
457.385993 69.125 122.4429
460.700400 69.050 122.0172
464.038825 69.024 122.0970
467.401442 69.055 122.6730
470.788425 69.145 123.6929
474.199952 69.292 125.0527
477.636201 69.491 126.5979
481.097349 69.731 128.1385
484.583579 70.002 129.4787
488.095072 70.292 130.4480
491.632010 70.592 130.9240
495.194578 70.892 130.8403
498.782962 71.185 130.1816
502.397349 71.467 128.9702
506.037927 71.733 127.2531
509.704887 71.980 125.0891
513.398418 72.207 122.5415
517.118715 72.413 119.6721
520.865970 72.596 116.5388
524.640380 72.755 113.1934
528.442140 72.890 109.6826
532.271450 73.000 106.0483
536.128508 73.082 102.3284
540.013516 73.137 98.5574
543.926677 73.162 94.7683
547.868194 73.157 90.9930
551.838273 73.120 87.2619
555.837120 73.052 83.6046
559.864945 72.951 80.0488
563.921957 72.820 76.6201
568.008368 72.660 73.3405
572.124391 72.472 70.2285
576.270240 72.260 67.2974
580.446132 72.028 64.5546
584.652284 71.780 62.0021
588.888915 71.523 59.6355
593.156247 71.261 57.4456
597.454502 71.004 55.4180
601.783903 70.757 53.5343
606.144678 70.528 51.7725
610.537052 70.324 50.1082
614.961255 70.152 48.5168
619.417518 70.015 46.9756
623.906072 69.917 45.4653
628.427153 69.857 43.9723
632.980995 69.833 42.4911
637.567836 69.843 41.0254
642.187916 69.883 39.5883
646.841474 69.947 38.2023
651.528754 70.033 36.8978
656.250000 70.137 35.7089
661.005458 70.256 34.6710
665.795376 70.390 33.8140
670.620004 70.535 33.1553
675.479593 70.692 32.6904
680.374396 70.859 32.3881
685.304670 71.031 32.1863
690.270670 71.207 31.9960
695.272656 71.379 31.7141
700.310888 71.544 31.2408
705.385629 71.692 30.4973
710.497144 71.820 29.4376
715.645700 71.919 28.0519
720.831563 71.986 26.3641
726.055006 72.015 24.4261
731.316300 72.004 22.3071
736.615719 71.950 20.0861
741.953540 71.854 17.8442
747.330042 71.715 15.6591
752.745503 71.537 13.5993
758.200207 71.321 11.7197
763.694439 71.071 10.0573
769.228483 70.792 8.6304
774.802630 70.490 7.4389
780.417169 70.170 6.4658
786.072394 69.840 5.6833
791.768598 69.506 5.0584
797.506080 69.174 4.5604
803.285138 68.851 4.1658
809.106073 68.542 3.8601
814.969189 68.249 3.6384
820.874792 67.974 3.5020
826.823189 67.719 3.4556
832.814691 67.482 3.5050
838.849609 67.261 3.6560
844.928259 67.054 3.9145
851.050958 66.858 4.2878
857.218024 66.673 4.7839
863.429779 66.497 5.4092
869.686547 66.331 6.1648
875.988654 66.176 7.0424
882.336429 66.035 8.0188
888.730203 65.911 9.0580
895.170308 65.806 10.1155
901.657081 65.725 11.1451
908.190860 65.670 12.1060
914.771985 65.642 12.9704
921.400800 65.643 13.7238
928.077650 65.674 14.3636
934.802884 65.735 14.8933
941.576851 65.823 15.3174
948.399905 65.936 15.6376
955.272401 66.069 15.8512
962.194699 66.217 15.9528
969.167158 66.374 15.9372
976.190143 66.533 15.8038
983.264019 66.687 15.5612
990.389156 66.832 15.2294
997.565924 66.964 14.8373
1004.794698 67.081 14.4207
1012.075854 67.182 14.0154
1019.409773 67.270 13.6514
1026.796836 67.347 13.3459
1034.237430 67.416 13.0968
1041.731940 67.482 12.8810
1049.280759 67.547 12.6588
1056.884280 67.613 12.3788
1064.542900 67.681 11.9880
1072.257016 67.752 11.4405
1080.027033 67.823 10.7043
1087.853354 67.894 9.7651
1095.736387 67.962 8.6241
1103.676545 68.027 7.2935
1111.674240 68.086 5.7930
1119.729890 68.141 4.1465
1127.843914 68.190 2.3770
1136.016736 68.234 0.5054
1144.248782 68.273 -1.4495
1152.540480 68.307 -3.4709
1160.892264 68.336 -5.5427
1169.304568 68.360 -7.6502
1177.777830 68.376 -9.7786
1186.312494 68.384 -11.9118
1194.909003 68.383 -14.0323
1203.567807 68.371 -16.1221
1212.289355 68.346 -18.1619
1221.074104 68.309 -20.1317
1229.922510 68.258 -22.0126
1238.835035 68.193 -23.7877
1247.812145 68.116 -25.4423
1256.854306 68.025 -26.9650
1265.961990 67.923 -28.3495
1275.135673 67.810 -29.5952
1284.375831 67.688 -30.7073
1293.682948 67.558 -31.6972
1303.057508 67.421 -32.5822
1312.500000 67.278 -33.3847
1322.010916 67.131 -34.1301
1331.590752 66.982 -34.8431
1341.240008 66.833 -35.5469
1350.959186 66.686 -36.2607
1360.748793 66.543 -36.9953
1370.609339 66.407 -37.7538
1380.541340 66.278 -38.5301
1390.545311 66.159 -39.3110
1400.621776 66.050 -40.0769
1410.771259 65.952 -40.8033
1420.994289 65.868 -41.4621
1431.291399 65.796 -42.0236
1441.663127 65.740 -42.4584
1452.110012 65.699 -42.7402
1462.632600 65.676 -42.8458
1473.231438 65.671 -42.7571
1483.907081 65.684 -42.4639
1494.660083 65.715 -41.9670
1505.491006 65.765 -41.2813
1516.400415 65.830 -40.4391
1527.388877 65.911 -39.4913
1538.456967 66.004 -38.5054
1549.605260 66.107 -37.5594
1560.834338 66.217 -36.7325
1572.144787 66.332 -36.0927
1583.537197 66.447 -35.6895
1595.012160 66.561 -35.5493
1606.570276 66.670 -35.6753
1618.212146 66.774 -36.0519
1629.938378 66.869 -36.6494
1641.749584 66.958 -37.4307
1653.646378 67.039 -38.3568
1665.629381 67.115 -39.3917
1677.699218 67.188 -40.5051
1689.856519 67.259 -41.6752
1702.101915 67.331 -42.8890
1714.436048 67.403 -44.1410
1726.859558 67.477 -45.4315
1739.373094 67.550 -46.7637
1751.977309 67.623 -48.1419
1764.672858 67.691 -49.5696
1777.460405 67.755 -51.0479
1790.340616 67.811 -52.5750
1803.314162 67.858 -54.1465
1816.381720 67.895 -55.7563
1829.543971 67.921 -57.3970
1842.801601 67.936 -59.0611
1856.155301 67.941 -60.7407
1869.605767 67.936 -62.4288
1883.153701 67.921 -64.1190
1896.799809 67.898 -65.8048
1910.544802 67.866 -67.4796
1924.389398 67.827 -69.1374
1938.334317 67.780 -70.7711
1952.380286 67.726 -72.3734
1966.528038 67.665 -73.9370
1980.778311 67.597 -75.4564
1995.131847 67.524 -76.9272
2009.589395 67.446 -78.3481
2024.151708 67.364 -79.7213
2038.819546 67.280 -81.0533
2053.593673 67.194 -82.3554
2068.474859 67.109 -83.6403
2083.463881 67.023 -84.9210
2098.561519 66.938 -86.2078
2113.768561 66.853 -87.5059
2129.085799 66.767 -88.8126
2144.514032 66.678 -90.1174
2160.054065 66.586 -91.4022
2175.706707 66.489 -92.6414
2191.472775 66.386 -93.8051
2207.353090 66.279 -94.8617
2223.348480 66.169 -95.7811
2239.459780 66.060 -96.5387
2255.687829 65.955 -97.1209
2272.033473 65.859 -97.5290
2288.497564 65.778 -97.7822
2305.080960 65.717 -97.9178
2321.784527 65.679 -97.9890
2338.609135 65.666 -98.0582
2355.555661 65.677 -98.1898
2372.624988 65.710 -98.4403
2389.818007 65.762 -98.8527
2407.135613 65.826 -99.4529
2424.578710 65.899 -100.2507
2442.148207 65.978 -101.2430
2459.845020 66.057 -102.4174
2477.670071 66.136 -103.7571
2495.624289 66.213 -105.2444
2513.708612 66.286 -106.8633
2531.923981 66.354 -108.6001
2550.271346 66.416 -110.4434
2568.751663 66.470 -112.3824
2587.365896 66.515 -114.4047
2606.115016 66.547 -116.4954
2625.000000 66.564 -118.6353
2644.021832 66.564 -120.7991
2663.181504 66.545 -122.9562
2682.480015 66.506 -125.0688
2701.918371 66.445 -127.0938
2721.497586 66.363 -128.9829
2741.218679 66.262 -130.6848
2761.082679 66.143 -132.1472
2781.090623 66.010 -133.3206
2801.243552 65.870 -134.1637
2821.542517 65.729 -134.6526
2841.988577 65.595 -134.7878
2862.582798 65.478 -134.6013
2883.326253 65.385 -134.1613
2904.220024 65.323 -133.5679
2925.265199 65.296 -132.9437
2946.462877 65.304 -132.4148
2967.814161 65.344 -132.0911
2989.320166 65.411 -132.0535
3010.982012 65.497 -132.3480
3032.800829 65.593 -132.9869
3054.777754 65.691 -133.9557
3076.913933 65.784 -135.2203
3099.210520 65.867 -136.7352
3121.668677 65.935 -138.4495
3144.289575 65.986 -140.3102
3167.074393 66.017 -142.2661
3190.024320 66.030 -144.2677
3213.140551 66.025 -146.2698
3236.424292 66.004 -148.2322
3259.876757 65.969 -150.1179
3283.499167 65.925 -151.8956
3307.292756 65.874 -153.5393
3331.258763 65.823 -155.0310
3355.398437 65.774 -156.3605
3379.713037 65.734 -157.5277
3404.203831 65.707 -158.5461
3428.872095 65.695 -159.4412
3453.719116 65.703 -160.2498
3478.746188 65.731 -161.0184
3503.954617 65.779 -161.7979
3529.345717 65.844 -162.6367
3554.920811 65.924 -163.5764
3580.681232 66.013 -164.6482
3606.628325 66.109 -165.8704
3632.763440 66.207 -167.2493
3659.087942 66.303 -168.7797
3685.603201 66.394 -170.4491
3712.310601 66.478 -172.2394
3739.211534 66.555 -174.1296
3766.307402 66.624 -176.0984
3793.599618 66.683 -178.1240
3821.089605 66.734 179.8130
3848.778795 66.778 177.7296
3876.668633 66.814 175.6400
3904.760572 66.844 173.5557
3933.056077 66.869 171.4844
3961.556622 66.891 169.4316
3990.263695 66.911 167.3987
4019.178790 66.929 165.3840
4048.303417 66.947 163.3860
4077.639092 66.964 161.4025
4107.187346 66.980 159.4333
4136.949718 66.993 157.4807
4166.927761 67.002 155.5496
4197.123038 67.005 153.6494
4227.537121 67.000 151.7930
4258.171598 66.986 149.9955
4289.028065 66.962 148.2722
4320.108130 66.930 146.6370
4351.413415 66.889 145.0991
4382.945550 66.841 143.6624
4414.706180 66.789 142.3225
4446.696961 66.735 141.0679
4478.919560 66.681 139.8800
4511.375658 66.628 138.7368
4544.066945 66.578 137.6162
4576.995128 66.530 136.5005
4610.161921 66.485 135.3789
4643.569055 66.442 134.2500
4677.218270 66.399 133.1193
4711.111322 66.358 131.9985
4745.249977 66.319 130.9031
4779.636014 66.282 129.8473
4814.271227 66.251 128.8403
4849.157421 66.228 127.8845
4884.296414 66.216 126.9745
4919.690040 66.219 126.0968
4955.340142 66.237 125.2323
4991.248579 66.271 124.3595
5027.417224 66.320 123.4575
5063.847961 66.382 122.5084
5100.542691 66.452 121.5017
5137.503326 66.527 120.4343
5174.731793 66.604 119.3123
5212.230033 66.679 118.1484
5250.000000 66.751 116.9597
5288.043664 66.819 115.7656
5326.363008 66.883 114.5833
5364.960030 66.944 113.4238
5403.836742 67.005 112.2903
5442.995171 67.066 111.1763
5482.437358 67.128 110.0664
5522.165359 67.192 108.9399
5562.181245 67.257 107.7734
5602.487104 67.319 106.5464
5643.085035 67.377 105.2458
5683.977155 67.428 103.8682
5725.165596 67.469 102.4180
5766.652506 67.498 100.9097
5808.440048 67.515 99.3633
5850.530399 67.518 97.8018
5892.925754 67.509 96.2471
5935.628323 67.489 94.7188
5978.640332 67.461 93.2308
6021.964025 67.425 91.7910
6065.601659 67.385 90.4036
6109.555509 67.341 89.0703
6153.827866 67.295 87.7941
6198.421040 67.248 86.5802
6243.337354 67.199 85.4382
6288.579150 67.150 84.3811
6334.148787 67.101 83.4236
6380.048640 67.055 82.5764
6426.281102 67.011 81.8440
6472.848584 66.974 81.2195
6519.753513 66.945 80.6844
6566.998335 66.926 80.2081
6614.585512 66.918 79.7532
6662.517525 66.922 79.2799
6710.796874 66.935 78.7539
6759.426074 66.958 78.1503
6808.407662 66.988 77.4573
6857.744190 67.024 76.6738
6907.438232 67.063 75.8076
6957.492377 67.106 74.8711
7007.909234 67.152 73.8781
7058.691434 67.200 72.8398
7109.841621 67.250 71.7634
7161.362465 67.303 70.6501
7213.256649 67.358 69.4989
7265.526880 67.412 68.3071
7318.175883 67.466 67.0747
7371.206402 67.517 65.8041
7424.621202 67.562 64.5031
7478.423068 67.601 63.1838
7532.614805 67.631 61.8618
7587.199237 67.652 60.5541
7642.179210 67.664 59.2781
7697.557591 67.667 58.0488
7753.337266 67.663 56.8781
7809.521144 67.654 55.7749
7866.112154 67.640 54.7463
7923.113245 67.626 53.7972
7980.527390 67.614 52.9290
8038.357581 67.605 52.1396
8096.606833 67.604 51.4233
8155.278184 67.612 50.7678
8214.374692 67.630 50.1532
8273.899437 67.659 49.5549
8333.855523 67.699 48.9449
8394.246075 67.749 48.2952
8455.074243 67.806 47.5811
8516.343196 67.868 46.7853
8578.056130 67.933 45.8969
8640.216260 67.998 44.9113
8702.826829 68.062 43.8293
8765.891100 68.123 42.6556
8829.412360 68.178 41.3969
8893.393922 68.225 40.0626
8957.839120 68.263 38.6648
9022.751315 68.290 37.2197
9088.133891 68.303 35.7473
9153.990255 68.304 34.2709
9220.323842 68.291 32.8160
9287.138109 68.266 31.4080
9354.436540 68.232 30.0679
9422.222644 68.192 28.8118
9490.499953 68.150 27.6481
9559.272028 68.109 26.5771
9628.542454 68.072 25.5912
9698.314841 68.043 24.6742
9768.592829 68.023 23.8041
9839.380079 68.011 22.9545
9910.680283 68.007 22.0962
9982.497158 68.008 21.2019
10054.834447 68.011 20.2491
10127.695923 68.012 19.2230
10201.085382 68.007 18.1183
10275.006652 67.993 16.9396
10349.463586 67.968 15.7014
10424.460065 67.929 14.4243
10500.000000 67.876 13.1329
10576.087328 67.809 11.8525
10652.726017 67.729 10.6067
10729.920061 67.638 9.4154
10807.673485 67.536 8.2932
10885.990342 67.428 7.2478
10964.874715 67.315 6.2786
11044.330718 67.202 5.3771
11124.362491 67.090 4.5286
11204.974207 66.984 3.7139
11286.170069 66.885 2.9115
11367.954310 66.796 2.1012
11450.331193 66.717 1.2664
11533.305013 66.648 0.3949
11616.880095 66.589 -0.5193
11701.060797 66.537 -1.4769
11785.851507 66.492 -2.4738
11871.256646 66.451 -3.5010
11957.280665 66.412 -4.5468
12043.928050 66.372 -5.5981
12131.203317 66.331 -6.6404
12219.111017 66.286 -7.6600
12307.655733 66.238 -8.6453
12396.842080 66.186 -9.5874
12486.674708 66.131 -10.4817
12577.158300 66.075 -11.3273
12668.297573 66.018 -12.1278
12760.097280 65.962 -12.8910
12852.562205 65.908 -13.6276
12945.697169 65.859 -14.3501
13039.507027 65.813 -15.0720
13133.996670 65.772 -15.8062
13229.171024 65.736 -16.5621
13325.035051 65.704 -17.3468
13421.593747 65.675 -18.1620
13518.852148 65.648 -19.0052
13616.815324 65.623 -19.8689
13715.488381 65.597 -20.7419
13814.876464 65.571 -21.6123
13914.984753 65.544 -22.4657
14015.818469 65.516 -23.2892
14117.382867 65.488 -24.0724
14219.683243 65.460 -24.8086
14322.724929 65.433 -25.4951
14426.513298 65.409 -26.1335
14531.053761 65.386 -26.7291
14636.351766 65.367 -27.2916
14742.412805 65.351 -27.8320
14849.242405 65.339 -28.3606
14956.846137 65.329 -28.8871
15065.229609 65.322 -29.4196
15174.398473 65.318 -29.9622
15284.358420 65.314 -30.5159
15395.115182 65.312 -31.0797
15506.674532 65.310 -31.6509
15619.042288 65.309 -32.2257
15732.224307 65.307 -32.8004
15846.226490 65.305 -33.3721
15961.054779 65.302 -33.9393
16076.715162 65.298 -34.5020
16193.213667 65.293 -35.0614
16310.556368 65.286 -35.6204
16428.749383 65.277 -36.1824
16547.798874 65.266 -36.7505
16667.711046 65.251 -37.3279
16788.492151 65.234 -37.9161
16910.148485 65.212 -38.5166
17032.686392 65.187 -39.1274
17156.112259 65.157 -39.7473
17280.432521 65.123 -40.3749
17405.653658 65.086 -41.0050
17531.782199 65.045 -41.6360
17658.824720 65.002 -42.2828
17786.787844 64.958 -42.9331
17915.678240 64.913 -43.5444
18045.502630 64.870 -44.1318
18176.267781 64.828 -44.7144
18307.980510 64.790 -45.2963
18440.647684 64.756 -45.8842
18574.276219 64.726 -46.4849
18708.873081 64.702 -47.1047
18844.445288 64.683 -47.7505
18980.999906 64.669 -48.4298
19118.544056 64.660 -49.1506
19257.084907 64.655 -49.9209
19396.629683 64.654 -50.7509
19537.185657 64.655 -51.6521
19678.760158 64.660 -52.6388
19821.360566 64.666 -53.7272
19964.994316 64.674 -54.9508
20109.668895 64.683 -56.1213
20255.391845 64.692 -57.3251
20402.170764 64.700 -58.6555
20550.013304 64.708 -60.1144
20698.927171 64.714 -61.6981
20848.920130 64.719 -63.3986
21000.000000 64.723 -65.2020
21152.174657 64.725 -67.0908
21305.452034 64.727 -69.0460
21459.840122 64.728 -71.0492
21615.346970 64.728 -73.0853
21771.980684 64.728 -75.1442
21929.749431 64.728 -77.2207
22088.661435 64.728 -79.3129
