* Measurement data measured by REW V5.40 beta 100
* Source: Trace Arithmetic result A / B
* Format: Trace Arithmetic result A / B
* Dated: Sep 23, 2025 2:22:12 PM
* REW Settings:
*  C-weighting compensation: Off
*  Target level: 75.0 dB
* Note: ; Trace Arithmetic A over B A = Target RMS + phase average B = LX-MP Maximum gain 0.0 dB Lower frequency limit 20 Hz Upper frequency limit 225 Hz 
* Measurement: LX-MP-INV+0dB
* Smoothing: 1/48 octave
* Frequency Step: 96 ppo
* Start Frequency: 1.0986328 Hz
*
* Freq(Hz) SPL(dB) Phase(degrees)
1.098633 0.081 0.0002
1.106594 0.079 0.0002
1.114613 0.076 0.0002
1.122690 0.072 0.0002
1.130825 0.069 0.0002
1.139020 0.066 0.0002
1.147273 0.063 0.0002
1.155587 0.060 0.0002
1.163961 0.056 0.0002
1.172395 0.053 0.0001
1.180891 0.050 0.0001
1.189448 0.046 0.0001
1.198068 0.043 0.0001
1.206749 0.039 0.0001
1.215494 0.036 0.0001
1.224302 0.033 0.0001
1.233174 0.029 0.0001
1.242110 0.026 0.0001
1.251111 0.022 0.0001
1.260177 0.019 0.0001
1.269308 0.015 0.0000
1.278506 0.011 0.0000
1.287771 0.008 0.0000
1.297103 0.004 0.0000
1.306502 0.000 -0.0000
1.315969 -0.003 -0.0000
1.325505 -0.007 -0.0000
1.335111 -0.011 -0.0000
1.344785 -0.015 -0.0001
1.354530 -0.018 -0.0001
1.364346 -0.022 -0.0001
1.374232 -0.026 -0.0001
1.384191 -0.030 -0.0001
1.394221 -0.034 -0.0001
1.404324 -0.038 -0.0001
1.414500 -0.042 -0.0001
1.424750 -0.046 -0.0001
1.435075 -0.050 -0.0001
1.445474 -0.054 -0.0001
1.455948 -0.058 -0.0001
1.466499 -0.061 -0.0001
1.477126 -0.061 -0.0001
1.487830 -0.060 -0.0001
1.498611 -0.058 -0.0001
1.509471 -0.056 -0.0001
1.520409 -0.053 -0.0001
1.531426 -0.049 -0.0001
1.542524 -0.045 -0.0001
1.553701 -0.040 -0.0001
1.564960 -0.035 -0.0001
1.576301 -0.030 -0.0001
1.587723 -0.024 -0.0001
1.599228 -0.018 -0.0001
1.610817 -0.012 -0.0001
1.622490 -0.005 -0.0000
1.634247 0.002 -0.0000
1.646089 0.009 -0.0000
1.658018 0.016 -0.0000
1.670032 0.023 -0.0000
1.682134 0.030 0.0000
1.694323 0.037 0.0000
1.706601 0.043 0.0000
1.718968 0.049 0.0000
1.731424 0.055 0.0001
1.743971 0.061 0.0001
1.756608 0.066 0.0001
1.769338 0.071 0.0001
1.782159 0.074 0.0001
1.795073 0.078 0.0001
1.808081 0.080 0.0001
1.821183 0.081 0.0001
1.834380 0.081 0.0001
1.847673 0.081 0.0001
1.861062 0.079 0.0001
1.874548 0.076 0.0001
1.888132 0.072 0.0001
1.901814 0.067 0.0001
1.915595 0.062 0.0001
1.929476 0.056 0.0001
1.943458 0.049 0.0001
1.957541 0.042 0.0001
1.971726 0.034 0.0001
1.986014 0.026 0.0001
2.000406 0.018 0.0000
2.014901 0.010 0.0000
2.029502 0.001 0.0000
2.044209 -0.007 0.0000
2.059022 -0.016 -0.0000
2.073943 -0.024 -0.0000
2.088971 -0.031 -0.0000
2.104109 -0.038 -0.0000
2.119356 -0.045 -0.0000
2.134714 -0.050 -0.0000
2.150183 -0.055 -0.0001
2.165764 -0.058 -0.0001
2.181458 -0.060 -0.0001
2.197266 -0.061 -0.0001
2.213188 -0.060 -0.0001
2.229226 -0.058 -0.0001
2.245379 -0.054 -0.0001
2.261650 -0.049 -0.0001
2.278039 -0.043 -0.0001
2.294547 -0.036 -0.0001
2.311174 -0.028 -0.0001
2.327922 -0.020 -0.0000
2.344791 -0.011 -0.0000
2.361782 -0.001 -0.0000
2.378897 0.009 -0.0000
2.396135 0.019 -0.0000
2.413499 0.029 -0.0000
2.430988 0.039 -0.0000
2.448604 0.048 -0.0000
2.466347 0.056 0.0000
2.484219 0.064 0.0000
2.502221 0.070 0.0000
2.520353 0.075 0.0000
2.538617 0.079 0.0000
2.557013 0.081 0.0000
2.575542 0.080 0.0000
2.594205 0.078 0.0000
2.613004 0.074 0.0000
2.631939 0.068 0.0000
2.651011 0.061 0.0000
2.670221 0.052 0.0000
2.689571 0.042 0.0000
2.709061 0.032 0.0000
2.728691 0.020 0.0000
2.748465 0.009 0.0000
2.768381 -0.002 0.0000
2.788442 -0.014 0.0000
2.808648 -0.024 0.0000
2.829001 -0.034 0.0000
2.849501 -0.043 0.0000
2.870150 -0.051 0.0000
2.890948 -0.056 0.0000
2.911897 -0.059 0.0000
2.932998 -0.060 -0.0000
2.954251 -0.059 -0.0000
2.975659 -0.054 -0.0000
2.997222 -0.048 -0.0000
3.018941 -0.040 -0.0000
3.040818 -0.030 -0.0000
3.062853 -0.018 -0.0000
3.085047 -0.006 -0.0000
3.107403 0.007 -0.0000
3.129920 0.020 -0.0000
3.152601 0.033 -0.0000
3.175446 0.045 -0.0000
3.198457 0.056 -0.0000
3.221634 0.065 -0.0000
3.244979 0.073 -0.0000
3.268494 0.078 -0.0000
3.292179 0.080 -0.0000
3.316035 0.079 -0.0000
3.340064 0.075 -0.0000
3.364268 0.067 -0.0000
3.388647 0.058 -0.0000
3.413202 0.046 -0.0000
3.437936 0.033 -0.0000
3.462849 0.019 0.0000
3.487942 0.005 0.0000
3.513217 -0.009 0.0000
3.538675 -0.023 0.0000
3.564318 -0.035 0.0000
3.590146 -0.046 0.0000
3.616162 -0.054 0.0000
3.642366 -0.058 0.0000
3.668760 -0.059 0.0000
3.695346 -0.056 0.0000
3.722124 -0.050 0.0000
3.749096 -0.040 0.0000
3.776263 -0.028 0.0000
3.803627 -0.013 0.0000
3.831190 0.002 -0.0000
3.858953 0.018 -0.0000
3.886916 0.033 -0.0000
3.915082 0.048 -0.0000
3.943453 0.060 -0.0000
3.972028 0.070 -0.0000
4.000811 0.077 -0.0000
4.029803 0.079 -0.0000
4.059005 0.076 -0.0000
4.088418 0.069 -0.0000
4.118044 0.059 -0.0000
4.147885 0.045 -0.0000
4.177942 0.029 -0.0000
4.208218 0.012 -0.0000
4.238712 -0.005 0.0000
4.269427 -0.022 0.0000
4.300366 -0.036 0.0000
4.331528 -0.048 0.0000
4.362916 -0.056 0.0000
4.394531 -0.059 0.0000
4.426376 -0.056 0.0000
4.458451 -0.048 0.0000
4.490759 -0.035 0.0000
4.523301 -0.020 0.0000
4.556079 -0.002 0.0000
4.589094 0.016 0.0000
4.622348 0.035 -0.0000
4.655844 0.051 -0.0000
4.689582 0.065 -0.0000
4.723564 0.074 -0.0000
4.757793 0.078 -0.0000
4.792270 0.075 -0.0000
4.826997 0.067 -0.0000
4.861975 0.053 -0.0000
4.897207 0.036 -0.0000
4.932695 0.016 -0.0000
4.968439 -0.003 -0.0000
5.004442 -0.022 0.0000
5.040706 -0.039 0.0000
5.077234 -0.051 0.0000
5.114025 -0.057 0.0000
5.151084 -0.056 0.0000
5.188410 -0.048 0.0000
5.226008 -0.033 0.0000
5.263878 -0.015 0.0000
5.302022 0.005 0.0000
5.340442 0.027 0.0000
5.379142 0.046 -0.0000
5.418121 0.063 -0.0000
5.457383 0.073 -0.0000
5.496929 0.077 -0.0000
5.536762 0.072 -0.0000
5.576884 0.059 -0.0000
5.617296 0.042 -0.0000
5.658002 0.020 -0.0000
5.699002 -0.002 -0.0000
5.740299 -0.023 0.0000
5.781896 -0.041 0.0000
5.823794 -0.053 0.0000
5.865995 -0.056 0.0000
5.908503 -0.050 0.0000
5.951318 -0.036 0.0000
5.994444 -0.016 0.0000
6.037882 0.007 0.0000
6.081635 0.031 0.0000
6.125705 0.052 0.0000
6.170095 0.068 0.0000
6.214806 0.075 0.0000
6.259841 0.072 0.0000
6.305202 0.060 -0.0000
6.350892 0.040 -0.0000
6.396913 0.017 -0.0000
6.443268 -0.008 -0.0000
6.489959 -0.030 -0.0000
6.536988 -0.047 -0.0000
6.584357 -0.055 -0.0000
6.632070 -0.051 -0.0000
6.680129 -0.036 -0.0000
6.728536 -0.014 -0.0000
6.777294 0.011 -0.0000
6.826405 0.037 -0.0000
6.875872 0.058 -0.0000
6.925697 0.071 0.0000
6.975884 0.073 0.0000
7.026434 0.063 0.0000
7.077350 0.043 -0.0000
7.128635 0.017 -0.0000
7.180293 -0.010 -0.0000
7.232324 -0.034 -0.0000
7.284732 -0.049 -0.0000
7.337520 -0.053 -0.0000
7.390691 -0.043 -0.0000
7.444247 -0.022 -0.0000
7.498191 0.005 0.0000
7.552526 0.033 0.0000
7.607255 0.056 0.0000
7.662380 0.071 0.0000
7.717905 0.071 0.0000
7.773832 0.057 0.0000
7.830165 0.032 0.0000
7.886905 0.004 0.0000
7.944057 -0.024 -0.0000
8.001623 -0.044 -0.0000
8.059606 -0.051 -0.0000
8.118009 -0.043 -0.0000
8.176836 -0.021 0.0000
8.236088 0.008 0.0000
8.295770 0.037 0.0000
8.355885 0.061 0.0000
8.416435 0.071 0.0000
8.477424 0.064 0.0000
8.538855 0.043 0.0000
8.600731 0.013 -0.0000
8.663055 -0.017 -0.0000
8.725832 -0.041 -0.0000
8.789063 -0.050 -0.0000
8.852752 -0.041 -0.0000
8.916902 -0.017 -0.0000
8.981518 0.014 0.0000
9.046602 0.044 0.0000
9.112157 0.065 0.0000
9.178188 0.068 0.0000
9.244696 0.052 0.0000
9.311687 0.023 0.0000
9.379164 -0.009 -0.0000
9.447129 -0.036 -0.0000
9.515587 -0.048 -0.0000
9.584541 -0.039 -0.0000
9.653994 -0.014 -0.0000
9.723951 0.019 -0.0000
9.794415 0.049 -0.0000
9.865389 0.066 0.0000
9.936878 0.062 0.0000
10.008884 0.039 0.0000
10.081413 0.006 0.0000
10.154467 -0.026 0.0000
10.228051 -0.045 0.0000
10.302167 -0.041 0.0000
10.376821 -0.017 -0.0000
10.452016 0.017 -0.0001
10.527755 0.048 -0.0001
10.604044 0.065 -0.0001
10.680885 0.058 -0.0000
10.758283 0.031 0.0000
10.836242 -0.004 0.0001
10.914766 -0.034 0.0002
10.993859 -0.044 0.0002
11.073525 -0.029 0.0001
11.153768 0.003 -0.0001
11.234593 0.038 -0.0003
11.316003 0.061 -0.0004
11.398004 0.059 -0.0003
11.480599 0.034 -0.0001
11.563792 -0.002 0.0002
11.647588 -0.032 0.0005
11.731991 -0.042 0.0005
11.817006 -0.024 0.0003
11.902637 0.010 0.0000
11.988888 0.044 -0.0004
12.075764 0.061 -0.0006
12.163270 0.050 -0.0006
12.251411 0.018 -0.0006
12.340189 -0.018 -0.0005
12.429611 -0.039 -0.0002
12.519681 -0.031 0.0006
12.610404 -0.000 0.0021
12.701784 0.037 0.0035
12.793827 0.059 0.0035
12.886536 0.051 0.0004
12.979917 0.019 -0.0063
13.073975 -0.018 -0.0124
13.168715 -0.038 -0.0134
13.264140 -0.027 -0.0021
13.360258 0.007 0.0199
13.457072 0.043 0.0385
13.554587 0.058 0.0392
13.652809 0.040 0.0110
13.751743 0.003 -0.0452
13.851394 -0.029 -0.0950
13.951767 -0.034 -0.1954
14.052867 -0.008 -0.5032
14.154700 0.030 -0.9285
14.257271 0.054 -1.5112
14.360585 0.046 -2.3079
14.464648 0.012 -3.3176
14.569465 -0.023 -4.4298
14.675041 -0.032 -5.5344
14.781382 -0.008 -6.6980
14.888494 0.029 -7.8850
14.996382 0.052 -8.9813
15.105052 0.040 -9.8997
15.214510 0.006 -10.6931
15.324760 -0.025 -11.4506
15.435810 -0.026 -12.2399
15.547664 0.004 -13.0015
15.660329 0.038 -13.8021
15.773810 0.048 -14.7383
15.888114 0.025 -15.8619
16.003246 -0.010 -17.0756
16.119212 -0.027 -18.2519
16.236018 -0.009 -19.3841
16.353671 0.025 -20.4903
16.472176 0.045 -21.5043
16.591541 0.031 -22.3443
16.711770 -0.002 -23.0726
16.832870 -0.023 -23.8622
16.954848 -0.010 -24.7980
17.077710 0.022 -25.8174
17.201462 0.042 -26.9295
17.326111 0.029 -28.2047
17.451663 -0.001 -29.5912
17.578125 -0.018 -30.8561
17.705503 -0.003 -31.9265
17.833805 0.025 -32.8601
17.963036 0.037 -33.6085
18.093203 0.019 -34.1006
18.224314 -0.008 -34.4427
18.356375 -0.014 -34.7978
18.489393 0.009 -35.1161
18.623375 0.032 -35.4735
18.758327 0.030 -35.9883
18.894258 0.005 -36.6315
19.031174 -0.013 -37.3617
19.169081 -0.001 -38.2072
19.307988 0.023 -39.1295
19.447902 0.031 -39.9483
19.588829 0.012 -40.6953
19.730778 -0.008 -41.2849
19.873756 -0.003 -41.5807
20.017769 0.020 -41.6214
20.162826 0.030 -41.4600
20.308934 0.013 -40.9951
20.456101 -0.007 -40.4509
20.604334 -0.002 -40.1187
20.753642 0.021 -39.9161
20.904031 0.030 -40.0780
21.055511 0.012 -40.8455
21.208087 -0.007 -41.6857
21.361770 0.001 -42.1950
21.516566 0.021 -42.4319
21.672484 0.023 -41.7201
21.829532 0.003 -39.8990
21.987718 -0.007 -37.9714
22.147050 0.011 -36.0579
22.307536 0.031 -34.5906
22.469186 0.020 -34.5534
22.632007 -0.003 -35.4374
22.796008 -0.003 -36.3312
22.961197 0.018 -37.3774
23.127583 0.023 -37.3652
23.295175 0.003 -36.0151
23.463982 -0.006 -34.1304
23.634011 0.014 -31.6786
23.805273 0.029 -29.4104
23.977776 0.012 -28.0476
24.151529 -0.007 -27.1727
24.326541 0.006 -26.7852
24.502821 0.027 -26.5168
24.680379 0.016 -25.5719
24.859223 -0.005 -24.0664
25.039363 0.005 -21.6863
25.220808 0.027 -18.6023
25.403569 0.017 -15.2166
25.587654 -0.007 -11.5032
25.773072 0.004 -7.7499
25.959835 0.028 -3.7672
26.147950 0.016 0.8036
26.337429 -0.008 6.2076
26.528281 0.007 13.5893
26.720516 0.029 22.2769
26.914144 0.013 32.0610
27.109175 -0.005 40.3612
27.305619 0.008 44.1500
27.503487 0.017 43.8291
27.702788 -0.001 37.8726
27.903534 -0.003 32.9890
28.105735 0.021 30.3830
28.309400 0.017 30.0255
28.514542 -0.014 32.1684
28.721170 -0.032 3.6969
28.929296 -0.030 -116.3013
29.138929 -0.010 -112.9888
29.350082 0.005 -108.2523
29.562765 0.005 -103.0557
29.776989 0.010 -100.4424
29.992765 0.019 -99.8094
30.210105 0.014 -98.2020
30.429020 0.006 -95.0832
30.649521 0.009 -88.9909
30.871620 0.012 -82.5053
31.095328 0.012 -76.1297
31.320658 0.009 -71.1532
31.547620 0.008 -67.3267
31.776228 0.013 -64.6997
32.006491 0.012 -62.8672
32.238423 0.008 -61.5159
32.472036 0.012 -60.0194
32.707342 0.012 -58.1834
32.944353 0.006 -55.9915
33.183081 0.012 -53.7674
33.423540 0.013 -51.5662
33.665740 0.006 -49.3777
33.909696 0.012 -46.8648
34.155420 0.013 -43.5329
34.402924 0.006 -39.0288
34.652222 0.014 -32.8583
34.903326 0.013 -25.6268
35.156250 0.003 -17.9371
35.411007 0.015 -11.2841
35.667609 0.013 -6.2850
35.926072 0.004 -2.7567
36.186407 0.016 -0.1100
36.448628 0.010 3.1319
36.712750 0.006 7.2255
36.978786 0.018 12.0334
37.246749 0.007 15.6295
37.516655 0.010 15.9943
37.788516 0.016 12.7017
38.062347 0.005 5.9487
38.338162 0.014 -2.5626
38.615977 0.013 -11.6194
38.895804 0.006 -20.1774
39.177659 0.013 -27.2942
39.461556 0.006 -32.6544
39.747511 0.009 -37.2226
40.035538 0.012 -41.5914
40.325652 0.008 -45.8735
40.617868 0.013 -49.4213
40.912202 0.011 -51.2284
41.208669 0.012 -52.0907
41.507284 0.010 -53.7960
41.808063 0.005 -57.7308
42.111021 0.008 -63.5903
42.416175 0.010 -68.7306
42.723540 0.013 -72.6656
43.033132 0.013 -76.1919
43.344968 0.011 -79.0989
43.659064 0.009 -80.5547
43.975435 0.010 -80.2733
44.294099 0.011 -79.6085
44.615073 0.012 -79.3041
44.938372 0.011 -78.6288
45.264014 0.010 -76.8974
45.592016 0.010 -73.5422
45.922394 0.010 -68.5528
46.255167 0.011 -63.2794
46.590351 0.013 -59.9308
46.927964 0.010 -59.0874
47.268023 0.009 -58.8812
47.610547 0.008 -58.1737
47.955552 0.010 -57.7832
48.303058 0.002 -58.1277
48.653082 -0.032 -59.4590
49.005642 -0.156 -62.3940
49.360757 -0.496 -65.2557
49.718446 -1.159 -63.9256
50.078726 -1.699 -57.0588
50.441617 -1.939 -48.5698
50.807138 -2.224 -40.3488
51.175307 -2.319 -30.9868
51.546145 -1.833 -22.9465
51.919669 -1.249 -18.3905
52.295901 -1.080 -14.5641
52.674858 -0.909 -10.6911
53.056562 -0.540 -9.6852
53.441032 -0.333 -10.6944
53.828287 -0.282 -9.6159
54.218349 -0.160 -6.6662
54.611238 -0.055 -4.8830
55.006973 -0.010 -4.4509
55.405577 0.006 -5.1916
55.807068 0.008 -8.1060
56.211469 0.010 -11.3185
56.618801 0.011 -12.0657
57.029084 0.010 -11.4529
57.442340 0.011 -11.5661
57.858591 0.010 -12.3743
58.277858 0.011 -13.5253
58.700164 0.010 -14.7969
59.125529 0.010 -15.5993
59.553977 0.011 -16.2472
59.985530 0.010 -17.4360
60.420210 0.011 -18.8259
60.858039 0.010 -20.0155
61.299042 0.010 -21.0084
61.743240 0.010 -21.2152
62.190657 0.010 -19.9731
62.641316 0.011 -18.1843
63.095241 0.010 -17.4762
63.552455 0.010 -17.4777
64.012982 0.011 -17.1197
64.476847 0.010 -16.8762
64.944073 0.011 -17.2385
65.414684 0.010 -16.4287
65.888706 0.010 -13.1386
66.366163 0.011 -8.5844
66.847079 0.010 -3.5749
67.331481 0.010 2.3496
67.819392 0.011 7.5352
68.310840 0.010 8.8172
68.805848 0.010 6.1982
69.304444 0.011 2.4410
69.806652 0.010 -1.6722
70.312500 0.010 -6.1096
70.822013 0.010 -9.6471
71.335219 0.011 -12.0626
71.852143 0.010 -14.0462
72.372814 0.010 -15.9600
72.897257 0.010 -18.5723
73.425500 0.010 -22.4534
73.957572 0.010 -27.3472
74.493499 0.010 -32.5112
75.033309 0.010 -37.0750
75.577032 0.010 -41.9736
76.124694 0.009 -50.6670
76.676325 0.003 -64.5774
77.231953 -0.027 -78.8394
77.791608 -0.143 -87.9359
78.355318 -0.502 -91.1073
78.923113 -1.333 -88.5139
79.495022 -2.591 -80.0323
80.071076 -3.842 -68.0250
80.651304 -4.772 -56.3919
81.235736 -5.315 -46.0104
81.824404 -5.536 -36.6875
82.417337 -5.528 -28.5496
83.014567 -5.356 -21.0720
83.616125 -5.007 -14.2302
84.222042 -4.530 -9.0136
84.832350 -4.046 -5.3535
85.447080 -3.568 -2.3397
86.066265 -3.083 -0.1821
86.689936 -2.655 0.8814
87.318127 -2.321 1.0580
87.950871 -2.149 0.1779
88.588199 -2.233 -0.6881
89.230145 -2.488 0.5676
89.876744 -2.676 4.0909
90.528028 -2.672 8.8273
91.184031 -2.410 14.0510
91.844788 -1.905 18.8236
92.510333 -1.274 22.5251
93.180701 -0.674 24.7228
93.855927 -0.271 25.4749
94.536046 -0.079 24.9875
95.221093 -0.012 22.7093
95.911104 0.005 18.2389
96.606116 0.009 11.8372
97.306164 0.010 3.9126
98.011284 0.010 -4.2870
98.721514 0.010 -11.1386
99.436891 0.009 -16.2501
100.157452 0.001 -20.4249
100.883234 -0.031 -24.2144
101.614275 -0.145 -27.4781
102.350614 -0.454 -29.2496
103.092289 -1.042 -28.7007
103.839338 -1.804 -25.5128
104.591801 -2.476 -20.2792
105.349716 -2.871 -14.6355
106.113124 -2.940 -9.0092
106.882063 -2.656 -4.0504
107.656575 -2.149 -2.0987
108.436699 -1.737 -4.2214
109.222476 -1.692 -8.4655
110.013947 -2.054 -12.0987
110.811153 -2.692 -13.3035
111.614136 -3.372 -11.3331
112.422939 -3.869 -8.0688
113.237601 -4.222 -6.1722
114.058168 -4.642 -5.2207
114.884680 -5.205 -2.7103
115.717182 -5.709 3.4380
116.555716 -5.761 13.1621
117.400327 -5.094 23.1191
118.251058 -3.907 28.4360
119.107954 -2.675 27.6967
119.971060 -1.747 22.5181
120.840419 -1.308 14.7562
121.716079 -1.453 6.5061
122.598084 -2.154 0.6854
123.486480 -3.174 -0.4587
124.381314 -4.184 1.8839
125.282632 -5.037 5.2315
126.190482 -5.752 9.6738
127.104910 -6.276 16.4952
128.025965 -6.411 25.6811
128.953694 -6.026 34.6790
129.888145 -5.233 41.0135
130.829368 -4.241 44.7110
131.777412 -3.158 46.5843
132.732325 -2.073 46.0407
133.694158 -1.148 42.4767
134.662961 -0.543 35.9845
135.638785 -0.329 27.4419
136.621679 -0.481 19.4768
137.611696 -0.957 13.8025
138.608887 -1.744 9.7997
139.613304 -2.812 8.4478
140.625000 -4.003 10.9243
141.644027 -5.097 16.4266
142.670438 -5.946 23.6755
143.704287 -6.472 32.3873
144.745627 -6.520 43.3962
145.794514 -5.822 56.6524
146.851001 -4.368 67.8180
147.915144 -2.678 70.9478
148.986998 -1.378 66.0787
150.066619 -0.746 59.8416
151.154063 -0.591 59.2085
152.249388 -0.503 65.0267
153.352650 -0.304 67.8327
154.463906 -0.129 56.6419
155.583216 -0.072 32.8289
156.710636 -0.156 15.2034
157.846226 -0.435 12.4871
158.990044 -0.898 18.4467
160.142152 -1.309 27.2777
161.302608 -1.360 36.2123
162.471473 -1.006 42.8311
163.648808 -0.528 44.3291
164.834675 -0.199 39.9298
166.029135 -0.052 33.6026
167.232251 -0.005 31.0001
168.444084 0.007 32.1407
169.664700 0.010 34.2855
170.894160 0.010 35.7528
172.132530 0.010 35.8611
173.379873 0.010 34.9209
174.636255 0.010 33.5817
175.901741 0.009 31.5874
177.176398 0.004 26.9297
178.460291 -0.018 19.5489
179.753488 -0.092 13.6869
181.056056 -0.266 13.6426
182.368062 -0.504 19.9172
183.689577 -0.608 29.9946
185.020667 -0.466 40.1519
186.361403 -0.234 47.8702
187.711854 -0.080 48.7242
189.072092 -0.015 37.1265
190.442186 0.005 17.1392
191.822209 0.009 4.0148
193.212232 0.010 -0.0497
194.612327 0.008 -3.3238
196.022568 -0.001 -10.1102
197.443029 -0.041 -19.3826
198.873782 -0.176 -26.2809
200.314904 -0.515 -27.2889
201.766468 -1.110 -23.2747
203.228551 -1.832 -16.9856
204.701229 -2.466 -10.5149
206.184578 -2.883 -4.3262
207.678677 -3.013 2.2206
209.183602 -2.761 9.0836
210.699433 -2.162 13.0698
212.226248 -1.531 11.5712
213.764127 -1.207 7.3637
215.313149 -1.260 4.5546
216.873397 -1.531 3.8275
218.444951 -1.879 3.7269
220.027894 -2.268 4.3029
221.622306 -2.670 6.1405
223.228273 -3.024 9.0786
224.845877 -3.260 13.1074
226.475203 -3.304 17.7651
228.116336 -3.120 22.1822
229.769361 -2.732 25.6323
231.434364 -2.218 27.5722
233.111433 -1.705 27.3930
234.800654 -1.347 25.2982
236.502117 -1.225 23.5307
238.215909 -1.249 23.9175
239.942119 -1.243 25.8588
241.680839 -1.126 27.3550
243.432158 -0.958 28.0386
245.196168 -0.800 28.9816
246.972960 -0.639 30.7449
248.762628 -0.448 33.2519
250.565264 -0.253 36.6373
252.380964 -0.107 40.6019
254.209820 -0.030 41.3545
256.051929 -0.001 29.8988
257.907387 0.008 8.7427
259.776290 0.010 -0.4300
261.658736 0.010 1.5078
263.554824 0.010 5.9825
265.464650 0.010 9.8916
267.388317 0.010 13.3314
269.325923 0.010 16.6883
271.277569 0.010 19.0891
273.243358 0.010 16.7721
275.223392 0.010 6.1762
277.217775 0.010 -1.9403
279.226609 0.010 -1.8638
281.250000 0.010 0.2998
283.288053 0.010 1.7592
285.340875 0.010 2.5673
287.408573 0.010 2.9134
289.491254 0.010 2.5823
291.589027 0.010 2.0484
293.702001 0.010 2.2416
295.830287 0.010 3.0385
297.973995 0.010 3.7543
300.133238 0.010 4.0701
302.308127 0.010 4.0256
304.498776 0.010 3.5608
306.705300 0.010 2.6871
308.927813 0.010 1.6081
311.166431 0.010 0.9625
313.421271 0.010 0.8733
315.692451 0.010 0.7198
317.980089 0.010 0.3395
320.284304 0.010 0.0781
322.605216 0.010 0.0093
324.942946 0.010 0.0007
327.297617 0.010 0.0000
329.669350 0.010 0.0000
332.058270 0.010 -0.0000
334.464501 0.010 -0.0000
336.888169 0.010 -0.0000
339.329399 0.010 -0.0000
341.788320 0.010 -0.0000
344.265059 0.010 0.0000
346.759746 0.010 0.0000
349.272510 0.010 0.0000
351.803482 0.010 0.0000
354.352795 0.010 0.0000
356.920582 0.010 0.0000
359.506975 0.010 0.0000
362.112111 0.010 0.0000
364.736125 0.010 0.0000
367.379153 0.010 -0.0000
370.041334 0.010 -0.0000
372.722806 0.010 -0.0000
375.423709 0.010 -0.0000
378.144184 0.010 -0.0000
380.884373 0.010 0.0000
383.644418 0.010 0.0000
386.424463 0.010 0.0000
389.224654 0.010 -0.0000
392.045137 0.010 -0.0000
394.886057 0.010 -0.0000
397.747564 0.010 0.0000
400.629807 0.010 0.0000
403.532936 0.010 0.0000
406.457102 0.010 0.0000
409.402458 0.010 0.0000
412.369157 0.010 0.0000
415.357354 0.010 0.0000
418.367204 0.010 0.0000
421.398865 0.010 0.0000
424.452495 0.010 0.0000
427.528253 0.010 -0.0000
430.626299 0.010 -0.0000
433.746795 0.010 -0.0000
436.889903 0.010 -0.0000
440.055787 0.010 0.0000
443.244613 0.010 0.0000
446.456546 0.010 -0.0000
449.691754 0.010 -0.0000
452.950406 0.010 -0.0000
456.232671 0.010 0.0000
459.538721 0.010 0.0000
462.868728 0.010 0.0000
466.222866 0.010 0.0000
469.601309 0.010 -0.0000
473.004234 0.010 -0.0000
476.431817 0.010 -0.0000
479.884239 0.010 -0.0000
483.361678 0.010 -0.0000
486.864316 0.010 -0.0000
490.392335 0.010 -0.0000
493.945920 0.010 -0.0000
497.525256 0.010 -0.0000
501.130529 0.010 0.0000
504.761927 0.010 0.0000
508.419640 0.010 0.0000
512.103859 0.010 -0.0000
515.814774 0.010 -0.0000
519.552581 0.010 -0.0000
523.317473 0.010 -0.0000
527.109647 0.010 -0.0000
530.929301 0.010 -0.0000
534.776633 0.010 -0.0000
538.651845 0.010 -0.0000
542.555139 0.010 0.0000
546.486717 0.010 0.0000
550.446785 0.010 0.0000
554.435549 0.010 0.0000
558.453218 0.010 0.0000
562.500000 0.010 0.0000
566.576107 0.010 0.0000
570.681751 0.010 -0.0000
574.817146 0.010 -0.0000
578.982508 0.010 -0.0000
583.178054 0.010 -0.0000
587.404003 0.010 -0.0000
591.660574 0.010 0.0000
595.947991 0.010 0.0000
600.266475 0.010 -0.0000
604.616254 0.010 -0.0000
608.997552 0.010 -0.0000
613.410600 0.010 -0.0000
617.855626 0.010 -0.0000
622.332862 0.010 -0.0000
626.842543 0.010 -0.0000
631.384902 0.010 -0.0000
635.960177 0.010 -0.0000
640.568607 0.010 0.0000
645.210431 0.010 0.0000
649.885892 0.010 0.0000
654.595233 0.010 -0.0000
659.338700 0.010 -0.0000
664.116540 0.010 -0.0000
668.929002 0.010 0.0000
673.776337 0.010 0.0000
678.658799 0.010 0.0000
683.576640 0.010 0.0000
688.530118 0.010 0.0000
693.519491 0.010 0.0000
698.545019 0.010 0.0000
703.606964 0.010 -0.0000
708.705591 0.010 -0.0000
713.841163 0.010 -0.0000
719.013951 0.010 -0.0000
724.224222 0.010 -0.0000
729.472249 0.010 -0.0000
734.758306 0.010 -0.0000
740.082668 0.010 -0.0000
745.445612 0.010 -0.0000
750.847418 0.010 0.0000
756.288368 0.010 0.0000
761.768745 0.010 0.0000
767.288835 0.010 0.0000
772.848927 0.010 0.0000
778.449309 0.010 0.0000
784.090273 0.010 0.0000
789.772115 0.010 0.0000
795.495129 0.010 0.0000
801.259614 0.010 -0.0000
807.065872 0.010 -0.0000
812.914204 0.010 -0.0000
818.804915 0.010 -0.0000
824.738313 0.010 -0.0000
830.714707 0.010 -0.0000
836.734408 0.010 0.0000
842.797731 0.010 0.0000
848.904991 0.010 -0.0000
855.056506 0.010 -0.0000
861.252598 0.010 -0.0000
867.493589 0.010 0.0000
873.779805 0.010 0.0000
880.111574 0.010 0.0000
886.489225 0.010 0.0000
892.913092 0.010 0.0000
899.383508 0.010 -0.0000
905.900812 0.010 -0.0000
912.465342 0.010 0.0000
919.077442 0.010 0.0000
925.737456 0.010 0.0000
932.445732 0.010 0.0000
939.202618 0.010 0.0000
946.008467 0.010 -0.0000
952.863634 0.010 -0.0000
959.768477 0.010 -0.0000
966.723355 0.010 0.0000
973.728631 0.010 0.0000
980.784670 0.010 0.0000
987.891840 0.010 0.0000
995.050512 0.010 -0.0000
1002.261058 0.010 0.0000
1009.523855 0.010 0.0000
1016.839281 0.010 0.0000
1024.207717 0.010 0.0000
1031.629549 0.010 -0.0000
1039.105162 0.010 -0.0000
1046.634946 0.010 0.0000
1054.219294 0.010 0.0000
1061.858602 0.010 -0.0000
1069.553267 0.010 -0.0000
1077.303691 0.010 -0.0000
1085.110277 0.010 -0.0000
1092.973434 0.010 -0.0000
1100.893570 0.010 -0.0000
1108.871098 0.010 -0.0000
1116.906436 0.010 -0.0000
1125.000000 0.010 -0.0000
1133.152214 0.010 0.0000
1141.363502 0.010 -0.0000
1149.634292 0.010 -0.0000
1157.965016 0.010 0.0000
1166.356108 0.010 0.0000
1174.808005 0.010 0.0000
1183.321148 0.010 -0.0000
1191.895981 0.010 -0.0000
1200.532951 0.010 -0.0000
1209.232507 0.010 0.0000
1217.995105 0.010 -0.0000
1226.821199 0.010 -0.0000
1235.711251 0.010 -0.0000
1244.665724 0.010 -0.0000
1253.685085 0.010 -0.0000
1262.769804 0.010 -0.0000
1271.920355 0.010 -0.0000
1281.137214 0.010 -0.0000
1290.420862 0.010 -0.0000
1299.771784 0.010 -0.0000
1309.190466 0.010 -0.0000
1318.677400 0.010 -0.0000
1328.233080 0.010 -0.0000
1337.858004 0.010 -0.0000
1347.552675 0.010 -0.0000
1357.317597 0.010 -0.0000
1367.153280 0.010 -0.0000
1377.060236 0.010 0.0000
1387.038982 0.010 0.0000
1397.090039 0.010 0.0000
1407.213929 0.010 0.0000
1417.411181 0.010 0.0000
1427.682327 0.010 -0.0000
1438.027902 0.010 -0.0000
1448.448444 0.010 -0.0000
1458.944499 0.010 -0.0000
1469.516612 0.010 -0.0000
1480.165335 0.010 -0.0000
1490.891224 0.010 -0.0000
1501.694836 0.010 0.0000
1512.576736 0.010 0.0000
1523.537490 0.010 0.0000
1534.577671 0.010 0.0000
1545.697853 0.010 0.0000
1556.898617 0.010 -0.0000
1568.180546 0.010 -0.0000
1579.544229 0.010 -0.0000
1590.990258 0.010 -0.0000
1602.519229 0.010 -0.0000
1614.131744 0.010 -0.0000
1625.828408 0.010 -0.0000
1637.609831 0.010 -0.0000
1649.476627 0.010 -0.0000
1661.429414 0.010 -0.0000
1673.468817 0.010 0.0000
1685.595461 0.010 0.0000
1697.809981 0.010 0.0000
1710.113012 0.010 0.0000
1722.505196 0.010 0.0000
1734.987179 0.010 0.0000
1747.559611 0.010 0.0000
1760.223148 0.010 0.0000
1772.978451 0.010 0.0000
1785.826183 0.010 0.0000
1798.767016 0.010 0.0000
1811.801623 0.010 0.0000
1824.930685 0.010 -0.0000
1838.154885 0.010 -0.0000
1851.474913 0.010 0.0000
1864.891463 0.010 0.0000
1878.405236 0.010 0.0000
1892.016934 0.010 0.0000
1905.727269 0.010 0.0000
1919.536954 0.010 0.0000
1933.446710 0.010 0.0000
1947.457262 0.010 0.0000
1961.569340 0.010 0.0000
1975.783680 0.010 -0.0000
1990.101023 0.010 -0.0000
2004.522116 0.010 -0.0000
2019.047709 0.010 -0.0000
2033.678561 0.010 -0.0000
2048.415435 0.010 0.0000
2063.259097 0.010 0.0000
2078.210323 0.010 0.0000
2093.269892 0.010 0.0000
2108.438588 0.010 0.0000
2123.717204 0.010 0.0000
2139.106534 0.010 0.0000
2154.607382 0.010 0.0000
2170.220555 0.010 0.0000
2185.946868 0.010 -0.0000
2201.787140 0.010 -0.0000
2217.742197 0.010 -0.0000
2233.812871 0.010 -0.0000
2250.000000 0.010 0.0000
2266.304428 0.010 0.0000
2282.727004 0.010 0.0000
2299.268584 0.010 0.0000
2315.930032 0.010 0.0000
2332.712216 0.010 0.0000
2349.616010 0.010 0.0000
2366.642297 0.010 -0.0000
2383.791962 0.010 -0.0000
2401.065902 0.010 -0.0000
2418.465015 0.010 -0.0000
2435.990209 0.010 -0.0000
2453.642398 0.010 -0.0000
2471.422503 0.010 0.0000
2489.331449 0.010 0.0000
2507.370171 0.010 0.0000
2525.539609 0.010 0.0000
2543.840710 0.010 0.0000
2562.274428 0.010 0.0000
2580.841725 0.010 -0.0000
2599.543568 0.010 -0.0000
2618.380932 0.010 0.0000
2637.354800 0.010 0.0000
2656.466160 0.010 0.0000
2675.716009 0.010 0.0000
2695.105350 0.010 0.0000
2714.635194 0.010 -0.0000
2734.306560 0.010 -0.0000
2754.120472 0.010 -0.0000
2774.077965 0.010 -0.0000
2794.180077 0.010 -0.0000
2814.427858 0.010 -0.0000
2834.822362 0.010 -0.0000
2855.364654 0.010 0.0000
2876.055803 0.010 0.0000
2896.896889 0.010 0.0000
2917.888998 0.010 0.0000
2939.033224 0.010 0.0000
2960.330671 0.010 0.0000
2981.782447 0.010 -0.0000
3003.389672 0.010 0.0000
3025.153472 0.010 0.0000
3047.074981 0.010 0.0000
3069.155342 0.010 -0.0000
3091.395707 0.010 -0.0000
3113.797234 0.010 -0.0000
3136.361093 0.010 -0.0000
3159.088458 0.010 -0.0000
3181.980515 0.010 0.0000
3205.038458 0.010 0.0000
3228.263488 0.010 0.0000
3251.656816 0.010 0.0000
3275.219661 0.010 0.0000
3298.953253 0.010 0.0000
3322.858828 0.010 -0.0000
3346.937633 0.010 -0.0000
3371.190923 0.010 -0.0000
3395.619962 0.010 0.0000
3420.226024 0.010 0.0000
3445.010392 0.010 -0.0000
3469.974357 0.010 -0.0000
3495.119222 0.010 -0.0000
3520.446296 0.010 -0.0000
3545.956901 0.010 0.0000
3571.652367 0.010 0.0000
3597.534032 0.010 0.0000
3623.603247 0.010 0.0000
3649.861370 0.010 0.0000
3676.309770 0.010 -0.0000
3702.949826 0.010 -0.0000
3729.782927 0.010 -0.0000
3756.810471 0.010 -0.0000
3784.033869 0.010 0.0000
3811.454538 0.010 -0.0000
3839.073909 0.010 -0.0000
3866.893421 0.010 -0.0000
3894.914525 0.010 -0.0000
3923.138681 0.010 -0.0000
3951.567361 0.010 0.0000
3980.202047 0.010 0.0000
4009.044232 0.010 0.0000
4038.095419 0.010 0.0000
4067.357123 0.010 -0.0000
4096.830869 0.010 -0.0000
4126.518194 0.010 -0.0000
4156.420646 0.010 0.0000
4186.539784 0.010 0.0000
4216.877177 0.010 -0.0000
4247.434407 0.010 -0.0000
4278.213068 0.010 0.0000
4309.214763 0.010 0.0000
4340.441110 0.010 0.0000
4371.893735 0.010 0.0000
4403.574279 0.010 -0.0000
4435.484394 0.010 -0.0000
4467.625742 0.010 -0.0000
4500.000000 0.010 -0.0000
4532.608855 0.010 0.0000
4565.454007 0.010 0.0000
4598.537169 0.010 -0.0000
4631.860065 0.010 -0.0000
4665.424432 0.010 -0.0000
4699.232021 0.010 -0.0000
4733.284593 0.010 0.0000
4767.583925 0.010 0.0000
4802.131803 0.010 -0.0000
4836.930030 0.010 -0.0000
4871.980419 0.010 0.0000
4907.284797 0.010 0.0000
4942.845006 0.010 0.0000
4978.662898 0.010 -0.0000
5014.740342 0.010 -0.0000
5051.079217 0.010 -0.0000
5087.681420 0.010 0.0000
5124.548856 0.010 0.0000
5161.683450 0.010 0.0000
5199.087136 0.010 -0.0000
5236.761864 0.010 -0.0000
5274.709600 0.010 -0.0000
5312.932320 0.010 -0.0000
5351.432018 0.010 -0.0000
5390.210700 0.010 0.0000
5429.270389 0.010 -0.0000
5468.613120 0.010 0.0000
5508.240945 0.010 0.0000
5548.155929 0.010 0.0000
5588.360154 0.010 0.0000
5628.855716 0.010 0.0000
5669.644725 0.010 0.0000
5710.729307 0.010 -0.0000
5752.111606 0.010 -0.0000
5793.793778 0.010 -0.0000
5835.777996 0.010 -0.0000
5878.066449 0.010 -0.0000
5920.661342 0.010 0.0000
5963.564894 0.010 -0.0000
6006.779344 0.010 0.0000
6050.306943 0.010 -0.0000
6094.149961 0.010 -0.0000
6138.310684 0.010 -0.0000
6182.791414 0.010 0.0000
6227.594469 0.010 0.0000
6272.722186 0.010 0.0000
6318.176916 0.010 -0.0000
6363.961031 0.010 -0.0000
6410.076916 0.010 -0.0000
6456.526975 0.010 -0.0000
6503.313631 0.010 -0.0000
6550.439323 0.010 -0.0000
6597.906506 0.010 -0.0000
6645.717657 0.010 0.0000
6693.875266 0.010 0.0000
6742.381846 0.010 0.0000
6791.239924 0.010 0.0000
6840.452048 0.010 0.0000
6890.020784 0.010 -0.0000
6939.948714 0.010 0.0000
6990.238444 0.010 0.0000
7040.892593 0.010 0.0000
7091.913803 0.010 -0.0000
7143.304734 0.010 -0.0000
7195.068065 0.010 -0.0000
7247.206494 0.010 -0.0000
7299.722739 0.010 -0.0000
7352.619540 0.010 -0.0000
7405.899652 0.010 -0.0000
7459.565853 0.010 -0.0000
7513.620943 0.010 -0.0000
7568.067737 0.010 0.0000
7622.909076 0.010 -0.0000
7678.147817 0.010 0.0000
7733.786842 0.010 0.0000
7789.829049 0.010 0.0000
7846.277361 0.010 -0.0000
7903.134722 0.010 -0.0000
7960.404094 0.010 -0.0000
8018.088463 0.010 -0.0000
8076.190838 0.010 0.0000
8134.714246 0.010 0.0000
8193.661738 0.010 0.0000
8253.036389 0.010 0.0000
8312.841293 0.010 0.0000
8373.079567 0.010 0.0000
8433.754353 0.010 0.0000
8494.868814 0.010 0.0000
8556.426135 0.010 0.0000
8618.429526 0.010 0.0000
8680.882219 0.010 0.0000
8743.787470 0.010 0.0000
8807.148559 0.010 -0.0000
8870.968788 0.010 0.0000
8935.251484 0.010 0.0000
9000.000000 0.010 -0.0000
9065.217710 0.010 -0.0000
9130.908014 0.010 -0.0000
9197.074338 0.010 -0.0000
9263.720130 0.010 0.0000
9330.848865 0.010 0.0000
9398.464042 0.010 -0.0000
9466.569187 0.010 -0.0000
9535.167849 0.010 0.0000
9604.263606 0.010 0.0000
9673.860059 0.010 0.0000
9743.960837 0.010 0.0000
9814.569594 0.010 0.0000
9885.690011 0.010 -0.0000
9957.325796 0.010 -0.0000
10029.480683 0.010 0.0000
10102.158435 0.010 -0.0000
10175.362839 0.010 -0.0000
10249.097713 0.010 -0.0000
10323.366900 0.010 0.0000
10398.174272 0.010 -0.0000
10473.523729 0.010 -0.0000
10549.419199 0.010 -0.0000
10625.864640 0.010 -0.0000
10702.864035 0.010 0.0000
10780.421400 0.010 0.0000
10858.540777 0.010 0.0000
10937.226240 0.010 -0.0000
11016.481890 0.010 0.0000
11096.311859 0.010 0.0000
11176.720309 0.010 -0.0000
11257.711431 0.010 -0.0000
11339.289449 0.010 0.0000
11421.458615 0.010 0.0000
11504.223212 0.010 0.0000
11587.587556 0.010 0.0000
11671.555992 0.010 0.0000
11756.132898 0.010 -0.0000
11841.322683 0.010 -0.0000
11927.129788 0.010 -0.0000
12013.558688 0.010 -0.0000
12100.613886 0.010 -0.0000
12188.299922 0.010 -0.0000
12276.621368 0.010 -0.0000
12365.582827 0.010 -0.0000
12455.188938 0.010 0.0000
12545.444371 0.010 0.0000
12636.353832 0.010 -0.0000
12727.922061 0.010 -0.0000
12820.153831 0.010 -0.0000
12913.053951 0.010 -0.0000
13006.627263 0.010 -0.0000
13100.878646 0.010 -0.0000
13195.813013 0.010 -0.0000
13291.435313 0.010 -0.0000
13387.750533 0.010 0.0000
13484.763692 0.010 0.0000
13582.479848 0.010 0.0000
13680.904096 0.010 0.0000
13780.041567 0.010 0.0000
13879.897429 0.010 0.0000
13980.476887 0.010 0.0000
14081.785186 0.010 -0.0000
14183.827606 0.010 -0.0000
14286.609468 0.010 0.0000
14390.136129 0.010 0.0000
14494.412988 0.010 -0.0000
14599.445479 0.010 -0.0000
14705.239079 0.010 0.0000
14811.799303 0.010 -0.0000
14919.131707 0.010 -0.0000
15027.241885 0.010 -0.0000
15136.135475 0.010 -0.0000
15245.818152 0.010 -0.0000
15356.295635 0.010 -0.0000
15467.573683 0.010 -0.0000
15579.658098 0.010 -0.0000
15692.554723 0.010 -0.0000
15806.269443 0.010 -0.0000
15920.808187 0.010 -0.0000
16036.176927 0.010 -0.0000
16152.381675 0.010 -0.0000
16269.428491 0.010 -0.0000
16387.323477 0.010 -0.0000
16506.072778 0.010 -0.0000
16625.682585 0.010 -0.0000
16746.159135 0.010 -0.0000
16867.508707 0.010 -0.0000
16989.737628 0.010 -0.0000
17112.852271 0.010 -0.0000
17236.859053 0.010 -0.0000
17361.764439 0.010 -0.0000
17487.574941 0.010 -0.0000
17614.297118 0.010 0.0000
17741.937576 0.010 0.0000
17870.502969 0.010 0.0000
18000.000000 0.010 -0.0000
18130.435420 0.010 -0.0000
18261.816029 0.010 -0.0000
18394.148676 0.010 0.0000
18527.440260 0.010 0.0000
18661.697729 0.010 0.0000
18796.928084 0.010 0.0000
18933.138373 0.010 -0.0000
19070.335698 0.010 -0.0000
19208.527212 0.010 0.0000
19347.720119 0.010 -0.0000
19487.921674 0.010 -0.0000
19629.139188 0.010 -0.0000
19771.380022 0.010 -0.0000
19914.651592 0.010 -0.0000
20058.961367 0.010 -0.0000
20204.316870 0.010 -0.0000
20350.725678 0.010 -0.0000
20498.195426 0.010 -0.0000
20646.733800 0.010 -0.0000
20796.348544 0.010 -0.0000
20947.047458 0.010 -0.0000
21098.838399 0.010 -0.0000
21251.729279 0.010 -0.0000
21405.728070 0.010 0.0000
21560.842800 0.010 0.0000
21717.081554 0.010 -0.0000
21874.452480 0.010 -0.0000
22032.963779 0.010 -0.0000
22192.623718 0.010 -0.0000
22353.440617 0.010 0.0000
22515.422863 0.010 -0.0000
22678.578898 0.010 -0.0000
22842.917229 0.010 -0.0000
23008.446424 0.010 -0.0000
23175.175112 0.010 -0.0000
23343.111984 0.010 0.0000
23512.265796 0.010 0.0000
23682.645366 0.010 0.0000
23854.259577 0.010 0.0000
24027.117375 0.010 0.0000
