* Measurement data measured by REW V5.40 beta 73
* Source: Trace Arithmetic result A * B
* Format: Trace Arithmetic result A * B
* Dated: Mar 11, 2025 7:22:34 AM
* REW Settings:
*  C-weighting compensation: Off
*  Target level: 75.0 dB
* Note: ; Trace Arithmetic A times B A = R B = XOfix 
* Measurement: R1
* Smoothing: Psychoacoustic
* Frequency Step: 96 ppo
* Start Frequency: 0.36621094 Hz
*
* Freq(Hz) SPL(dB) Phase(degrees)
0.366211 42.219 128.4991
0.368865 42.203 128.5450
0.371538 42.185 128.5934
0.374230 42.167 128.6444
0.376942 42.148 128.6980
0.379673 42.128 128.7543
0.382424 42.106 128.8131
0.385196 42.084 128.8745
0.387987 42.061 128.9384
0.390798 42.037 129.0049
0.393630 42.012 129.0739
0.396483 41.987 129.1454
0.399356 41.960 129.2193
0.402250 41.933 129.2958
0.405165 41.905 129.3747
0.408101 41.876 129.4561
0.411058 41.846 129.5401
0.414037 41.816 129.6265
0.417037 41.785 129.7155
0.420059 41.754 129.8071
0.423103 41.721 129.9015
0.426169 41.689 129.9986
0.429257 41.655 130.0985
0.432368 41.621 130.2014
0.435501 41.587 130.3075
0.438656 41.552 130.4168
0.441835 41.517 130.5296
0.445037 41.481 130.6460
0.448262 41.445 130.7662
0.451510 41.408 130.8905
0.454782 41.371 131.0191
0.458077 41.333 131.1522
0.461397 41.295 131.2902
0.464740 41.257 131.4334
0.468108 41.218 131.5821
0.471500 41.179 131.7367
0.474917 41.139 131.8975
0.478358 41.100 132.0650
0.481825 41.060 132.2396
0.485316 41.019 132.4218
0.488833 40.978 132.6120
0.492375 40.937 132.8108
0.495943 40.896 133.0187
0.499537 40.854 133.2363
0.503157 40.812 133.4643
0.506803 40.769 133.7032
0.510475 40.727 133.9538
0.514175 40.684 134.2167
0.517900 40.641 134.4927
0.521653 40.597 134.7827
0.525434 40.553 135.0873
0.529241 40.509 135.4076
0.533076 40.465 135.7444
0.536939 40.420 136.0987
0.540830 40.376 136.4714
0.544749 40.331 136.8636
0.548696 40.285 137.2763
0.552673 40.240 137.7106
0.556677 40.195 138.1677
0.560711 40.149 138.6488
0.564774 40.103 139.1550
0.568867 40.058 139.6875
0.572989 40.012 140.2477
0.577141 39.967 140.8368
0.581324 39.921 141.4560
0.585536 39.876 142.1067
0.589779 39.831 142.7900
0.594053 39.787 143.5072
0.598358 39.743 144.2594
0.602694 39.700 145.0479
0.607061 39.658 145.8737
0.611460 39.617 146.7377
0.615891 39.577 147.6408
0.620354 39.539 148.5836
0.624849 39.502 149.5668
0.629377 39.468 150.5907
0.633938 39.436 151.6554
0.638532 39.407 152.7609
0.643159 39.381 153.9067
0.647819 39.359 155.0921
0.652514 39.340 156.3162
0.657242 39.327 157.5777
0.662005 39.319 158.8748
0.666802 39.317 160.2056
0.671634 39.321 161.5676
0.676501 39.332 162.9581
0.681403 39.350 164.3741
0.686341 39.378 165.8121
0.691314 39.413 167.2685
0.696324 39.459 168.7394
0.701370 39.514 170.2207
0.706452 39.580 171.7081
0.711571 39.656 173.1974
0.716728 39.743 174.6843
0.721921 39.841 176.1643
0.727153 39.951 177.6334
0.732422 40.071 179.0875
0.737729 40.203 -179.4773
0.743075 40.345 -178.0646
0.748460 40.497 -176.6777
0.753883 40.659 -175.3198
0.759346 40.830 -173.9935
0.764849 41.010 -172.7012
0.770391 41.198 -171.4451
0.775974 41.394 -170.2269
0.781597 41.596 -169.0481
0.787261 41.805 -167.9098
0.792966 42.019 -166.8129
0.798712 42.237 -165.7580
0.804500 42.461 -164.7455
0.810329 42.687 -163.7756
0.816201 42.917 -162.8481
0.822116 43.150 -161.9631
0.828073 43.385 -161.1200
0.834074 43.621 -160.3185
0.840118 43.859 -159.5580
0.846206 44.098 -158.8378
0.852338 44.337 -158.1573
0.858514 44.577 -157.5157
0.864735 44.817 -156.9122
0.871001 45.056 -156.3460
0.877313 45.294 -155.8163
0.883670 45.532 -155.3221
0.890074 45.768 -154.8629
0.896524 46.004 -154.4376
0.903020 46.237 -154.0455
0.909564 46.470 -153.6859
0.916155 46.700 -153.3578
0.922794 46.928 -153.0608
0.929481 47.154 -152.7939
0.936216 47.378 -152.5566
0.943000 47.600 -152.3483
0.949834 47.819 -152.1682
0.956717 48.036 -152.0157
0.963649 48.250 -151.8905
0.970632 48.461 -151.7918
0.977666 48.670 -151.7192
0.984750 48.875 -151.6721
0.991886 49.078 -151.6501
0.999074 49.278 -151.6527
1.006314 49.475 -151.6794
1.013606 49.668 -151.7298
1.020951 49.859 -151.8034
1.028349 50.047 -151.8997
1.035801 50.231 -152.0183
1.043307 50.413 -152.1587
1.050867 50.591 -152.3204
1.058482 50.766 -152.5030
1.066152 50.939 -152.7057
1.073878 51.108 -152.9283
1.081660 51.274 -153.1700
1.089498 51.437 -153.4302
1.097393 51.596 -153.7085
1.105345 51.753 -154.0041
1.113355 51.907 -154.3163
1.121423 52.057 -154.6446
1.129549 52.205 -154.9882
1.137734 52.350 -155.3464
1.145979 52.491 -155.7185
1.154283 52.630 -156.1038
1.162647 52.766 -156.5015
1.171072 52.898 -156.9110
1.179558 53.028 -157.3315
1.188106 53.155 -157.7625
1.196715 53.278 -158.2031
1.205387 53.399 -158.6528
1.214122 53.517 -159.1110
1.222920 53.631 -159.5771
1.231782 53.743 -160.0507
1.240708 53.851 -160.5312
1.249699 53.957 -161.0182
1.258754 54.059 -161.5115
1.267876 54.158 -162.0107
1.277063 54.254 -162.5155
1.286318 54.347 -163.0258
1.295639 54.437 -163.5415
1.305027 54.523 -164.0626
1.314484 54.606 -164.5891
1.324009 54.686 -165.1210
1.333604 54.762 -165.6586
1.343268 54.836 -166.2020
1.353002 54.905 -166.7516
1.362806 54.972 -167.3075
1.372681 55.034 -167.8702
1.382628 55.094 -168.4401
1.392647 55.149 -169.0177
1.402739 55.202 -169.6035
1.412904 55.250 -170.1978
1.423142 55.295 -170.8014
1.433455 55.336 -171.4147
1.443843 55.373 -172.0382
1.454305 55.407 -172.6725
1.464844 55.436 -173.3182
1.475459 55.462 -173.9758
1.486150 55.484 -174.6456
1.496920 55.502 -175.3283
1.507767 55.516 -176.0242
1.518693 55.525 -176.7336
1.529698 55.531 -177.4569
1.540783 55.533 -178.1945
1.551948 55.530 -178.9465
1.563194 55.523 -179.7131
1.574521 55.512 179.5055
1.585931 55.496 178.7093
1.597423 55.477 177.8980
1.608999 55.452 177.0718
1.620658 55.424 176.2304
1.632402 55.391 175.3740
1.644232 55.353 174.5025
1.656146 55.311 173.6158
1.668147 55.265 172.7137
1.680235 55.214 171.7962
1.692411 55.158 170.8629
1.704675 55.097 169.9137
1.717028 55.032 168.9479
1.729470 54.962 167.9650
1.742003 54.888 166.9644
1.754626 54.808 165.9450
1.767341 54.724 164.9059
1.780147 54.635 163.8456
1.793047 54.541 162.7627
1.806040 54.442 161.6553
1.819128 54.338 160.5213
1.832310 54.230 159.3584
1.845587 54.117 158.1639
1.858961 53.998 156.9348
1.872432 53.875 155.6675
1.886001 53.748 154.3583
1.899667 53.616 153.0030
1.913433 53.479 151.5968
1.927299 53.337 150.1345
1.941265 53.192 148.6104
1.955332 53.042 147.0182
1.969501 52.888 145.3508
1.983773 52.731 143.6007
1.998148 52.570 141.7593
2.012627 52.406 139.8175
2.027212 52.239 137.7652
2.041902 52.070 135.5914
2.056698 51.899 133.2844
2.071602 51.727 130.8314
2.086614 51.553 128.2189
2.101734 51.379 125.4332
2.116964 51.206 122.4598
2.132304 51.033 119.2852
2.147756 50.862 115.8965
2.163320 50.694 112.2831
2.178996 50.528 108.4379
2.194786 50.367 104.3590
2.210690 50.211 100.0514
2.226710 50.060 95.5288
2.242845 49.916 90.8149
2.259098 49.779 85.9443
2.275468 49.650 80.9617
2.291957 49.528 75.9204
2.308566 49.416 70.8782
2.325295 49.312 65.8941
2.342145 49.218 61.0239
2.359117 49.132 56.3157
2.376212 49.055 51.8086
2.393431 48.987 47.5307
2.410775 48.927 43.4996
2.428244 48.874 39.7236
2.445840 48.828 36.2034
2.463564 48.788 32.9338
2.481416 48.753 29.9055
2.499397 48.722 27.1069
2.517509 48.695 24.5247
2.535752 48.671 22.1455
2.554127 48.648 19.9556
2.572635 48.627 17.9425
2.591277 48.605 16.0942
2.610055 48.583 14.3999
2.628968 48.560 12.8499
2.648019 48.535 11.4357
2.667208 48.507 10.1499
2.686535 48.476 8.9861
2.706003 48.442 7.9393
2.725612 48.404 7.0051
2.745363 48.362 6.1805
2.765257 48.315 5.4630
2.785295 48.264 4.8514
2.805478 48.207 4.3451
2.825808 48.145 3.9444
2.846285 48.077 3.6504
2.866910 48.005 3.4650
2.887685 47.927 3.3911
2.908611 47.844 3.4322
2.929688 47.756 3.5925
2.950917 47.663 3.8773
2.972301 47.567 4.2926
2.993839 47.466 4.8452
3.015534 47.363 5.5426
3.037386 47.258 6.3935
3.059396 47.151 7.4068
3.081565 47.044 8.5924
3.103896 46.938 9.9606
3.126388 46.835 11.5221
3.149043 46.736 13.2875
3.171862 46.642 15.2671
3.194847 46.556 17.4702
3.217998 46.479 19.9049
3.241317 46.414 22.5766
3.264805 46.362 25.4879
3.288463 46.324 28.6375
3.312293 46.304 32.0190
3.336295 46.301 35.6208
3.360471 46.317 39.4256
3.384822 46.353 43.4099
3.409350 46.409 47.5457
3.434056 46.485 51.8004
3.458940 46.581 56.1390
3.484005 46.695 60.5256
3.509252 46.828 64.9250
3.534681 46.978 69.3040
3.560295 47.143 73.6326
3.586094 47.323 77.8843
3.612081 47.515 82.0362
3.638255 47.718 86.0686
3.664620 47.931 89.9648
3.691175 48.152 93.7102
3.717923 48.381 97.2921
3.744864 48.615 100.6994
3.772001 48.854 103.9222
3.799335 49.096 106.9517
3.826866 49.341 109.7807
3.854597 49.587 112.4032
3.882529 49.833 114.8144
3.910664 50.079 117.0113
3.939002 50.324 118.9923
3.967546 50.568 120.7571
3.996296 50.808 122.3068
4.025255 51.045 123.6434
4.054423 51.279 124.7701
4.083804 51.508 125.6906
4.113396 51.732 126.4088
4.143204 51.951 126.9292
4.173227 52.164 127.2561
4.203468 52.371 127.3937
4.233928 52.572 127.3456
4.264609 52.766 127.1151
4.295512 52.953 126.7046
4.326639 53.133 126.1159
4.357992 53.306 125.3496
4.389572 53.472 124.4051
4.421380 53.630 123.2806
4.453419 53.780 121.9725
4.485691 53.923 120.4756
4.518196 54.059 118.7823
4.550936 54.187 116.8828
4.583914 54.307 114.7640
4.617131 54.420 112.4095
4.650589 54.525 109.7990
4.684289 54.623 106.9074
4.718233 54.714 103.7042
4.752424 54.797 100.1529
4.786862 54.873 96.2109
4.821549 54.942 91.8296
4.856488 55.003 86.9558
4.891680 55.058 81.5352
4.927127 55.105 75.5191
4.962831 55.145 68.8754
4.998794 55.179 61.6040
5.035017 55.205 53.7544
5.071503 55.223 45.4395
5.108253 55.235 36.8359
5.145270 55.239 28.1658
5.182555 55.236 19.6585
5.220110 55.225 11.5120
5.257937 55.207 3.8656
5.296038 55.182 -3.2065
5.334415 55.148 -9.6857
5.373071 55.107 -15.5917
5.412006 55.058 -20.9653
5.451224 55.001 -25.8569
5.490725 54.937 -30.3168
5.530514 54.865 -34.3922
5.570590 54.785 -38.1239
5.610957 54.698 -41.5468
5.651616 54.604 -44.6892
5.692570 54.504 -47.5742
5.733821 54.396 -50.2203
5.775370 54.283 -52.6419
5.817221 54.165 -54.8506
5.859375 54.042 -56.8559
5.901834 53.915 -58.6657
5.944602 53.786 -60.2869
5.987679 53.654 -61.7265
6.031068 53.522 -62.9914
6.074771 53.389 -64.0891
6.118792 53.258 -65.0279
6.163131 53.130 -65.8171
6.207792 53.005 -66.4669
6.252776 52.886 -66.9884
6.298086 52.772 -67.3934
6.343725 52.666 -67.6940
6.389694 52.568 -67.9028
6.435996 52.479 -68.0317
6.482634 52.398 -68.0924
6.529610 52.328 -68.0958
6.576926 52.266 -68.0517
6.624585 52.215 -67.9687
6.672590 52.172 -67.8541
6.720942 52.138 -67.7143
6.769645 52.112 -67.5542
6.818700 52.093 -67.3778
6.868111 52.082 -67.1882
6.917881 52.077 -66.9877
6.968010 52.078 -66.7783
7.018504 52.084 -66.5614
7.069362 52.096 -66.3386
7.120590 52.113 -66.1112
7.172189 52.135 -65.8811
7.224161 52.162 -65.6504
7.276511 52.195 -65.4217
7.329239 52.233 -65.1983
7.382350 52.278 -64.9843
7.435845 52.330 -64.7843
7.489729 52.389 -64.6038
7.544002 52.456 -64.4488
7.598669 52.532 -64.3259
7.653732 52.616 -64.2419
7.709194 52.708 -64.2035
7.765058 52.810 -64.2173
7.821327 52.921 -64.2892
7.878004 53.040 -64.4240
7.935091 53.168 -64.6252
7.992592 53.303 -64.8948
8.050510 53.446 -65.2328
8.108847 53.595 -65.6375
8.167607 53.750 -66.1053
8.226793 53.911 -66.6309
8.286408 54.075 -67.2077
8.346454 54.244 -67.8279
8.406936 54.415 -68.4832
8.467856 54.589 -69.1653
8.529218 54.765 -69.8659
8.591024 54.942 -70.5775
8.653278 55.120 -71.2936
8.715983 55.299 -72.0091
8.779143 55.479 -72.7200
8.842760 55.659 -73.4241
8.906839 55.839 -74.1205
8.971381 56.020 -74.8097
9.036392 56.201 -75.4936
9.101873 56.383 -76.1753
9.167829 56.565 -76.8586
9.234263 56.747 -77.5483
9.301178 56.931 -78.2493
9.368578 57.114 -78.9672
9.436467 57.299 -79.7073
9.504847 57.485 -80.4747
9.573723 57.672 -81.2742
9.643099 57.859 -82.1099
9.712976 58.048 -82.9849
9.783361 58.238 -83.9016
9.854255 58.429 -84.8611
9.925663 58.620 -86.2125
9.997588 58.812 -87.9141
10.070035 59.004 -89.6550
10.143007 59.196 -91.4318
10.216507 59.387 -93.2402
10.290540 59.577 -94.8966
10.365109 59.765 -96.3912
10.440219 59.950 -97.9014
10.515873 60.133 -99.4219
10.592076 60.313 -100.9473
10.668830 60.489 -102.3839
10.746141 60.660 -103.7654
10.824012 60.827 -105.1400
10.902447 60.988 -106.5054
10.981451 61.144 -107.8602
11.061027 61.295 -109.1239
11.141180 61.439 -110.3713
11.221913 61.578 -111.6086
11.303232 61.711 -112.8372
11.385140 61.839 -114.0352
11.467641 61.961 -115.1927
11.550741 62.078 -116.3480
11.634442 62.191 -117.5036
11.718750 62.299 -118.6619
11.803669 62.405 -119.7811
11.889203 62.508 -120.9074
11.975357 62.610 -122.0426
12.062136 62.711 -123.1881
12.149543 62.811 -124.3180
12.237583 62.913 -125.4503
12.326262 63.017 -126.5944
12.415583 63.122 -127.7500
12.505552 63.231 -128.8997
12.596172 63.343 -130.0483
12.687449 63.459 -131.2060
12.779387 63.578 -132.3719
12.871992 63.702 -133.5322
12.965268 63.829 -134.6904
13.059220 63.960 -135.8553
13.153852 64.094 -137.0272
13.249170 64.230 -138.1943
13.345179 64.369 -139.3645
13.441884 64.510 -140.5450
13.539289 64.652 -141.7374
13.637401 64.794 -142.9291
13.736223 64.937 -144.1349
13.835761 65.081 -145.3586
13.936021 65.223 -146.5997
14.037007 65.365 -147.8530
14.138725 65.507 -149.1287
14.241180 65.647 -150.4276
14.344377 65.787 -151.7434
14.448323 65.925 -153.0783
14.553021 66.063 -154.4359
14.658478 66.199 -155.8144
14.764700 66.335 -157.2056
14.871691 66.470 -158.6151
14.979457 66.605 -160.0409
15.088005 66.739 -161.4761
15.197339 66.873 -162.9207
15.307465 67.007 -164.3746
15.418389 67.141 -165.8338
15.530117 67.274 -167.2944
15.642655 67.408 -168.7578
15.756008 67.542 -170.2218
15.870182 67.676 -171.6809
15.985184 67.811 -173.1382
16.101019 67.945 -174.5925
16.217694 68.080 -176.0401
16.335214 68.215 -177.4829
16.453586 68.351 -178.9209
16.572815 68.486 179.6482
16.692909 68.622 178.2231
16.813872 68.758 176.8031
16.935713 68.894 175.3895
17.058436 69.030 173.9813
17.182048 69.166 172.5778
17.306556 69.301 171.1797
17.431967 69.437 169.7861
17.558286 69.572 168.3959
17.685521 69.706 167.0087
17.813677 69.840 165.6238
17.942762 69.973 164.2405
18.072783 70.106 162.8580
18.203746 70.238 161.4754
18.335658 70.369 160.0918
18.468526 70.499 158.7062
18.602356 70.627 157.3176
18.737156 70.755 155.9243
18.872934 70.882 154.5251
19.009695 71.007 153.1195
19.147447 71.131 151.7058
19.286197 71.253 150.2833
19.425953 71.374 148.8510
19.566721 71.494 147.4062
19.708510 71.611 145.9498
19.851326 71.727 144.4796
19.995177 71.841 142.9951
20.140070 71.953 141.4961
20.286013 72.062 139.9806
20.433014 72.169 138.4494
20.581080 72.274 136.9013
20.730219 72.376 135.3359
20.880439 72.475 133.7538
21.031747 72.571 132.1527
21.184152 72.664 130.5353
21.337661 72.754 128.9004
21.492282 72.841 127.2490
21.648024 72.924 125.5817
21.804895 73.004 123.8978
21.962902 73.079 122.2001
22.122054 73.152 120.4868
22.282360 73.220 118.7609
22.443827 73.285 117.0212
22.606464 73.346 115.2695
22.770280 73.403 113.5066
22.935283 73.457 111.7326
23.101481 73.506 109.9492
23.268884 73.552 108.1548
23.437500 73.594 106.3525
23.607338 73.632 104.5396
23.778406 73.665 102.7197
23.950714 73.695 100.8905
24.124271 73.720 99.0546
24.299086 73.741 97.2103
24.475167 73.758 95.3596
24.652524 73.770 93.5016
24.831166 73.777 91.6380
25.011103 73.780 89.7683
25.192344 73.777 87.8941
25.374898 73.769 86.0154
25.558775 73.756 84.1339
25.743984 73.738 82.2502
25.930536 73.714 80.3661
26.118439 73.684 78.4825
26.307704 73.648 76.6018
26.498341 73.606 74.7247
26.690359 73.558 72.8543
26.883768 73.503 70.9915
27.078579 73.442 69.1405
27.274801 73.374 67.3014
27.472446 73.300 65.4793
27.671522 73.219 63.6738
27.872042 73.131 61.8903
28.074014 73.036 60.1294
28.277450 72.935 58.3956
28.482360 72.826 56.6911
28.688755 72.711 55.0182
28.896645 72.588 53.3804
29.106042 72.460 51.7792
29.316957 72.324 50.2192
29.529400 72.182 48.7008
29.743382 72.034 47.2281
29.958915 71.879 45.8025
30.176009 71.718 44.4265
30.394677 71.552 43.1030
30.614929 71.380 41.8315
30.836778 71.203 40.6160
31.060234 71.021 39.4568
31.285309 70.834 38.3549
31.512015 70.643 37.3126
31.740364 70.448 36.3291
31.970368 70.250 35.4063
32.202039 70.048 34.5443
32.435388 69.844 33.7425
32.670428 69.638 33.0023
32.907171 69.431 32.3228
33.145630 69.223 31.7033
33.385817 69.015 31.1442
33.627745 68.808 30.6440
33.871425 68.602 30.2019
34.116871 68.399 29.8171
34.364096 68.200 29.4874
34.613113 68.006 29.2100
34.863934 67.818 28.9814
35.116572 67.638 28.7958
35.371041 67.468 28.6619
35.627354 67.308 28.5732
35.885525 67.161 28.5243
36.145566 67.029 28.5046
36.407492 66.913 28.5047
36.671316 66.815 28.5159
36.937051 66.736 28.5281
37.204712 66.677 28.5295
37.474313 66.639 28.5099
37.745867 66.623 28.4580
38.019389 66.628 28.3610
38.294893 66.654 28.2078
38.572394 66.700 27.9882
38.851905 66.764 27.6917
39.133442 66.846 27.3071
39.417019 66.944 26.8264
39.702651 67.055 26.2428
39.990353 67.179 25.5500
40.280140 67.313 24.7427
40.572026 67.456 23.8142
40.866028 67.605 22.7636
41.162160 67.761 21.5885
41.460438 67.920 20.2870
41.760877 68.083 18.8574
42.063494 68.248 17.2985
42.368303 68.413 15.6091
42.675322 68.580 13.7867
42.984565 68.745 11.8277
43.296048 68.910 9.7261
43.609789 69.072 7.4733
43.925804 69.232 5.0555
44.244108 69.390 2.4516
44.564719 69.543 -0.3728
44.887654 69.693 -3.4724
45.212928 69.839 -6.9411
45.540560 69.980 -10.9496
45.870565 70.116 -15.8361
46.202962 70.246 -22.3606
46.537768 70.371 -32.5749
46.875000 70.489 -53.5743
47.214676 70.601 -105.4740
47.556813 70.706 -154.5008
47.901429 70.805 -174.0810
48.248542 70.896 176.0808
48.598171 70.981 169.6333
48.950334 71.058 164.7019
49.305048 71.128 160.5807
49.662333 71.191 156.9523
50.022206 71.248 153.6548
50.384688 71.298 150.5989
50.749796 71.342 147.7322
51.117550 71.381 145.0226
51.487969 71.415 142.4493
51.861072 71.444 139.9984
52.236879 71.471 137.6603
52.615409 71.495 135.4276
52.996681 71.519 133.2949
53.380717 71.543 131.2576
53.767536 71.568 129.3112
54.157158 71.596 127.4509
54.549603 71.629 125.6730
54.944892 71.667 123.9727
55.343045 71.711 122.3445
55.744084 71.762 120.7827
56.148028 71.822 119.2817
56.554900 71.891 117.8354
56.964720 71.969 116.4376
57.377510 72.056 115.0817
57.793291 72.153 113.7608
58.212085 72.258 112.4676
58.633914 72.371 111.1965
59.058799 72.492 109.9413
59.486764 72.620 108.6957
59.917829 72.754 107.4543
60.352019 72.893 106.2120
60.789354 73.036 104.9653
61.229859 73.182 103.7116
61.673556 73.331 102.4478
62.120468 73.483 101.1720
62.570618 73.636 99.8835
63.024031 73.790 98.5825
63.480729 73.944 97.2687
63.940736 74.099 95.9429
64.404077 74.253 94.6066
64.870776 74.407 93.2611
65.340856 74.560 91.9075
65.814343 74.713 90.5471
66.291261 74.864 89.1813
66.771635 75.013 87.8113
67.255489 75.161 86.4372
67.742850 75.306 85.0588
68.233743 75.448 83.6766
68.728193 75.587 82.2900
69.226226 75.723 80.8986
69.727867 75.854 79.5005
70.233144 75.980 78.0955
70.742083 76.101 76.6824
71.254709 76.216 75.2607
71.771050 76.324 73.8316
72.291132 76.425 72.3940
72.814984 76.518 70.9513
73.342631 76.603 69.5043
73.874102 76.679 68.0565
74.409424 76.745 66.6119
74.948626 76.802 65.1748
75.491734 76.848 63.7510
76.038779 76.884 62.3460
76.589787 76.909 60.9664
77.144788 76.923 59.6191
77.703811 76.926 58.3120
78.266885 76.919 57.0525
78.834039 76.901 55.8483
79.405303 76.872 54.7070
79.980706 76.834 53.6354
80.560280 76.787 52.6406
81.144053 76.732 51.7280
81.732056 76.669 50.9030
82.324320 76.599 50.1688
82.920876 76.524 49.5275
83.521755 76.445 48.9792
84.126988 76.363 48.5226
84.736607 76.280 48.1539
85.350643 76.197 47.8668
85.969129 76.116 47.6535
86.592097 76.038 47.5045
87.219579 75.966 47.4079
87.851608 75.901 47.3506
88.488217 75.845 47.3189
89.129439 75.798 47.2986
89.775308 75.763 47.2761
90.425856 75.739 47.2379
91.081119 75.729 47.1714
91.741131 75.732 47.0657
92.405925 75.748 46.9110
93.075536 75.777 46.6996
93.750000 75.819 46.4255
94.429351 75.873 46.0833
95.113625 75.938 45.6699
95.802858 76.013 45.1835
96.497085 76.097 44.6236
97.196342 76.188 43.9902
97.900667 76.286 43.2838
98.610096 76.389 42.5058
99.324665 76.495 41.6581
100.044413 76.604 40.7430
100.769376 76.713 39.7628
101.499592 76.823 38.7152
102.235100 76.933 37.6023
102.975938 77.040 36.4264
103.722144 77.145 35.1898
104.473757 77.245 33.8950
105.230817 77.340 32.5446
105.993363 77.430 31.1412
106.761435 77.512 29.6883
107.535072 77.586 28.1890
108.314315 77.652 26.6469
109.099206 77.708 25.0669
109.889783 77.755 23.4534
110.686090 77.790 21.8113
111.488167 77.815 20.1462
112.296056 77.828 18.4636
113.109800 77.828 16.7693
113.929440 77.817 15.0693
114.755020 77.792 13.3693
115.586582 77.756 11.6757
116.424170 77.706 9.9942
117.267827 77.644 8.3301
118.117598 77.570 6.6882
118.973527 77.483 5.0731
119.835658 77.385 3.4890
120.704037 77.275 1.9391
121.578708 77.155 0.4253
122.459718 77.025 -1.0507
123.347111 76.885 -2.4886
124.240935 76.736 -3.8886
125.141236 76.579 -5.2515
126.048061 76.414 -6.5792
126.961458 76.243 -7.8738
127.881473 76.066 -9.1379
128.808154 75.884 -10.3741
129.741551 75.697 -11.5854
130.681712 75.506 -12.7750
131.628686 75.312 -13.9453
132.582521 75.115 -15.0989
133.543269 74.916 -16.2374
134.510979 74.715 -17.3629
135.485701 74.512 -18.4769
136.467486 74.308 -19.5805
137.456386 74.103 -20.6745
138.452451 73.897 -21.7590
139.455735 73.689 -22.8344
140.466288 73.481 -23.9006
141.484165 73.271 -24.9574
142.509418 73.060 -26.0043
143.542100 72.849 -27.0409
144.582265 72.636 -28.0674
145.629968 72.423 -29.0840
146.685262 72.208 -30.0908
147.748204 71.993 -31.0880
148.818849 71.777 -32.0757
149.897251 71.562 -33.0547
150.983469 71.346 -34.0255
152.077557 71.132 -34.9888
153.179574 70.918 -35.9453
154.289576 70.708 -36.8967
155.407622 70.500 -37.8444
156.533770 70.298 -38.7902
157.668078 70.101 -39.7350
158.810606 69.912 -40.6797
159.961413 69.733 -41.6240
161.120559 69.565 -42.5671
162.288105 69.410 -43.5051
163.464112 69.271 -44.4312
164.648640 69.147 -45.3337
165.841752 69.042 -46.1955
167.043510 68.956 -46.9902
168.253976 68.889 -47.6797
169.473213 68.842 -48.2086
170.701286 68.814 -48.4971
171.938258 68.805 -48.4274
173.184194 68.812 -47.8224
174.439158 68.835 -46.4120
175.703216 68.872 -43.7737
176.976434 68.919 -39.2452
178.258878 68.976 -31.8526
179.550615 69.039 -20.5002
180.851713 69.107 -5.0994
182.162239 69.178 11.6772
183.482262 69.249 25.7841
184.811850 69.318 35.5345
186.151073 69.385 41.5507
187.500000 69.448 44.9542
188.858702 69.505 46.6219
190.227250 69.557 47.1339
191.605715 69.601 46.8634
192.994169 69.638 46.0551
194.392685 69.666 44.8740
195.801334 69.684 43.4361
197.220191 69.693 41.8264
198.649330 69.692 40.1102
200.088825 69.680 38.3406
201.538751 69.656 36.5620
202.999184 69.621 34.8126
204.470200 69.574 33.1279
205.951875 69.516 31.5414
207.444287 69.447 30.0842
208.947514 69.369 28.7861
210.461634 69.284 27.6759
211.986726 69.194 26.7797
213.522869 69.101 26.1203
215.070144 69.009 25.7152
216.628631 68.922 25.5751
218.198411 68.842 25.7013
219.779567 68.774 26.0832
221.372180 68.720 26.6965
222.976334 68.681 27.5027
224.592112 68.660 28.4507
226.219600 68.655 29.4810
227.858880 68.666 30.5300
229.510039 68.689 31.5364
231.173164 68.723 32.4476
232.848340 68.762 33.2233
234.535655 68.804 33.8377
236.235197 68.846 34.2795
237.947054 68.884 34.5507
239.671317 68.917 34.6630
241.408074 68.945 34.6345
243.157416 68.966 34.4858
244.919435 68.982 34.2381
246.694223 68.994 33.9108
248.481871 69.005 33.5193
250.282473 69.015 33.0751
252.096123 69.029 32.5849
253.922915 69.048 32.0515
255.762945 69.074 31.4745
257.616309 69.108 30.8517
259.483103 69.153 30.1795
261.363424 69.207 29.4548
263.257372 69.271 28.6758
265.165043 69.344 27.8428
267.086538 69.425 26.9586
269.021957 69.513 26.0278
270.971401 69.607 25.0573
272.934972 69.705 24.0554
274.912771 69.807 23.0314
276.904902 69.910 21.9957
278.911469 70.015 20.9576
280.932577 70.119 19.9252
282.968330 70.222 18.9056
285.018835 70.322 17.9032
287.084199 70.419 16.9195
289.164530 70.509 15.9532
291.259935 70.592 15.0009
293.370525 70.665 14.0560
295.496408 70.727 13.1127
297.637697 70.775 12.1667
299.794503 70.807 11.2172
301.966937 70.821 10.2686
304.155114 70.816 9.3332
306.359147 70.791 8.4318
308.579152 70.744 7.5939
310.815244 70.675 6.8572
313.067539 70.585 6.2666
315.336156 70.476 5.8721
317.621211 70.349 5.7258
319.922826 70.208 5.8782
322.241118 70.056 6.3723
324.576210 69.900 7.2363
326.928223 69.745 8.4767
329.297280 69.598 10.0710
331.683504 69.467 11.9634
334.087019 69.362 14.0673
336.507952 69.288 16.2745
338.946427 69.253 18.4696
341.402572 69.261 20.5460
343.876516 69.314 22.4182
346.368387 69.412 24.0284
348.878315 69.552 25.3448
351.406431 69.730 26.3577
353.952867 69.941 27.0729
356.517756 70.179 27.5043
359.101230 70.440 27.6696
361.703426 70.718 27.5869
364.324478 71.007 27.2735
366.964523 71.305 26.7437
369.623699 71.606 26.0092
372.302145 71.906 25.0781
375.000000 72.201 23.9568
377.717405 72.488 22.6498
380.454501 72.763 21.1613
383.211431 73.022 19.4963
385.988339 73.260 17.6614
388.785369 73.476 15.6666
391.602668 73.665 13.5263
394.440383 73.825 11.2589
397.298660 73.954 8.8877
400.177650 74.048 6.4417
403.077502 74.108 3.9532
405.998368 74.132 1.4567
408.940400 74.119 -1.0127
411.903750 74.070 -3.4197
414.888575 73.987 -5.7291
417.895028 73.870 -7.9070
420.923268 73.722 -9.9221
423.973452 73.546 -11.7459
427.045738 73.345 -13.3535
430.140287 73.124 -14.7235
433.257261 72.887 -15.8395
436.396822 72.641 -16.6915
439.559133 72.392 -17.2752
442.744360 72.148 -17.5917
445.952668 71.918 -17.6484
449.184225 71.711 -17.4581
452.439199 71.538 -17.0378
455.717760 71.406 -16.4084
459.020079 71.325 -15.5942
462.346327 71.298 -14.6250
465.696680 71.327 -13.5360
469.071310 71.410 -12.3693
472.470394 71.540 -11.1749
475.894109 71.710 -10.0093
479.342634 71.908 -8.9351
482.816148 72.125 -8.0159
486.314833 72.350 -7.3106
489.838871 72.575 -6.8668
493.388445 72.792 -6.7164
496.963741 72.995 -6.8716
500.564945 73.179 -7.3244
504.192245 73.342 -8.0486
507.845830 73.481 -9.0027
511.525890 73.598 -10.1340
515.232618 73.693 -11.3818
518.966206 73.769 -12.6818
522.726849 73.830 -13.9673
526.514743 73.881 -15.1718
530.330086 73.927 -16.2284
534.173076 73.975 -17.0715
538.043915 74.031 -17.6382
541.942803 74.100 -17.8723
545.869944 74.186 -17.7318
549.825542 74.294 -17.2022
553.809805 74.426 -16.3123
557.822939 74.581 -15.1473
561.865154 74.757 -13.8507
565.936660 74.953 -12.6102
570.037671 75.161 -11.6237
574.168399 75.378 -11.0618
578.329060 75.597 -11.0407
582.519870 75.811 -11.6142
586.741049 76.015 -12.7802
590.992817 76.203 -14.4965
595.275394 76.372 -16.6961
599.589005 76.517 -19.3008
603.933874 76.637 -22.2281
608.310228 76.729 -25.3959
612.718295 76.792 -28.7236
617.158304 76.825 -32.1324
621.630488 76.829 -35.5446
626.135079 76.803 -38.8828
630.672311 76.749 -42.0687
635.242423 76.668 -45.0241
639.845651 76.561 -47.6723
644.482237 76.430 -49.9429
649.152421 76.278 -51.7780
653.856447 76.107 -53.1446
658.594560 75.922 -54.0449
663.367008 75.725 -54.5248
668.174039 75.522 -54.6755
673.015903 75.317 -54.6249
677.892854 75.115 -54.5135
682.805145 74.922 -54.4707
687.753032 74.743 -54.5940
692.736774 74.584 -54.9408
697.756631 74.449 -55.5302
702.812863 74.341 -56.3516
707.905735 74.261 -57.3753
713.035511 74.208 -58.5611
718.202461 74.179 -59.8594
723.406852 74.169 -61.2061
728.648956 74.170 -62.5105
733.929047 74.175 -63.6318
739.247399 74.176 -64.3351
744.604290 74.166 -64.2076
750.000000 74.141 -62.4831
755.434809 74.097 -57.6637
760.909001 74.031 -46.8777
766.422861 73.944 -26.6467
771.976677 73.837 -1.3036
777.570739 73.713 16.7569
783.205337 73.575 25.6512
788.880766 73.429 29.0807
794.597321 73.280 29.6044
800.355301 73.134 28.5394
806.155005 72.995 26.5750
811.996736 72.870 24.1002
817.880799 72.763 21.3528
823.807501 72.674 18.4913
829.777150 72.607 15.6306
835.790057 72.561 12.8607
841.846536 72.535 10.2574
847.946903 72.527 7.8867
854.091476 72.537 5.8055
860.280575 72.564 4.0593
866.514523 72.605 2.6778
872.793644 72.661 1.6700
879.118267 72.729 1.0178
885.488720 72.807 0.6744
891.905336 72.894 0.5680
898.368450 72.986 0.6104
904.878398 73.080 0.7091
911.435520 73.174 0.7805
918.040157 73.264 0.7598
924.692655 73.347 0.6043
931.393359 73.421 0.2932
938.142619 73.484 -0.1765
944.940787 73.533 -0.7928
951.788218 73.567 -1.5326
958.685268 73.584 -2.3640
965.632296 73.584 -3.2503
972.629666 73.567 -4.1544
979.677741 73.534 -5.0430
986.776890 73.487 -5.8912
993.927482 73.429 -6.6867
1001.129891 73.361 -7.4319
1008.384491 73.287 -8.1418
1015.691660 73.210 -8.8393
1023.051781 73.133 -9.5484
1030.465236 73.055 -10.2893
1037.932411 72.979 -11.0743
1045.453698 72.904 -11.9059
1053.029486 72.831 -12.7770
1060.660172 72.760 -13.6743
1068.346153 72.688 -14.5811
1076.087829 72.617 -15.4804
1083.885605 72.544 -16.3567
1091.739887 72.470 -17.1967
1099.651084 72.390 -17.9924
1107.619609 72.305 -18.7406
1115.645878 72.212 -19.4400
1123.730308 72.109 -20.0908
1131.873321 71.995 -20.6941
1140.075341 71.868 -21.2495
1148.336797 71.729 -21.7572
1156.658119 71.580 -22.2193
1165.039741 71.423 -22.6432
1173.482099 71.263 -23.0467
1181.985634 71.105 -23.4564
1190.550789 70.955 -23.9074
1199.178011 70.819 -24.4409
1207.867749 70.700 -25.0990
1216.620457 70.602 -25.9180
1225.436590 70.525 -26.9253
1234.316609 70.465 -28.1355
1243.260976 70.420 -29.5481
1252.270157 70.383 -31.1469
1261.344623 70.349 -32.9003
1270.484846 70.311 -34.7621
1279.691303 70.267 -36.6714
1288.964474 70.214 -38.5508
1298.304842 70.151 -40.3048
1307.712894 70.081 -41.8126
1317.189120 70.008 -42.9178
1326.734016 69.939 -43.4100
1336.348077 69.881 -42.9981
1346.031806 69.842 -41.2715
1355.785708 69.831 -37.6630
1365.610290 69.853 -31.4786
1375.506065 69.913 -22.1918
1385.473549 70.011 -10.2314
1395.513261 70.142 2.3790
1405.625726 70.299 13.1152
1415.811469 70.473 20.7711
1426.071023 70.655 25.5287
1436.404921 70.834 28.0619
1446.813703 71.003 29.0081
1457.297912 71.154 28.8445
1467.858093 71.282 27.9075
1478.494798 71.383 26.4328
1489.208581 71.457 24.5889
1500.000000 71.504 22.4990
1510.869618 71.524 20.2548
1521.818002 71.519 17.9254
1532.845723 71.493 15.5635
1543.953355 71.448 13.2091
1555.141477 71.385 10.8918
1566.410674 71.309 8.6337
1577.761531 71.222 6.4509
1589.194642 71.124 4.3540
1600.710601 71.019 2.3494
1612.310010 70.908 0.4382
1623.993473 70.793 -1.3815
1635.761599 70.676 -3.1149
1647.615002 70.557 -4.7682
1659.554299 70.438 -6.3486
1671.580114 70.319 -7.8610
1683.693072 70.200 -9.3082
1695.893807 70.081 -10.6908
1708.182952 69.963 -12.0070
1720.561150 69.845 -13.2523
1733.029045 69.727 -14.4202
1745.587288 69.609 -15.5019
1758.236533 69.491 -16.4866
1770.977440 69.374 -17.3603
1783.810673 69.258 -18.1055
1796.736900 69.143 -18.6999
1809.756796 69.029 -19.1163
1822.871040 68.916 -19.3235
1836.080315 68.805 -19.2872
1849.385310 68.696 -18.9724
1862.786718 68.587 -18.3466
1876.285239 68.480 -17.3852
1889.881575 68.374 -16.0759
1903.576436 68.270 -14.4236
1917.370535 68.168 -12.4566
1931.264593 68.071 -10.2291
1945.259332 67.980 -7.8205
1959.355483 67.898 -5.3328
1973.553781 67.828 -2.8799
1987.854965 67.774 -0.5756
2002.259781 67.740 1.4823
2016.768981 67.727 3.2205
2031.383320 67.737 4.5951
2046.103561 67.770 5.5889
2060.930471 67.823 6.2072
2075.864823 67.895 6.4722
2090.907395 67.980 6.4157
2106.058972 68.074 6.0756
2121.320344 68.172 5.4918
2136.692305 68.269 4.7049
2152.175658 68.362 3.7538
2167.771210 68.448 2.6757
2183.479774 68.524 1.5049
2199.302169 68.588 0.2725
2215.239219 68.639 -0.9931
2231.291755 68.676 -2.2662
2247.460615 68.697 -3.5237
2263.746641 68.702 -4.7443
2280.150683 68.690 -5.9075
2296.673595 68.659 -6.9939
2313.316238 68.609 -7.9828
2330.079481 68.540 -8.8531
2346.964198 68.451 -9.5834
2363.971268 68.345 -10.1501
2381.101578 68.222 -10.5286
2398.356022 68.086 -10.6936
2415.735498 67.942 -10.6207
2433.240913 67.794 -10.2881
2450.873180 67.649 -9.6799
2468.633217 67.515 -8.7900
2486.521951 67.397 -7.6282
2504.540314 67.304 -6.2242
2522.689246 67.243 -4.6311
2540.969692 67.216 -2.9242
2559.382606 67.227 -1.1950
2577.928947 67.273 0.4586
2596.609683 67.351 1.9448
2615.425787 67.454 3.1874
2634.378241 67.574 4.1337
2653.468031 67.702 4.7558
2672.696154 67.830 5.0496
2692.063613 67.952 5.0308
2711.571415 68.060 4.7294
2731.220579 68.151 4.1854
2751.012130 68.219 3.4451
2770.947098 68.264 2.5581
2791.026522 68.282 1.5759
2811.251451 68.276 0.5495
2831.622938 68.244 -0.4716
2852.142045 68.188 -1.4393
2872.809842 68.112 -2.3077
2893.627406 68.018 -3.0337
2914.595823 67.912 -3.5778
2935.716186 67.797 -3.9062
2956.989596 67.681 -3.9910
2978.417161 67.569 -3.8133
3000.000000 67.468 -3.3681
3021.739237 67.385 -2.6664
3043.636005 67.327 -1.7397
3065.691446 67.296 -0.6404
3087.906710 67.295 0.5598
3110.282955 67.325 1.7751
3132.821347 67.381 2.9162
3155.523062 67.460 3.9008
3178.389283 67.554 4.6640
3201.421202 67.656 5.1653
3224.620020 67.760 5.3900
3247.986946 67.858 5.3474
3271.523198 67.947 5.0691
3295.230004 68.021 4.6018
3319.108599 68.079 4.0024
3343.160228 68.121 3.3343
3367.386145 68.146 2.6642
3391.787613 68.159 2.0574
3416.365904 68.161 1.5751
3441.122300 68.159 1.2723
3466.058091 68.158 1.1916
3491.174576 68.164 1.3580
3516.473066 68.184 1.7754
3541.954880 68.221 2.4222
3567.621345 68.278 3.2495
3593.473800 68.358 4.1853
3619.513592 68.456 5.1429
3645.742080 68.571 6.0333
3672.160630 68.696 6.7776
3698.770620 68.826 7.3174
3725.573436 68.955 7.6190
3752.570477 69.078 7.6733
3779.763150 69.190 7.4925
3807.152872 69.289 7.1044
3834.741071 69.374 6.5462
3862.529185 69.444 5.8594
3890.518664 69.500 5.0869
3918.710966 69.542 4.2698
3947.107561 69.574 3.4469
3975.709929 69.597 2.6516
4004.519563 69.615 1.9110
4033.537962 69.629 1.2463
4062.766641 69.644 0.6705
4092.207123 69.662 0.1874
4121.860942 69.684 -0.2101
4151.729646 69.712 -0.5404
4181.814790 69.747 -0.8311
4212.117944 69.786 -1.1160
4242.640687 69.829 -1.4304
4273.384610 69.872 -1.8046
4304.351317 69.913 -2.2599
4335.542421 69.949 -2.8048
4366.959549 69.978 -3.4332
4398.604338 69.997 -4.1262
4430.478438 70.006 -4.8549
4462.583511 70.006 -5.5839
4494.921231 69.996 -6.2766
4527.493283 69.980 -6.8984
4560.301365 69.959 -7.4203
4593.347189 69.935 -7.8225
4626.632476 69.909 -8.0962
4660.158962 69.884 -8.2458
4693.928395 69.861 -8.2890
4727.942535 69.839 -8.2527
4762.203156 69.819 -8.1691
4796.712043 69.799 -8.0707
4831.470996 69.779 -7.9830
4866.481826 69.757 -7.9202
4901.746360 69.732 -7.8826
4937.266434 69.705 -7.8580
4973.043902 69.676 -7.8245
5009.080628 69.647 -7.7558
5045.378492 69.619 -7.6279
5081.939384 69.594 -7.4233
5118.765212 69.575 -7.1357
5155.857894 69.563 -6.7704
5193.219366 69.561 -6.3432
5230.851574 69.567 -5.8785
5268.756481 69.581 -5.4033
5306.936062 69.602 -4.9402
5345.392309 69.629 -4.5045
5384.127225 69.659 -4.1024
5423.142830 69.691 -3.7314
5462.441159 69.726 -3.3849
5502.024259 69.764 -3.0564
5541.894195 69.805 -2.7450
5582.053045 69.852 -2.4583
5622.502902 69.904 -2.2112
5663.245876 69.961 -2.0238
5704.284090 70.025 -1.9174
5745.619684 70.092 -1.9088
5787.254813 70.162 -2.0057
5829.191647 70.231 -2.2044
5871.432373 70.298 -2.4911
5913.979192 70.361 -2.8431
5956.834323 70.418 -3.2341
6000.000000 70.469 -3.6396
6043.478473 70.515 -4.0401
6087.272010 70.555 -4.4246
6131.382892 70.591 -4.7911
6175.813420 70.622 -5.1457
6220.565910 70.648 -5.4993
6265.642695 70.667 -5.8624
6311.046124 70.680 -6.2419
6356.778566 70.683 -6.6377
6402.842404 70.676 -7.0438
6449.240040 70.659 -7.4483
6495.973891 70.632 -7.8369
6543.046396 70.596 -8.1956
6590.460007 70.551 -8.5140
6638.217197 70.502 -8.7856
6686.320456 70.449 -9.0075
6734.772290 70.394 -9.1791
6783.575226 70.340 -9.2992
6832.731809 70.287 -9.3652
6882.244600 70.236 -9.3745
6932.116181 70.189 -9.3246
6982.349153 70.144 -9.2153
7032.946133 70.103 -9.0504
7083.909760 70.065 -8.8381
7135.242690 70.030 -8.5916
7186.947600 69.996 -8.3256
7239.027185 69.964 -8.0526
7291.484160 69.933 -7.7816
7344.321260 69.902 -7.5167
7397.541239 69.872 -7.2588
7451.146872 69.843 -7.0075
7505.140954 69.819 -6.7649
7559.526299 69.801 -6.5365
7614.305743 69.791 -6.3326
7669.482141 69.792 -6.1675
7725.058371 69.803 -6.0575
7781.037328 69.826 -6.0180
7837.421932 69.859 -6.0612
7894.215122 69.901 -6.1948
7951.419859 69.948 -6.4228
8009.039125 69.999 -6.7457
8067.075924 70.051 -7.1601
8125.533282 70.100 -7.6584
8184.414245 70.145 -8.2313
8243.721885 70.182 -8.8652
8303.459292 70.210 -9.5430
8363.629581 70.228 -10.2451
8424.235888 70.235 -10.9513
8485.281374 70.230 -11.6393
8546.769221 70.216 -12.2887
8608.702634 70.191 -12.8810
8671.084842 70.160 -13.4005
8733.919097 70.121 -13.8335
8797.208675 70.079 -14.1699
8860.956876 70.033 -14.4034
8925.167022 69.987 -14.5329
8989.842461 69.941 -14.5641
9054.986566 69.898 -14.5109
9120.602731 69.858 -14.3943
9186.694378 69.822 -14.2425
9253.264952 69.793 -14.0873
9320.317925 69.768 -13.9620
9387.856790 69.750 -13.8974
9455.885071 69.736 -13.9192
9524.406312 69.725 -14.0463
9593.424086 69.717 -14.2889
9662.941992 69.708 -14.6488
9732.963653 69.698 -15.1202
9803.492719 69.685 -15.6899
9874.532869 69.667 -16.3397
9946.087805 69.642 -17.0475
10018.161257 69.610 -17.7892
10090.756983 69.570 -18.5399
10163.878768 69.521 -19.2752
10237.530423 69.464 -19.9727
10311.715789 69.400 -20.6116
10386.438732 69.328 -21.1748
10461.703149 69.252 -21.6500
10537.512962 69.172 -22.0303
10613.872125 69.092 -22.3160
10690.784618 69.013 -22.5139
10768.254450 68.938 -22.6367
10846.285661 68.869 -22.7030
10924.882318 68.808 -22.7346
11004.048518 68.755 -22.7549
11083.788390 68.710 -22.7864
11164.106090 68.673 -22.8479
11245.005805 68.642 -22.9545
11326.491752 68.614 -23.1161
11408.568180 68.589 -23.3364
11491.239368 68.562 -23.6136
11574.509626 68.533 -23.9411
11658.383294 68.500 -24.3081
11742.864745 68.461 -24.7010
11827.958384 68.416 -25.1045
11913.668646 68.365 -25.5031
12000.000000 68.308 -25.8829
12086.956947 68.246 -26.2325
12174.544019 68.181 -26.5428
12262.765784 68.114 -26.8085
12351.626840 68.047 -27.0278
12441.131819 67.980 -27.2020
12531.285389 67.917 -27.3348
12622.092249 67.856 -27.4323
12713.557132 67.800 -27.5022
12805.684808 67.747 -27.5538
12898.480079 67.697 -27.5966
12991.947783 67.649 -27.6398
13086.092792 67.602 -27.6918
13180.920015 67.555 -27.7597
13276.434395 67.506 -27.8478
13372.640911 67.454 -27.9576
13469.544580 67.398 -28.0878
13567.150452 67.337 -28.2341
13665.463617 67.270 -28.3906
13764.489200 67.200 -28.5518
13864.232362 67.125 -28.7116
13964.698305 67.046 -28.8646
14065.892266 66.965 -29.0063
14167.819519 66.883 -29.1336
14270.485380 66.799 -29.2441
14373.895200 66.714 -29.3358
14478.054370 66.629 -29.4067
14582.968320 66.543 -29.4554
14688.642520 66.457 -29.4810
14795.082478 66.371 -29.4814
14902.293745 66.284 -29.4551
15010.281908 66.197 -29.4022
15119.052599 66.110 -29.3229
15228.611486 66.023 -29.2187
15338.964283 65.936 -29.0927
15450.116741 65.851 -28.9500
15562.074656 65.766 -28.7963
15674.843864 65.684 -28.6391
15788.430244 65.605 -28.4849
15902.839718 65.528 -28.3403
16018.078250 65.453 -28.2097
16134.151848 65.381 -28.0952
16251.066563 65.311 -27.9960
16368.828491 65.242 -27.9091
16487.443769 65.176 -27.8289
16606.918584 65.111 -27.7481
16727.259161 65.049 -27.6605
16848.471777 64.989 -27.5603
16970.562748 64.933 -27.4435
17093.538442 64.882 -27.3090
17217.405268 64.836 -27.1605
17342.169684 64.796 -27.0016
17467.838194 64.762 -26.8351
17594.417350 64.733 -26.6821
17721.913751 64.709 -26.5583
17850.334044 64.689 -26.4269
17979.684923 64.672 -26.2830
18109.973131 64.656 -26.1456
18241.205462 64.641 -26.0193
18373.388756 64.626 -25.9017
18506.529905 64.609 -25.7889
18640.635849 64.591 -25.6769
18775.713581 64.572 -25.5611
18911.770141 64.551 -25.4388
19048.812624 64.529 -25.3099
19186.848172 64.506 -25.1758
19325.883983 64.483 -25.0402
19465.927305 64.460 -24.9091
19606.985439 64.436 -24.7899
19749.065738 64.412 -24.6912
19892.175609 64.386 -24.6224
20036.322514 64.358 -24.5702
20181.513966 64.328 -24.3107
20327.757536 64.294 -24.0695
20475.060846 64.256 -23.8458
20623.431577 64.214 -23.6389
20772.877464 64.167 -23.4481
20923.406297 64.115 -23.2736
21075.025924 64.059 -23.1162
21227.744250 63.999 -22.9780
21381.569235 63.937 -22.8619
21536.508900 63.872 -22.7714
21692.571321 63.807 -22.7104
21849.764635 63.743 -22.6829
22008.097037 63.683 -22.6924
22167.576780 63.628 -22.7413
22328.212180 63.580 -22.8309
22490.011609 63.541 -22.9602
22652.983504 63.510 -23.1267
22817.136361 63.489 -23.3255
22982.478737 63.475 -23.5505
23149.019252 63.467 -23.7946
23316.766588 63.463 -24.0518
23485.729490 63.462 -24.3167
23655.916767 63.462 -24.5861
23827.337292 63.462 -24.8582
24000.000000 63.462 -25.1325
