* Measurement data measured by REW V5.30.9
* Source: Trace Arithmetic result A * B
* Format: Trace Arithmetic result A * B
* Dated: Sep 22, 2025 3:45:13 PM
* REW Settings:
*  C-weighting compensation: Off
*  Target level: 69.5 dB
* Note: ; RIGHT as Filter * Xover 801 A = R.120.Blue B = FRX
* Measurement: R1X
* Smoothing: Variable
* Frequency Step: 96 ppo
* Start Frequency: 1.0986328 Hz
*
* Freq(Hz) SPL(dB) Phase(degrees)
1.098633 53.244 87.3348
1.106594 52.943 87.4236
1.114613 52.517 87.5376
1.122690 52.048 87.6480
1.130825 51.578 87.7425
1.139020 51.108 87.8219
1.147273 50.634 87.8880
1.155587 50.155 87.9413
1.163961 49.674 87.9822
1.172395 49.189 88.0117
1.180891 48.701 88.0303
1.189448 48.209 88.0388
1.198068 47.713 88.0381
1.206749 47.214 88.0291
1.215494 46.712 88.0128
1.224302 46.205 87.9905
1.233174 45.695 87.9638
1.242110 45.182 87.9342
1.251111 44.664 87.9040
1.260177 44.143 87.8759
1.269308 43.618 87.8530
1.278506 43.089 87.8395
1.287771 42.557 87.8402
1.297103 42.020 87.8617
1.306502 41.480 87.9118
1.315969 40.936 88.0008
1.325505 40.388 88.1415
1.335111 39.836 88.3506
1.344785 39.280 88.6494
1.354530 38.719 89.0655
1.364346 38.155 89.6345
1.374232 37.587 90.4028
1.384191 37.014 91.4302
1.394221 36.438 92.7940
1.404324 35.857 94.5918
1.414500 35.272 96.9438
1.424750 34.683 99.9892
1.435075 34.088 103.8698
1.445474 33.492 108.6912
1.455948 32.944 114.4835
1.466499 32.558 121.1942
1.477126 32.419 128.6738
1.487830 32.485 136.6009
1.498611 32.661 144.4650
1.509471 32.906 151.7326
1.520409 33.219 158.0524
1.531426 33.598 163.3078
1.542524 34.040 167.5468
1.553701 34.540 170.8973
1.564960 35.097 173.5075
1.576301 35.705 175.5160
1.587723 36.360 177.0407
1.599228 37.059 178.1770
1.610817 37.797 179.0006
1.622490 38.569 179.5706
1.634247 39.371 179.9331
1.646089 40.197 -179.8763
1.658018 41.042 -179.8300
1.670032 41.900 -179.9067
1.682134 42.766 179.9099
1.694323 43.634 179.6322
1.706601 44.497 179.2690
1.718968 45.349 178.8266
1.731424 46.184 178.3091
1.743971 46.993 177.7184
1.756608 47.771 177.0546
1.769338 48.509 176.3159
1.782159 49.200 175.4986
1.795073 49.835 174.5979
1.808081 50.407 173.6071
1.821183 50.910 172.5039
1.834380 51.352 171.2368
1.847673 51.750 169.7375
1.861062 52.117 167.9595
1.874548 52.460 165.8964
1.888132 52.781 163.5677
1.901814 53.080 161.0003
1.915595 53.356 158.2239
1.929476 53.611 155.2726
1.943458 53.844 152.1850
1.957541 54.056 149.0029
1.971726 54.247 145.7704
1.986014 54.418 142.5318
2.000406 54.570 139.3294
2.014901 54.702 136.2022
2.029502 54.815 133.1838
2.044209 54.910 130.3021
2.059022 54.988 127.5788
2.073943 55.049 125.0297
2.088971 55.093 122.6657
2.104109 55.122 120.4933
2.119356 55.136 118.5161
2.134714 55.137 116.7354
2.150183 55.124 115.1523
2.165764 55.100 113.7693
2.181458 55.062 112.5789
2.197266 55.005 111.5410
2.213188 54.915 110.5796
2.229226 54.779 109.6180
2.245379 54.592 108.6154
2.261650 54.357 107.5639
2.278039 54.079 106.4673
2.294547 53.764 105.3295
2.311174 53.417 104.1551
2.327922 53.043 102.9513
2.344791 52.648 101.7273
2.361782 52.239 100.4958
2.378897 51.823 99.2731
2.396135 51.405 98.0805
2.413499 50.993 96.9448
2.430988 50.596 95.9000
2.448604 50.220 94.9885
2.466347 49.874 94.2626
2.484219 49.566 93.7868
2.502221 49.307 93.6390
2.520353 49.105 93.9121
2.538617 48.970 94.7185
2.557013 48.911 96.1983
2.575542 48.930 98.5215
2.594205 49.025 101.8633
2.613004 49.189 106.3590
2.631939 49.417 112.0587
2.651011 49.701 118.8854
2.670221 50.035 126.5916
2.689571 50.413 134.7516
2.709061 50.828 142.8427
2.728691 51.273 150.3920
2.748465 51.739 157.0922
2.768381 52.219 162.8237
2.788442 52.705 167.6064
2.808648 53.188 171.5339
2.829001 53.659 174.7230
2.849501 54.109 177.2876
2.870150 54.529 179.3345
2.890948 54.908 -179.0790
2.911897 55.240 -178.0188
2.932998 55.531 -177.6017
2.954251 55.796 -177.7691
2.975659 56.051 -178.2353
2.997222 56.302 -178.7219
3.018941 56.546 -179.1303
3.040818 56.781 -179.4687
3.062853 57.004 -179.7479
3.085047 57.209 -179.9702
3.107403 57.395 179.8604
3.129920 57.556 179.7401
3.152601 57.690 179.6659
3.175446 57.792 179.6353
3.198457 57.857 179.6469
3.221634 57.882 179.6995
3.244979 57.862 179.7927
3.268494 57.791 179.9374
3.292179 57.660 -179.8347
3.316035 57.457 -179.4827
3.340064 57.171 -178.9805
3.364268 56.804 -178.3218
3.388647 56.363 -177.5034
3.413202 55.861 -176.5142
3.437936 55.309 -175.3378
3.462849 54.719 -173.9550
3.487942 54.107 -172.3442
3.513217 53.485 -170.4831
3.538675 52.869 -168.3509
3.564318 52.275 -165.9330
3.590146 51.719 -163.2299
3.616162 51.219 -160.2665
3.642366 50.791 -157.0658
3.668760 50.441 -153.5757
3.695346 50.161 -149.6350
3.722124 49.939 -145.0562
3.749096 49.762 -139.7378
3.776263 49.626 -133.6945
3.803627 49.523 -127.0309
3.831190 49.448 -119.9296
3.858953 49.393 -112.6358
3.886916 49.353 -105.4167
3.915082 49.319 -98.5054
3.943453 49.285 -92.0618
3.972028 49.243 -86.1610
4.000811 49.186 -80.7852
4.029803 49.109 -75.8185
4.059005 49.016 -71.0805
4.088418 48.912 -66.4035
4.118044 48.803 -61.6821
4.147885 48.691 -56.8618
4.177942 48.581 -51.9077
4.208218 48.476 -46.7912
4.238712 48.380 -41.4924
4.269427 48.296 -35.9991
4.300366 48.228 -30.3083
4.331528 48.181 -24.4267
4.362916 48.158 -18.3400
4.394531 48.159 -11.9181
4.426376 48.178 -4.8438
4.458451 48.212 3.2836
4.490759 48.258 12.6956
4.523301 48.322 23.2335
4.556079 48.406 34.2934
4.589094 48.515 44.9987
4.622348 48.655 54.5519
4.655844 48.829 62.5017
4.689582 49.042 68.7495
4.723564 49.304 73.4434
4.757793 49.640 76.9019
4.792270 50.088 79.5151
4.826997 50.664 81.5978
4.861975 51.350 83.3068
4.897207 52.103 84.6914
4.932695 52.872 85.7768
4.968439 53.606 86.5907
5.004442 54.255 87.1572
5.040706 54.768 87.4907
5.077234 55.090 87.5839
5.114025 55.165 87.3746
5.151084 54.943 86.7272
5.188410 54.403 85.4618
5.226008 53.568 83.3981
5.263878 52.502 80.3383
5.302022 51.296 75.9833
5.340442 50.052 69.8245
5.379142 48.881 61.0347
5.418121 47.910 48.4147
5.457383 47.280 30.4977
5.496929 47.126 5.9817
5.536762 47.511 -23.3867
5.576884 48.379 -49.4885
5.617296 49.592 -67.1373
5.658002 50.992 -78.0755
5.699002 52.429 -85.0061
5.740299 53.753 -89.5721
5.781896 54.825 -92.6346
5.823794 55.528 -94.6865
5.865995 55.788 -96.1042
5.908503 55.592 -97.2204
5.951318 54.981 -98.2692
5.994444 54.041 -99.3376
6.037882 52.880 -100.3963
6.081635 51.623 -101.3481
6.125705 50.412 -102.0187
6.170095 49.409 -102.0778
6.214806 48.761 -100.9077
6.259841 48.529 -97.3776
6.305202 48.662 -89.1801
6.350892 49.060 -71.0072
6.396913 49.628 -36.5033
6.443268 50.283 -2.0878
6.489959 50.938 16.6406
6.536988 51.516 26.3116
6.584357 51.975 32.1786
6.632070 52.317 36.4422
6.680129 52.577 39.9708
6.728536 52.787 43.0361
6.777294 52.963 45.6730
6.826405 53.116 47.8456
6.875872 53.257 49.4968
6.925697 53.396 50.5962
6.975884 53.538 51.1984
7.026434 53.683 51.4210
7.077350 53.824 51.3418
7.128635 53.954 50.9329
7.180293 54.064 50.0827
7.232324 54.147 48.6127
7.284732 54.189 46.1903
7.337520 54.172 42.1769
7.390691 54.078 35.5544
7.444247 53.915 25.0752
7.498191 53.716 9.9797
7.552526 53.530 -8.3239
7.607255 53.415 -25.9672
7.662380 53.445 -40.2903
7.717905 53.693 -51.5733
7.773832 54.180 -60.9662
7.830165 54.835 -69.0236
7.886905 55.516 -75.7729
7.944057 56.070 -81.1713
8.001623 56.361 -85.2746
8.059606 56.301 -88.2449
8.118009 55.861 -90.3460
8.176836 55.073 -91.8932
8.236088 54.010 -93.1851
8.295770 52.764 -94.4965
8.355885 51.424 -96.1187
8.416435 50.033 -98.3810
8.477424 48.553 -101.6923
8.538855 46.918 -106.7602
8.600731 45.161 -115.0435
8.663055 43.503 -129.2190
8.725832 42.326 -151.7944
8.789063 42.083 -178.2170
8.852752 43.047 161.3782
8.916902 44.980 148.9931
8.981518 47.254 142.3016
9.046602 49.268 139.5894
9.112157 50.654 140.2727
9.178188 51.264 144.8586
9.244696 51.112 155.1382
9.311687 50.355 173.5698
9.379164 49.314 -162.0240
9.447129 48.528 -141.3173
9.515587 48.696 -128.5293
9.584541 50.221 -121.3506
9.653994 52.682 -117.2356
9.723951 55.206 -114.6483
9.794415 57.133 -112.7035
9.865389 58.152 -110.8192
9.936878 58.170 -108.9964
10.008884 57.226 -106.6178
10.081413 55.507 -103.1898
10.154467 53.436 -98.4625
10.228051 51.727 -91.9482
10.302167 50.998 -82.2041
10.376821 51.223 -67.4527
10.452016 51.952 -46.9583
10.527755 52.779 -22.6476
10.604044 53.465 4.3517
10.680885 53.936 35.2194
10.758283 54.251 63.7001
10.836242 54.547 82.2443
10.914766 55.009 92.3561
10.993859 55.830 97.4640
11.073525 57.070 99.8873
11.153768 58.512 101.2100
11.234593 59.776 102.9119
11.316003 60.537 106.4619
11.398004 60.625 114.1894
11.480599 60.055 131.8081
11.563792 59.088 167.4267
11.647588 58.374 -159.6088
11.731991 58.906 -146.0423
11.817006 60.981 -142.0803
11.902637 63.592 -141.6037
11.988888 65.779 -142.4166
12.075764 67.180 -144.1105
12.163270 67.762 -146.8818
12.251411 67.614 -150.8278
12.340189 66.843 -155.3621
12.429611 65.491 -159.4669
12.519681 63.511 -162.4806
12.610404 60.847 -164.2976
12.701784 57.693 -163.7183
12.793827 55.062 -150.2061
12.886536 54.630 -84.7693
12.979917 56.157 -58.1472
13.073975 58.157 -58.3467
13.168715 59.906 -65.1487
13.264140 61.288 -75.4944
13.360258 62.426 -87.1566
13.457072 63.491 -97.9057
13.554587 64.609 -107.1650
13.652809 65.784 -115.3084
13.751743 66.897 -122.3812
13.851394 67.802 -128.1893
13.951767 68.419 -132.9453
14.052867 68.712 -137.1017
14.154700 68.624 -140.7268
14.257271 68.046 -143.3164
14.360585 66.873 -144.3060
14.464648 65.128 -143.5341
14.569465 63.163 -141.1227
14.675041 61.765 -137.3245
14.781382 61.496 -133.0527
14.888494 62.070 -130.5779
14.996382 63.095 -132.4705
15.105052 64.414 -139.1122
15.214510 65.836 -147.8638
15.324760 67.108 -155.9310
15.435810 68.083 -162.5809
15.547664 68.754 -167.8688
15.660329 69.180 -171.4173
15.773810 69.403 -172.7794
15.888114 69.458 -172.0212
16.003246 69.433 -169.6003
16.119212 69.457 -165.9115
16.236018 69.587 -161.1768
16.353671 69.720 -155.7011
16.472176 69.680 -149.8893
16.591541 69.380 -144.0023
16.711770 68.906 -138.2142
16.832870 68.480 -132.8649
16.954848 68.284 -128.4662
17.077710 68.318 -125.6568
17.201462 68.481 -125.1586
17.326111 68.701 -127.3428
17.451663 68.942 -131.8538
17.578125 69.168 -137.9547
17.705503 69.357 -144.9208
17.833805 69.514 -151.8767
17.963036 69.656 -157.9306
18.093203 69.788 -162.6993
18.224314 69.898 -166.2728
18.356375 69.971 -168.8429
18.489393 69.993 -170.6855
18.623375 69.954 -172.2667
18.758327 69.847 -174.0688
18.894258 69.697 -176.3862
19.031174 69.552 -179.3601
19.169081 69.465 176.9840
19.307988 69.472 172.8282
19.447902 69.599 168.5342
19.588829 69.854 164.4439
19.730778 70.221 160.7512
19.873756 70.668 157.5107
20.017769 71.146 154.6620
20.162826 71.597 152.0599
20.308934 71.970 149.5743
20.456101 72.228 147.1542
20.604334 72.360 144.7833
20.753642 72.405 142.4528
20.904031 72.442 140.1799
21.055511 72.532 138.0084
21.208087 72.697 135.9897
21.361770 72.908 134.1918
21.516566 73.100 132.7302
21.672484 73.213 131.6995
21.829532 73.244 131.0807
21.987718 73.243 130.7398
22.147050 73.247 130.4537
22.307536 73.257 129.9220
22.469186 73.245 128.8414
22.632007 73.160 127.0674
22.796008 72.953 124.6544
22.961197 72.635 121.8239
23.127583 72.312 118.8789
23.295175 72.147 116.0265
23.463982 72.274 113.2770
23.634011 72.694 110.5139
23.805273 73.264 107.6443
23.977776 73.813 104.7466
24.151529 74.229 102.1237
24.326541 74.470 100.1531
24.502821 74.563 99.1282
24.680379 74.593 99.0530
24.859223 74.687 99.4781
25.039363 74.921 99.5971
25.220808 75.253 98.6364
25.403569 75.550 96.1829
25.587654 75.693 92.2715
25.773072 75.648 87.2596
25.959835 75.506 81.6901
26.147950 75.447 76.1753
26.337429 75.620 71.2524
26.528281 75.977 67.2821
26.720516 76.291 64.5109
26.914144 76.337 63.1529
27.109175 76.034 63.3895
27.305619 75.480 65.1381
27.503487 74.906 67.7057
27.702788 74.471 69.6759
27.903534 74.102 69.3958
28.105735 73.661 65.6913
28.309400 73.208 58.4268
28.514542 73.031 48.9497
28.721170 73.368 39.6804
28.929296 74.052 32.4023
29.138929 74.668 27.3815
29.350082 74.904 24.0895
29.562765 74.656 21.9299
29.776989 73.981 20.3976
29.992765 73.053 18.9457
30.210105 72.094 16.9429
30.429020 71.278 14.0254
30.649521 70.680 10.6852
30.871620 70.304 8.2606
31.095328 70.113 7.9563
31.320658 70.024 9.9515
31.547620 69.914 13.4161
31.776228 69.640 17.1293
32.006491 69.088 20.0774
32.238423 68.262 21.5754
32.472036 67.403 21.1046
32.707342 66.988 18.5554
32.944353 67.271 14.8874
33.183081 67.906 11.8525
33.423540 68.441 10.7390
33.665740 68.721 11.7878
33.909696 68.832 14.2349
34.155420 68.900 16.4807
34.402924 68.933 16.7609
34.652222 68.854 14.1038
34.903326 68.638 8.8114
35.156250 68.351 2.3213
35.411007 68.090 -3.5125
35.667609 67.894 -7.4917
35.926072 67.692 -9.4893
36.186407 67.352 -10.0101
36.448628 66.768 -9.5587
36.712750 65.934 -8.4136
36.978786 64.970 -6.8767
37.246749 64.079 -5.6354
37.516655 63.448 -5.5477
37.788516 63.117 -6.6492
38.062347 62.971 -7.4506
38.338162 62.935 -5.5725
38.615977 63.148 0.5556
38.895804 63.800 9.5475
39.177659 64.789 17.1444
39.461556 65.798 20.1946
39.747511 66.608 18.3984
40.035538 67.164 12.9456
40.325652 67.524 5.7218
40.617868 67.792 -1.2075
40.912202 67.993 -6.5806
41.208669 67.990 -10.3405
41.507284 67.627 -13.0918
41.808063 66.972 -15.6055
42.111021 66.471 -18.6861
42.416175 66.602 -22.7009
42.723540 67.190 -27.0458
43.033132 67.748 -30.8484
43.344968 68.058 -33.9608
43.659064 68.170 -37.0992
43.975435 68.270 -41.4459
44.294099 68.564 -47.7987
44.615073 69.075 -55.8026
44.938372 69.584 -64.4224
45.264014 69.839 -73.0260
45.592016 69.731 -81.5614
45.922394 69.303 -90.0834
46.255167 68.674 -98.4240
46.590351 67.944 -106.2648
46.927964 67.160 -113.3785
47.268023 66.463 -119.5144
47.610547 66.250 -123.9747
47.955552 66.795 -126.0528
48.303058 67.781 -126.2758
48.653082 68.708 -126.2371
49.005642 69.325 -127.6046
49.360757 69.699 -131.9472
49.718446 70.210 -140.4236
50.078726 71.148 -152.3271
50.441617 72.217 -165.0619
50.807138 72.949 -176.9174
51.175307 73.194 171.9929
51.546145 73.093 160.9237
51.919669 72.861 149.4203
52.295901 72.561 137.6150
52.674858 72.068 126.0130
53.056562 71.234 115.2521
53.441032 70.062 106.2591
53.828287 68.777 100.2280
54.218349 67.720 97.6910
54.611238 67.033 97.5677
55.006973 66.563 97.9495
55.405577 66.109 97.6592
55.807068 65.557 96.5880
56.211469 64.860 95.2023
56.618801 64.071 94.0539
57.029084 63.408 93.4513
57.442340 63.085 93.4729
57.858591 62.986 94.4421
58.277858 62.781 97.2478
58.700164 62.313 103.0359
59.125529 61.773 112.2937
59.553977 61.586 123.5481
59.985530 62.037 134.1174
60.420210 63.105 142.8137
60.858039 64.697 149.4202
61.299042 66.660 152.9383
61.743240 68.724 152.4746
62.190657 70.647 148.4164
62.641316 72.279 142.0160
63.095241 73.526 134.5907
63.552455 74.356 127.1021
64.012982 74.823 120.0241
64.476847 75.074 113.3360
64.944073 75.279 106.6252
65.414684 75.534 99.3730
65.888706 75.795 91.3101
66.366163 75.945 82.5730
66.847079 75.889 73.6486
67.331481 75.596 65.2092
67.819392 75.095 57.8193
68.310840 74.446 51.6300
68.805848 73.701 46.3258
69.304444 72.845 41.4246
69.806652 71.812 36.7355
70.312500 70.550 32.7025
70.822013 69.088 30.4424
71.335219 67.513 31.3455
71.852143 65.907 36.7471
72.372814 64.473 48.8381
72.897257 63.913 70.1646
73.425500 64.947 93.0000
73.957572 66.956 105.0327
74.493499 69.030 107.7955
75.033309 70.872 106.0527
75.577032 72.495 102.4242
76.124694 73.965 97.7309
76.676325 75.324 91.7271
77.231953 76.562 83.9712
77.791608 77.601 74.4217
78.355318 78.324 63.4522
78.923113 78.640 51.6482
79.495022 78.511 39.7667
80.071076 77.960 28.7020
80.651304 77.062 19.2868
81.235736 75.931 12.0804
81.824404 74.697 7.3148
82.417337 73.501 4.9089
83.014567 72.469 4.4009
83.616125 71.684 4.9525
84.222042 71.161 5.6776
84.832350 70.868 5.9677
85.447080 70.722 5.4249
86.066265 70.597 3.7452
86.689936 70.365 0.8692
87.318127 69.955 -2.8850
87.950871 69.362 -6.9129
88.588199 68.629 -10.5665
89.230145 67.799 -13.5317
89.876744 66.856 -16.0391
90.528028 65.734 -18.3016
91.184031 64.375 -19.5271
91.844788 62.772 -17.7218
92.510333 61.039 -10.5114
93.180701 59.560 3.3907
93.855927 59.016 21.2270
94.536046 59.658 36.0278
95.221093 60.861 44.0361
95.911104 61.952 46.4835
96.606116 62.637 45.7155
97.306164 62.883 43.7282
98.011284 62.770 42.3367
98.721514 62.419 43.1891
99.436891 62.045 47.5794
100.157452 62.060 55.7797
100.883234 62.811 65.0651
101.614275 64.077 71.0118
102.350614 65.362 72.3745
103.092289 66.358 70.6309
103.839338 66.985 67.7846
104.591801 67.313 65.5091
105.349716 67.514 64.8255
106.113124 67.810 65.7751
106.882063 68.356 67.2411
107.656575 69.110 67.6081
108.436699 69.879 66.0982
109.222476 70.505 63.2791
110.013947 70.986 60.3774
110.811153 71.446 58.2086
111.614136 72.011 56.4844
112.422939 72.681 54.2146
113.237601 73.360 50.7459
114.058168 73.970 46.0559
114.884680 74.478 40.3125
115.717182 74.856 33.6114
116.555716 75.049 26.1153
117.400327 74.996 18.2349
118.251058 74.672 10.5775
119.107954 74.105 3.7187
119.971060 73.367 -2.0292
120.840419 72.529 -6.6802
121.716079 71.617 -10.3490
122.598084 70.614 -12.8572
123.486480 69.515 -13.5193
124.381314 68.411 -11.3803
125.282632 67.523 -6.0710
126.190482 67.105 1.0523
127.104910 67.217 7.2507
128.025965 67.654 10.6440
128.953694 68.148 11.1891
129.888145 68.533 9.8077
130.829368 68.750 7.4850
131.777412 68.805 4.8790
132.732325 68.716 2.2967
133.694158 68.488 -0.0810
134.662961 68.113 -1.9244
135.638785 67.609 -2.6657
136.621679 67.050 -1.7027
137.611696 66.575 1.1635
138.608887 66.324 5.3454
139.613304 66.355 9.6352
140.625000 66.604 12.9393
141.644027 66.955 14.8697
142.670438 67.321 15.7284
143.704287 67.688 16.0778
144.745627 68.100 16.2369
145.794514 68.595 16.0244
146.851001 69.151 14.9683
147.915144 69.691 12.7725
148.986998 70.135 9.5420
150.066619 70.437 5.6645
151.154063 70.591 1.6037
152.249388 70.627 -2.2498
153.352650 70.596 -5.6666
154.463906 70.559 -8.6227
155.583216 70.569 -11.3040
156.710636 70.655 -14.0648
157.846226 70.806 -17.3170
158.990044 70.974 -21.3723
160.142152 71.093 -26.3211
161.302608 71.096 -32.0161
162.471473 70.933 -38.1385
163.648808 70.574 -44.2776
164.834675 70.009 -49.9770
166.029135 69.250 -54.7493
167.232251 68.343 -58.1035
168.444084 67.374 -59.6622
169.664700 66.475 -59.4204
170.894160 65.795 -57.9995
172.132530 65.425 -56.4907
173.379873 65.350 -55.8332
174.636255 65.493 -56.4033
175.901741 65.788 -58.1795
177.176398 66.204 -61.1004
178.460291 66.726 -65.2419
179.753488 67.327 -70.7710
181.056056 67.975 -77.8288
182.368062 68.642 -86.4654
183.689577 69.305 -96.6437
185.020667 69.946 -108.2680
186.361403 70.540 -121.1992
187.711854 71.052 -135.2487
189.072092 71.442 -150.1629
190.442186 71.665 -165.6089
191.822209 71.684 178.8230
193.212232 71.478 163.5971
194.612327 71.042 149.1885
196.022568 70.397 136.0266
197.443029 69.585 124.4323
198.873782 68.679 114.5623
200.314904 67.767 106.3949
201.766468 66.944 99.7638
203.228551 66.287 94.4189
204.701229 65.842 90.0691
206.184578 65.617 86.3813
207.678677 65.583 82.9805
209.183602 65.682 79.5078
210.699433 65.839 75.7180
212.226248 65.983 71.5539
213.764127 66.057 67.1477
215.313149 66.027 62.7724
216.873397 65.889 58.7685
218.444951 65.666 55.4597
220.027894 65.409 53.0424
221.622306 65.187 51.4630
223.228273 65.061 50.3620
224.845877 65.057 49.1938
226.475203 65.157 47.4783
228.116336 65.313 44.9826
229.769361 65.479 41.7213
231.434364 65.615 37.8631
233.111433 65.693 33.6633
234.800654 65.690 29.4671
236.502117 65.591 25.7693
238.215909 65.389 23.3008
239.942119 65.094 23.0812
241.680839 64.731 26.2244
243.432158 64.340 32.9961
245.196168 63.960 41.4016
246.972960 63.619 48.1229
248.762628 63.323 51.5672
250.565264 63.059 52.2203
252.380964 62.806 51.1951
254.209820 62.543 49.4807
256.051929 62.263 47.8561
257.907387 61.976 46.9908
259.776290 61.712 47.5365
261.658736 61.522 50.1113
263.554824 61.473 55.0372
265.464650 61.617 61.8081
267.388317 61.968 68.8607
269.325923 62.486 74.4243
271.277569 63.097 77.6233
273.243358 63.725 78.5397
275.223392 64.309 77.6706
277.217775 64.813 75.5452
279.226609 65.217 72.5979
281.250000 65.513 69.1617
283.288053 65.699 65.4940
285.340875 65.779 61.8087
287.408573 65.756 58.3076
289.491254 65.641 55.2119
291.589027 65.453 52.7879
293.702001 65.228 51.3654
295.830287 65.026 51.3357
297.973995 64.926 53.0866
300.133238 65.014 56.8011
302.308127 65.348 62.1113
304.498776 65.924 67.8976
306.705300 66.681 72.7117
308.927813 67.532 75.5624
311.166431 68.393 76.2089
313.421271 69.204 74.8954
315.692451 69.926 72.0231
317.980089 70.535 67.9827
320.284304 71.018 63.1060
322.605216 71.369 57.6642
324.942946 71.587 51.8824
327.297617 71.671 45.9529
329.669350 71.625 40.0486
332.058270 71.452 34.3342
334.464501 71.155 28.9795
336.888169 70.741 24.1721
339.329399 70.217 20.1322
341.788320 69.595 17.1286
344.265059 68.892 15.4939
346.759746 68.138 15.6292
349.272510 67.373 17.9659
351.803482 66.660 22.8160
354.352795 66.076 30.0397
356.920582 65.703 38.6969
359.506975 65.599 47.2325
362.112111 65.776 54.3022
364.736125 66.190 59.3391
367.379153 66.767 62.4037
370.041334 67.431 63.8070
372.722806 68.121 63.8851
375.423709 68.791 62.9261
378.144184 69.411 61.1664
380.884373 69.962 58.8044
383.644418 70.434 56.0133
386.424463 70.820 52.9488
389.224654 71.122 49.7511
392.045137 71.343 46.5424
394.886057 71.491 43.4197
397.747564 71.578 40.4474
400.629807 71.616 37.6542
403.532936 71.620 35.0301
406.457102 71.603 32.5368
409.402458 71.575 30.1203
412.369157 71.543 27.7285
415.357354 71.515 25.3223
418.367204 71.492 22.8794
421.398865 71.476 20.3914
424.452495 71.469 17.8567
427.528253 71.471 15.2742
430.626299 71.481 12.6390
433.746795 71.500 9.9398
436.889903 71.523 7.1599
440.055787 71.545 4.2838
443.244613 71.562 1.3024
446.456546 71.565 -1.7826
449.691754 71.550 -4.9545
452.950406 71.509 -8.1797
456.232671 71.440 -11.4071
459.538721 71.342 -14.5664
462.868728 71.217 -17.5670
466.222866 71.068 -20.2909
469.601309 70.905 -22.5815
473.004234 70.736 -24.2263
476.431817 70.576 -24.9305
479.884239 70.437 -24.2897
483.361678 70.336 -21.7810
486.864316 70.284 -16.8588
490.392335 70.290 -9.3213
493.945920 70.357 0.0500
497.525256 70.484 9.3530
501.130529 70.664 16.7107
504.761927 70.886 21.3868
508.419640 71.142 23.6169
512.103859 71.420 23.9642
515.814774 71.713 22.9586
519.552581 72.013 21.0013
523.317473 72.314 18.3726
527.109647 72.610 15.2610
530.929301 72.893 11.7930
534.776633 73.155 8.0552
538.651845 73.388 4.1117
542.555139 73.583 0.0188
546.486717 73.734 -4.1663
550.446785 73.833 -8.3783
554.435549 73.877 -12.5403
558.453218 73.863 -16.5607
562.500000 73.792 -20.3307
566.576107 73.664 -23.7233
570.681751 73.483 -26.5900
574.817146 73.256 -28.7628
578.982508 72.990 -30.0593
583.178054 72.694 -30.3010
587.404003 72.381 -29.3531
591.660574 72.063 -27.1902
595.947991 71.753 -23.9753
600.266475 71.465 -20.0984
604.616254 71.211 -16.1039
608.997552 70.999 -12.5191
613.410600 70.836 -9.6936
617.855626 70.723 -7.7507
622.332862 70.660 -6.6388
626.842543 70.646 -6.2096
631.384902 70.677 -6.2780
635.960177 70.751 -6.6532
640.568607 70.862 -7.1500
645.210431 71.008 -7.5882
649.885892 71.185 -7.7894
654.595233 71.390 -7.5820
659.338700 71.620 -6.8127
664.116540 71.873 -5.3792
668.929002 72.144 -3.2810
673.776337 72.431 -0.6741
678.658799 72.728 2.1205
683.576640 73.028 4.6817
688.530118 73.325 6.6154
693.519491 73.609 7.6650
698.545019 73.871 7.7451
703.606964 74.102 6.9066
708.705591 74.293 5.2800
713.841163 74.437 3.0269
719.013951 74.528 0.3121
724.224222 74.563 -2.7088
729.472249 74.538 -5.8965
734.758306 74.455 -9.1289
740.082668 74.314 -12.3009
745.445612 74.120 -15.3244
750.847418 73.879 -18.1285
756.288368 73.599 -20.6611
761.768745 73.288 -22.8896
767.288835 72.958 -24.8010
772.848927 72.620 -26.3998
778.449309 72.288 -27.7070
784.090273 71.972 -28.7556
789.772115 71.684 -29.5860
795.495129 71.431 -30.2416
801.259614 71.221 -30.7661
807.065872 71.055 -31.2025
812.914204 70.932 -31.5932
818.804915 70.847 -31.9811
824.738313 70.793 -32.4078
830.714707 70.759 -32.9106
836.734408 70.737 -33.5173
842.797731 70.715 -34.2400
848.904991 70.684 -35.0701
855.056506 70.636 -35.9751
861.252598 70.565 -36.9000
867.493589 70.466 -37.7700
873.779805 70.338 -38.4955
880.111574 70.180 -38.9817
886.489225 69.993 -39.1362
892.913092 69.782 -38.8787
899.383508 69.550 -38.1514
905.900812 69.302 -36.9287
912.465342 69.045 -35.2216
919.077442 68.785 -33.0754
925.737456 68.530 -30.5622
932.445732 68.286 -27.7661
939.202618 68.061 -24.7706
946.008467 67.862 -21.6503
952.863634 67.696 -18.4681
959.768477 67.567 -15.2791
966.723355 67.480 -12.1339
973.728631 67.437 -9.0834
980.784670 67.438 -6.1768
987.891840 67.481 -3.4607
995.050512 67.563 -0.9777
1002.261058 67.680 1.2349
1009.523855 67.826 3.1430
1016.839281 67.993 4.7180
1024.207717 68.176 5.9459
1031.629549 68.366 6.8206
1039.105162 68.556 7.3444
1046.634946 68.741 7.5304
1054.219294 68.914 7.4027
1061.858602 69.071 6.9950
1069.553267 69.206 6.3483
1077.303691 69.317 5.5084
1085.110277 69.402 4.5233
1092.973434 69.460 3.4396
1100.893570 69.491 2.2974
1108.871098 69.497 1.1298
1116.906436 69.479 -0.0374
1125.000000 69.440 -1.1863
1133.152214 69.383 -2.3059
1141.363502 69.313 -3.3896
1149.634292 69.232 -4.4320
1157.965016 69.146 -5.4266
1166.356108 69.059 -6.3660
1174.808005 68.976 -7.2421
1183.321148 68.901 -8.0447
1191.895981 68.839 -8.7640
1200.532951 68.794 -9.3918
1209.232507 68.767 -9.9227
1217.995105 68.762 -10.3557
1226.821199 68.779 -10.6956
1235.711251 68.816 -10.9546
1244.665724 68.872 -11.1521
1253.685085 68.944 -11.3141
1262.769804 69.027 -11.4724
1271.920355 69.118 -11.6624
1281.137214 69.212 -11.9198
1290.420862 69.305 -12.2778
1299.771784 69.394 -12.7638
1309.190466 69.475 -13.3969
1318.677400 69.545 -14.1870
1328.233080 69.603 -15.1331
1337.858004 69.648 -16.2254
1347.552675 69.679 -17.4463
1357.317597 69.695 -18.7712
1367.153280 69.697 -20.1696
1377.060236 69.686 -21.6055
1387.038982 69.661 -23.0397
1397.090039 69.624 -24.4294
1407.213929 69.576 -25.7281
1417.411181 69.518 -26.8854
1427.682327 69.452 -27.8461
1438.027902 69.379 -28.5501
1448.448444 69.301 -28.9344
1458.944499 69.221 -28.9331
1469.516612 69.140 -28.4798
1480.165335 69.062 -27.5154
1490.891224 68.988 -25.9969
1501.694836 68.920 -23.9125
1512.576736 68.861 -21.2959
1523.537490 68.811 -18.2410
1534.577671 68.772 -14.9020
1545.697853 68.743 -11.4781
1556.898617 68.724 -8.1808
1568.180546 68.715 -5.1942
1579.544229 68.715 -2.6479
1590.990258 68.722 -0.6086
1602.519229 68.736 0.9125
1614.131744 68.755 1.9438
1625.828408 68.779 2.5365
1637.609831 68.805 2.7515
1649.476627 68.835 2.6505
1661.429414 68.866 2.2908
1673.468817 68.899 1.7231
1685.595461 68.934 0.9912
1697.809981 68.971 0.1307
1710.113012 69.009 -0.8289
1722.505196 69.048 -1.8639
1734.987179 69.088 -2.9550
1747.559611 69.127 -4.0871
1760.223148 69.165 -5.2479
1772.978451 69.201 -6.4277
1785.826183 69.234 -7.6182
1798.767016 69.262 -8.8125
1811.801623 69.285 -10.0045
1824.930685 69.302 -11.1886
1838.154885 69.312 -12.3602
1851.474913 69.313 -13.5140
1864.891463 69.306 -14.6447
1878.405236 69.289 -15.7462
1892.016934 69.262 -16.8116
1905.727269 69.225 -17.8322
1919.536954 69.177 -18.7987
1933.446710 69.119 -19.7010
1947.457262 69.049 -20.5269
1961.569340 68.968 -21.2635
1975.783680 68.877 -21.8988
1990.101023 68.776 -22.4199
2004.522116 68.665 -22.8160
2019.047709 68.547 -23.0774
2033.678561 68.421 -23.1979
2048.415435 68.290 -23.1761
2063.259097 68.156 -23.0159
2078.210323 68.021 -22.7258
2093.269892 67.888 -22.3216
2108.438588 67.758 -21.8240
2123.717204 67.635 -21.2584
2139.106534 67.520 -20.6534
2154.607382 67.415 -20.0392
2170.220555 67.322 -19.4451
2185.946868 67.242 -18.8975
2201.787140 67.174 -18.4197
2217.742197 67.120 -18.0302
2233.812871 67.077 -17.7413
2250.000000 67.046 -17.5605
2266.304428 67.024 -17.4908
2282.727004 67.010 -17.5306
2299.268584 67.002 -17.6752
2315.930032 66.999 -17.9163
2332.712216 66.998 -18.2445
2349.616010 66.998 -18.6491
2366.642297 66.998 -19.1182
2383.791962 66.996 -19.6393
2401.065902 66.992 -20.1992
2418.465015 66.984 -20.7853
2435.990209 66.973 -21.3854
2453.642398 66.956 -21.9875
2471.422503 66.935 -22.5803
2489.331449 66.910 -23.1533
2507.370171 66.880 -23.6968
2525.539609 66.845 -24.2023
2543.840710 66.806 -24.6621
2562.274428 66.764 -25.0696
2580.841725 66.717 -25.4185
2599.543568 66.668 -25.7036
2618.380932 66.616 -25.9207
2637.354800 66.562 -26.0660
2656.466160 66.506 -26.1371
2675.716009 66.450 -26.1321
2695.105350 66.392 -26.0498
2714.635194 66.335 -25.8912
2734.306560 66.280 -25.6587
2754.120472 66.226 -25.3566
2774.077965 66.175 -24.9910
2794.180077 66.127 -24.5701
2814.427858 66.085 -24.1038
2834.822362 66.047 -23.6049
2855.364654 66.016 -23.0864
2876.055803 65.991 -22.5628
2896.896889 65.972 -22.0480
2917.888998 65.960 -21.5560
2939.033224 65.955 -21.0998
2960.330671 65.956 -20.6901
2981.782447 65.963 -20.3346
3003.389672 65.975 -20.0392
3025.153472 65.991 -19.8063
3047.074981 66.011 -19.6364
3069.155342 66.034 -19.5270
3091.395707 66.059 -19.4731
3113.797234 66.085 -19.4691
3136.361093 66.113 -19.5077
3159.088458 66.141 -19.5812
3181.980515 66.169 -19.6813
3205.038458 66.198 -19.7999
3228.263488 66.228 -19.9305
3251.656816 66.258 -20.0673
3275.219661 66.288 -20.2046
3298.953253 66.320 -20.3390
3322.858828 66.352 -20.4692
3346.937633 66.386 -20.5950
3371.190923 66.421 -20.7169
3395.619962 66.458 -20.8383
3420.226024 66.496 -20.9631
3445.010392 66.536 -21.0955
3469.974357 66.576 -21.2404
3495.119222 66.617 -21.4039
3520.446296 66.659 -21.5911
3545.956901 66.701 -21.8063
3571.652367 66.742 -22.0535
3597.534032 66.782 -22.3359
3623.603247 66.821 -22.6556
3649.861370 66.859 -23.0135
3676.309770 66.894 -23.4092
3702.949826 66.926 -23.8416
3729.782927 66.956 -24.3081
3756.810471 66.984 -24.8060
3784.033869 67.008 -25.3313
3811.454538 67.029 -25.8792
3839.073909 67.047 -26.4452
3866.893421 67.062 -27.0247
3894.914525 67.074 -27.6127
3923.138681 67.083 -28.2046
3951.567361 67.089 -28.7953
3980.202047 67.093 -29.3809
4009.044232 67.095 -29.9580
4038.095419 67.094 -30.5230
4067.357123 67.091 -31.0729
4096.830869 67.087 -31.6045
4126.518194 67.080 -32.1155
4156.420646 67.071 -32.6039
4186.539784 67.061 -33.0677
4216.877177 67.049 -33.5048
4247.434407 67.035 -33.9131
4278.213068 67.019 -34.2909
4309.214763 67.001 -34.6366
4340.441110 66.981 -34.9491
4371.893735 66.960 -35.2275
4403.574279 66.938 -35.4709
4435.484394 66.914 -35.6791
4467.625742 66.889 -35.8516
4500.000000 66.863 -35.9890
4532.608855 66.837 -36.0929
4565.454007 66.811 -36.1647
4598.537169 66.785 -36.2064
4631.860065 66.759 -36.2202
4665.424432 66.735 -36.2091
4699.232021 66.712 -36.1766
4733.284593 66.690 -36.1262
4767.583925 66.671 -36.0607
4802.131803 66.654 -35.9839
4836.930030 66.639 -35.8997
4871.980419 66.626 -35.8108
4907.284797 66.617 -35.7208
4942.845006 66.610 -35.6326
4978.662898 66.606 -35.5487
5014.740342 66.604 -35.4716
5051.079217 66.605 -35.4041
5087.681420 66.609 -35.3485
5124.548856 66.615 -35.3073
5161.683450 66.624 -35.2816
5199.087136 66.634 -35.2726
5236.761864 66.646 -35.2812
5274.709600 66.660 -35.3085
5312.932320 66.675 -35.3539
5351.432018 66.691 -35.4173
5390.210700 66.707 -35.4979
5429.270389 66.723 -35.5946
5468.613120 66.740 -35.7059
5508.240945 66.756 -35.8303
5548.155929 66.772 -35.9662
5588.360154 66.787 -36.1125
5628.855716 66.801 -36.2679
5669.644725 66.814 -36.4299
5710.729307 66.827 -36.5975
5752.111606 66.838 -36.7693
5793.793778 66.848 -36.9432
5835.777996 66.857 -37.1180
5878.066449 66.865 -37.2921
5920.661342 66.872 -37.4634
5963.564894 66.878 -37.6302
6006.779344 66.883 -37.7916
6050.306943 66.889 -37.9462
6094.149961 66.894 -38.0923
6138.310684 66.898 -38.2286
6182.791414 66.903 -38.3538
6227.594469 66.908 -38.4674
6272.722186 66.914 -38.5690
6318.176916 66.920 -38.6580
6363.961031 66.927 -38.7350
6410.076916 66.935 -38.8009
6456.526975 66.943 -38.8568
6503.313631 66.953 -38.9042
6550.439323 66.963 -38.9449
6597.906506 66.975 -38.9812
6645.717657 66.987 -39.0151
6693.875266 67.000 -39.0497
6742.381846 67.014 -39.0876
6791.239924 67.028 -39.1310
6840.452048 67.042 -39.1818
6890.020784 67.057 -39.2423
6939.948714 67.071 -39.3147
6990.238444 67.085 -39.4005
7040.892593 67.098 -39.5004
7091.913803 67.111 -39.6147
7143.304734 67.122 -39.7444
7195.068065 67.133 -39.8895
7247.206494 67.143 -40.0497
7299.722739 67.151 -40.2241
7352.619540 67.158 -40.4119
7405.899652 67.164 -40.6117
7459.565853 67.168 -40.8221
7513.620943 67.171 -41.0426
7568.067737 67.173 -41.2717
7622.909076 67.175 -41.5080
7678.147817 67.175 -41.7507
7733.786842 67.174 -41.9995
7789.829049 67.173 -42.2538
7846.277361 67.172 -42.5131
7903.134722 67.171 -42.7765
7960.404094 67.170 -43.0441
8018.088463 67.170 -43.3166
8076.190838 67.170 -43.5936
8134.714246 67.170 -43.8759
8193.661738 67.172 -44.1648
8253.036389 67.174 -44.4618
8312.841293 67.178 -44.7677
8373.079567 67.183 -45.0845
8433.754353 67.189 -45.4135
8494.868814 67.195 -45.7552
8556.426135 67.203 -46.1104
8618.429526 67.211 -46.4800
8680.882219 67.219 -46.8646
8743.787470 67.227 -47.2645
8807.148559 67.236 -47.6799
8870.968788 67.243 -48.1104
8935.251484 67.250 -48.5555
9000.000000 67.255 -49.0149
9065.217710 67.259 -49.4879
9130.908014 67.261 -49.9731
9197.074338 67.261 -50.4694
9263.720130 67.259 -50.9752
9330.848865 67.254 -51.4886
9398.464042 67.247 -52.0085
9466.569187 67.236 -52.5331
9535.167849 67.223 -53.0613
9604.263606 67.206 -53.5918
9673.860059 67.187 -54.1238
9743.960837 67.165 -54.6562
9814.569594 67.140 -55.1888
9885.690011 67.113 -55.7208
9957.325796 67.083 -56.2520
10029.480683 67.050 -56.7820
10102.158435 67.015 -57.3105
10175.362839 66.978 -57.8373
10249.097713 66.939 -58.3626
10323.366900 66.898 -58.8864
10398.174272 66.856 -59.4080
10473.523729 66.812 -59.9277
10549.419199 66.766 -60.4449
10625.864640 66.719 -60.9600
10702.864035 66.672 -61.4724
10780.421400 66.623 -61.9816
10858.540777 66.574 -62.4875
10937.226240 66.524 -62.9897
11016.481890 66.474 -63.4883
11096.311859 66.423 -63.9829
11176.720309 66.373 -64.4729
11257.711431 66.322 -64.9580
11339.289449 66.272 -65.4384
11421.458615 66.222 -65.9139
11504.223212 66.172 -66.3851
11587.587556 66.122 -66.8523
11671.555992 66.073 -67.3156
11756.132898 66.024 -67.7753
11841.322683 65.975 -68.2311
11927.129788 65.926 -68.6830
12013.558688 65.877 -69.1312
12100.613886 65.828 -69.5756
12188.299922 65.779 -70.0157
12276.621368 65.730 -70.4514
12365.582827 65.681 -70.8823
12455.188938 65.631 -71.3082
12545.444371 65.581 -71.7287
12636.353832 65.531 -72.1435
12727.922061 65.480 -72.5524
12820.153831 65.429 -72.9551
12913.053951 65.377 -73.3511
13006.627263 65.325 -73.7404
13100.878646 65.272 -74.1228
13195.813013 65.219 -74.4987
13291.435313 65.166 -74.8687
13387.750533 65.112 -75.2332
13484.763692 65.058 -75.5926
13582.479848 65.003 -75.9465
13680.904096 64.948 -76.2946
13780.041567 64.894 -76.6375
13879.897429 64.839 -76.9749
13980.476887 64.784 -77.3064
14081.785186 64.730 -77.6326
14183.827606 64.676 -77.9539
14286.609468 64.622 -78.2706
14390.136129 64.569 -78.5831
14494.412988 64.516 -78.8915
14599.445479 64.464 -79.1965
14705.239079 64.413 -79.4991
14811.799303 64.362 -79.7997
14919.131707 64.313 -80.0984
15027.241885 64.264 -80.3970
15136.135475 64.216 -80.6963
15245.818152 64.168 -80.9967
15356.295635 64.121 -81.2990
15467.573683 64.075 -81.6039
15579.658098 64.030 -81.9121
15692.554723 63.984 -82.2239
15806.269443 63.940 -82.5397
15920.808187 63.895 -82.8598
16036.176927 63.851 -83.1843
16152.381675 63.806 -83.5137
16269.428491 63.762 -83.8477
16387.323477 63.718 -84.1869
16506.072778 63.673 -84.5311
16625.682585 63.629 -84.8802
16746.159135 63.584 -85.2346
16867.508707 63.539 -85.5945
16989.737628 63.494 -85.9597
17112.852271 63.449 -86.3301
17236.859053 63.403 -86.7078
17361.764439 63.358 -87.0911
17487.574941 63.312 -87.4766
17614.297118 63.266 -87.8803
17741.937576 63.221 -88.3067
17870.502969 63.175 -88.7074
18000.000000 63.130 -89.0833
18130.435420 63.085 -89.4536
18261.816029 63.041 -89.8223
18394.148676 62.998 -90.1924
18527.440260 62.955 -90.5672
18661.697729 62.913 -90.9497
18796.928084 62.873 -91.3427
18933.138373 62.834 -91.7496
19070.335698 62.796 -92.1744
19208.527212 62.759 -92.6197
19347.720119 62.724 -93.0890
19487.921674 62.691 -93.5863
19629.139188 62.659 -94.1161
19771.380022 62.630 -94.6844
19914.651592 62.601 -95.3005
20058.961367 62.575 -95.9030
20204.316870 62.551 -96.3513
20350.725678 62.528 -96.8331
20498.195426 62.508 -97.3495
20646.733800 62.489 -97.9012
20796.348544 62.472 -98.4886
20947.047458 62.457 -99.1116
21098.838399 62.444 -99.7694
21251.729279 62.433 -100.4610
21405.728070 62.423 -101.1848
21560.842800 62.415 -101.9388
21717.081554 62.408 -102.7209
21874.452480 62.403 -103.5284
22032.963779 62.399 -104.3588
22192.623718 62.396 -105.2091
22353.440617 62.393 -106.0769
22515.422863 62.392 -106.9597
22678.578898 62.391 -107.8551
22842.917229 62.390 -108.7615
23008.446424 62.390 -109.6772
23175.175112 62.390 -110.6012
23343.111984 62.390 -111.5328
23512.265796 62.390 -112.4716
23682.645366 62.390 -113.4172
23854.259577 62.390 -114.3699
24027.117375 62.390 -115.3293
