* Measurement data measured by REW V5.40 beta 73
* Source: Trace Arithmetic result A * B
* Format: Trace Arithmetic result A * B
* Dated: Mar 11, 2025 7:32:11 AM
* REW Settings:
*  C-weighting compensation: Off
*  Target level: 75.0 dB
* Note: ; Trace Arithmetic A times B A = R1 B = A over B-MP 
* Measurement: R2
* Smoothing: Psychoacoustic
* Frequency Step: 96 ppo
* Start Frequency: 0.36621094 Hz
*
* Freq(Hz) SPL(dB) Phase(degrees)
0.366211 42.188 127.8159
0.368865 42.172 127.8649
0.371538 42.154 127.9166
0.374230 42.136 127.9712
0.376942 42.117 128.0286
0.379673 42.097 128.0888
0.382424 42.076 128.1519
0.385196 42.054 128.2178
0.387987 42.031 128.2865
0.390798 42.007 128.3579
0.393630 41.982 128.4322
0.396483 41.956 128.5092
0.399356 41.930 128.5890
0.402250 41.903 128.6715
0.405165 41.875 128.7568
0.408101 41.846 128.8449
0.411058 41.817 128.9357
0.414037 41.786 129.0294
0.417037 41.756 129.1259
0.420059 41.724 129.2254
0.423103 41.692 129.3278
0.426169 41.659 129.4333
0.429257 41.626 129.5420
0.432368 41.592 129.6541
0.435501 41.558 129.7695
0.438656 41.523 129.8885
0.441835 41.488 130.0114
0.445037 41.452 130.1382
0.448262 41.416 130.2691
0.451510 41.379 130.4045
0.454782 41.342 130.5446
0.458077 41.305 130.6896
0.461397 41.267 130.8398
0.464740 41.229 130.9956
0.468108 41.190 131.1573
0.471500 41.151 131.3253
0.474917 41.112 131.5000
0.478358 41.072 131.6817
0.481825 41.032 131.8710
0.485316 40.992 132.0683
0.488833 40.951 132.2741
0.492375 40.910 132.4889
0.495943 40.869 132.7133
0.499537 40.827 132.9479
0.503157 40.785 133.1933
0.506803 40.743 133.4501
0.510475 40.701 133.7191
0.514175 40.658 134.0010
0.517900 40.615 134.2965
0.521653 40.571 134.6064
0.525434 40.528 134.9316
0.529241 40.484 135.2729
0.533076 40.440 135.6312
0.536939 40.395 136.0075
0.540830 40.351 136.4028
0.544749 40.306 136.8181
0.548696 40.261 137.2544
0.552673 40.216 137.7129
0.556677 40.170 138.1946
0.560711 40.125 138.7008
0.564774 40.079 139.2325
0.568867 40.034 139.7911
0.572989 39.989 140.3776
0.577141 39.943 140.9933
0.581324 39.898 141.6395
0.585536 39.853 142.3174
0.589779 39.808 143.0280
0.594053 39.764 143.7727
0.598358 39.721 144.5524
0.602694 39.678 145.3682
0.607061 39.636 146.2211
0.611460 39.595 147.1119
0.615891 39.556 148.0413
0.620354 39.517 149.0098
0.624849 39.481 150.0179
0.629377 39.447 151.0658
0.633938 39.415 152.1533
0.638532 39.387 153.2802
0.643159 39.361 154.4459
0.647819 39.339 155.6496
0.652514 39.321 156.8901
0.657242 39.308 158.1657
0.662005 39.300 159.4748
0.666802 39.298 160.8151
0.671634 39.303 162.1840
0.676501 39.314 163.5787
0.681403 39.334 164.9961
0.686341 39.361 166.4326
0.691314 39.397 167.8847
0.696324 39.443 169.3483
0.701370 39.499 170.8196
0.706452 39.565 172.2943
0.711571 39.642 173.7683
0.716728 39.730 175.2374
0.721921 39.829 176.6975
0.727153 39.938 178.1447
0.732422 40.060 179.5751
0.737729 40.191 -179.0150
0.743075 40.334 -177.6287
0.748460 40.487 -176.2693
0.753883 40.649 -174.9395
0.759346 40.821 -173.6418
0.764849 41.002 -172.3785
0.770391 41.190 -171.1513
0.775974 41.386 -169.9619
0.781597 41.589 -168.8114
0.787261 41.798 -167.7010
0.792966 42.012 -166.6314
0.798712 42.231 -165.6030
0.804500 42.455 -164.6161
0.810329 42.682 -163.6709
0.816201 42.912 -162.7673
0.822116 43.145 -161.9050
0.828073 43.380 -161.0836
0.834074 43.617 -160.3027
0.840118 43.855 -159.5618
0.846206 44.094 -158.8602
0.852338 44.333 -158.1972
0.858514 44.573 -157.5721
0.864735 44.813 -156.9841
0.871001 45.052 -156.4324
0.877313 45.291 -155.9163
0.883670 45.528 -155.4349
0.890074 45.765 -154.9874
0.896524 46.000 -154.5731
0.903020 46.234 -154.1912
0.909564 46.466 -153.8409
0.916155 46.697 -153.5216
0.922794 46.925 -153.2325
0.929481 47.151 -152.9730
0.936216 47.375 -152.7424
0.943000 47.597 -152.5401
0.949834 47.816 -152.3655
0.956717 48.032 -152.2180
0.963649 48.246 -152.0972
0.970632 48.457 -152.0023
0.977666 48.665 -151.9331
0.984750 48.871 -151.8890
0.991886 49.073 -151.8694
0.999074 49.273 -151.8741
1.006314 49.470 -151.9025
1.013606 49.663 -151.9541
1.020951 49.854 -152.0286
1.028349 50.041 -152.1254
1.035801 50.225 -152.2442
1.043307 50.406 -152.3844
1.050867 50.584 -152.5456
1.058482 50.759 -152.7273
1.066152 50.931 -152.9290
1.073878 51.100 -153.1501
1.081660 51.265 -153.3901
1.089498 51.428 -153.6485
1.097393 51.587 -153.9246
1.105345 51.744 -154.2178
1.113355 51.897 -154.5274
1.121423 52.047 -154.8529
1.129549 52.194 -155.1935
1.137734 52.338 -155.5485
1.145979 52.480 -155.9174
1.154283 52.618 -156.2992
1.162647 52.753 -156.6934
1.171072 52.885 -157.0992
1.179558 53.014 -157.5161
1.188106 53.140 -157.9432
1.196715 53.264 -158.3799
1.205387 53.384 -158.8258
1.214122 53.501 -159.2801
1.222920 53.615 -159.7423
1.231782 53.726 -160.2120
1.240708 53.834 -160.6886
1.249699 53.939 -161.1718
1.258754 54.041 -161.6613
1.267876 54.140 -162.1567
1.277063 54.235 -162.6578
1.286318 54.328 -163.1646
1.295639 54.417 -163.6768
1.305027 54.503 -164.1945
1.314484 54.586 -164.7177
1.324009 54.666 -165.2465
1.333604 54.742 -165.7809
1.343268 54.815 -166.3214
1.353002 54.884 -166.8680
1.362806 54.950 -167.4213
1.372681 55.013 -167.9814
1.382628 55.072 -168.5488
1.392647 55.128 -169.1240
1.402739 55.180 -169.7075
1.412904 55.229 -170.2997
1.423142 55.274 -170.9012
1.433455 55.315 -171.5125
1.443843 55.352 -172.1342
1.454305 55.386 -172.7668
1.464844 55.416 -173.4108
1.475459 55.442 -174.0668
1.486150 55.464 -174.7351
1.496920 55.482 -175.4163
1.507767 55.496 -176.1108
1.518693 55.507 -176.8189
1.529698 55.513 -177.5410
1.540783 55.515 -178.2773
1.551948 55.512 -179.0281
1.563194 55.506 -179.7935
1.574521 55.496 179.4262
1.585931 55.481 178.6310
1.597423 55.462 177.8208
1.608999 55.438 176.9956
1.620658 55.410 176.1553
1.632402 55.378 175.2999
1.644232 55.341 174.4293
1.656146 55.300 173.5434
1.668147 55.254 172.6422
1.680235 55.204 171.7254
1.692411 55.149 170.7929
1.704675 55.089 169.8442
1.717028 55.025 168.8790
1.729470 54.956 167.8965
1.742003 54.883 166.8962
1.754626 54.804 165.8770
1.767341 54.721 164.8378
1.780147 54.633 163.7773
1.793047 54.540 162.6940
1.806040 54.442 161.5860
1.819128 54.340 160.4513
1.832310 54.232 159.2873
1.845587 54.120 158.0915
1.858961 54.003 156.8608
1.872432 53.881 155.5916
1.886001 53.755 154.2803
1.899667 53.624 152.9226
1.913433 53.488 151.5137
1.927299 53.348 150.0484
1.941265 53.203 148.5210
1.955332 53.055 146.9252
1.969501 52.903 145.2540
1.983773 52.746 143.4997
1.998148 52.587 141.6540
2.012627 52.424 139.7077
2.027212 52.259 137.6506
2.041902 52.091 135.4719
2.056698 51.921 133.1598
2.071602 51.750 130.7017
2.086614 51.578 128.0842
2.101734 51.405 125.2934
2.116964 51.233 122.3151
2.132304 51.062 119.1356
2.147756 50.892 115.7422
2.163320 50.725 112.1244
2.178996 50.561 108.2751
2.194786 50.401 104.1924
2.210690 50.246 99.8812
2.226710 50.097 95.3552
2.242845 49.953 90.6380
2.259098 49.817 85.7643
2.275468 49.688 80.7786
2.291957 49.567 75.7338
2.308566 49.455 70.6881
2.325295 49.352 65.7001
2.342145 49.257 60.8256
2.359117 49.171 56.1129
2.376212 49.094 51.6011
2.393431 49.024 47.3183
2.410775 48.963 43.2823
2.428244 48.909 39.5015
2.445840 48.862 35.9767
2.463564 48.820 32.7027
2.481416 48.783 29.6703
2.499397 48.751 26.8680
2.517509 48.722 24.2824
2.535752 48.695 21.9001
2.554127 48.670 19.7077
2.572635 48.647 17.6925
2.591277 48.623 15.8424
2.610055 48.598 14.1468
2.628968 48.573 12.5958
2.648019 48.545 11.1810
2.667208 48.515 9.8950
2.686535 48.483 8.7315
2.706003 48.446 7.6853
2.725612 48.406 6.7521
2.745363 48.362 5.9288
2.765257 48.313 5.2131
2.785295 48.259 4.6036
2.805478 48.201 4.0998
2.825808 48.137 3.7019
2.846285 48.068 3.4111
2.866910 47.994 3.2293
2.887685 47.915 3.1593
2.908611 47.830 3.2045
2.929688 47.741 3.3693
2.950917 47.648 3.6587
2.972301 47.550 4.0789
2.993839 47.449 4.6364
3.015534 47.345 5.3388
3.037386 47.239 6.1946
3.059396 47.132 7.2125
3.081565 47.025 8.4025
3.103896 46.919 9.7745
3.126388 46.816 11.3391
3.149043 46.717 13.1066
3.171862 46.623 15.0871
3.194847 46.537 17.2899
3.217998 46.460 19.7225
3.241317 46.395 22.3904
3.264805 46.343 25.2961
3.288463 46.306 28.4380
3.312293 46.285 31.8101
3.336295 46.282 35.4009
3.360471 46.298 39.1934
3.384822 46.334 43.1647
3.409350 46.390 47.2873
3.434056 46.466 51.5293
3.458940 46.561 55.8564
3.484005 46.676 60.2332
3.509252 46.809 64.6249
3.534681 46.958 68.9985
3.560295 47.123 73.3239
3.586094 47.303 77.5745
3.612081 47.495 81.7270
3.638255 47.698 85.7615
3.664620 47.911 89.6605
3.691175 48.132 93.4091
3.717923 48.360 96.9943
3.744864 48.595 100.4044
3.772001 48.833 103.6293
3.799335 49.076 106.6603
3.826866 49.320 109.4897
3.854597 49.567 112.1118
3.882529 49.813 114.5218
3.910664 50.060 116.7168
3.939002 50.305 118.6953
3.967546 50.548 120.4572
3.996296 50.789 122.0036
4.025255 51.026 123.3370
4.054423 51.260 124.4603
4.083804 51.489 125.3775
4.113396 51.713 126.0926
4.143204 51.932 126.6101
4.173227 52.146 126.9344
4.203468 52.353 127.0696
4.233928 52.554 127.0194
4.264609 52.749 126.7872
4.295512 52.936 126.3753
4.326639 53.117 125.7854
4.357992 53.290 125.0183
4.389572 53.456 124.0732
4.421380 53.615 122.9484
4.453419 53.766 121.6402
4.485691 53.910 120.1434
4.518196 54.046 118.4505
4.550936 54.175 116.5514
4.583914 54.296 114.4332
4.617131 54.409 112.0795
4.650589 54.515 109.4697
4.684289 54.614 106.5790
4.718233 54.706 103.3765
4.752424 54.790 99.8258
4.786862 54.867 95.8843
4.821549 54.936 91.5031
4.856488 54.999 86.6287
4.891680 55.054 81.2067
4.927127 55.103 75.1880
4.962831 55.144 68.5401
4.998794 55.178 61.2627
5.035017 55.205 53.4050
5.071503 55.224 45.0801
5.108253 55.237 36.4651
5.145270 55.242 27.7831
5.182555 55.240 19.2642
5.220110 55.230 11.1073
5.257937 55.213 3.4522
5.296038 55.188 -3.6269
5.334415 55.155 -10.1117
5.373071 55.115 -16.0219
5.412006 55.067 -21.3989
5.451224 55.011 -26.2932
5.490725 54.947 -30.7555
5.530514 54.876 -34.8329
5.570590 54.797 -38.5666
5.610957 54.711 -41.9914
5.651616 54.617 -45.1358
5.692570 54.517 -48.0228
5.733821 54.410 -50.6709
5.775370 54.298 -53.0947
5.817221 54.180 -55.3057
5.859375 54.058 -57.3134
5.901834 53.931 -59.1256
5.944602 53.802 -60.7495
5.987679 53.670 -62.1917
6.031068 53.538 -63.4594
6.074771 53.406 -64.5600
6.118792 53.275 -65.5018
6.163131 53.147 -66.2941
6.207792 53.022 -66.9470
6.252776 52.902 -67.4717
6.298086 52.789 -67.8800
6.343725 52.682 -68.1840
6.389694 52.584 -68.3961
6.435996 52.494 -68.5284
6.482634 52.413 -68.5926
6.529610 52.342 -68.5994
6.576926 52.280 -68.5587
6.624585 52.228 -68.4790
6.672590 52.185 -68.3678
6.720942 52.150 -68.2313
6.769645 52.124 -68.0744
6.818700 52.105 -67.9013
6.868111 52.093 -67.7148
6.917881 52.087 -67.5175
6.968010 52.088 -67.3113
7.018504 52.094 -67.0976
7.069362 52.106 -66.8780
7.120590 52.122 -66.6540
7.172189 52.144 -66.4272
7.224161 52.172 -66.2000
7.276511 52.204 -65.9749
7.329239 52.243 -65.7553
7.382350 52.289 -65.5452
7.435845 52.341 -65.3493
7.489729 52.400 -65.1730
7.544002 52.468 -65.0226
7.598669 52.543 -64.9043
7.653732 52.627 -64.8251
7.709194 52.721 -64.7919
7.765058 52.823 -64.8109
7.821327 52.934 -64.8883
7.878004 53.053 -65.0286
7.935091 53.181 -65.2355
7.992592 53.316 -65.5109
8.050510 53.459 -65.8548
8.108847 53.608 -66.2655
8.167607 53.764 -66.7392
8.226793 53.924 -67.2708
8.286408 54.088 -67.8535
8.346454 54.256 -68.4796
8.406936 54.427 -69.1408
8.467856 54.601 -69.8286
8.529218 54.776 -70.5349
8.591024 54.953 -71.2520
8.653278 55.131 -71.9736
8.715983 55.310 -72.6944
8.779143 55.489 -73.4106
8.842760 55.669 -74.1198
8.906839 55.849 -74.8213
8.971381 56.030 -75.5155
9.036392 56.211 -76.2045
9.101873 56.392 -76.8911
9.167829 56.573 -77.5794
9.234263 56.756 -78.2741
9.301178 56.938 -78.9802
9.368578 57.122 -79.7031
9.436467 57.306 -80.4484
9.504847 57.492 -81.2211
9.573723 57.678 -82.0259
9.643099 57.866 -82.8670
9.712976 58.054 -83.7477
9.783361 58.244 -84.6700
9.854255 58.434 -85.6353
9.925663 58.625 -86.9927
9.997588 58.817 -88.7003
10.070035 59.009 -90.4472
10.143007 59.200 -92.2301
10.216507 59.391 -94.0447
10.290540 59.581 -95.7073
10.365109 59.768 -97.2080
10.440219 59.954 -98.7245
10.515873 60.137 -100.2511
10.592076 60.316 -101.7826
10.668830 60.492 -103.2252
10.746141 60.663 -104.6127
10.824012 60.830 -105.9933
10.902447 60.991 -107.3647
10.981451 61.147 -108.7254
11.061027 61.297 -109.9950
11.141180 61.442 -111.2484
11.221913 61.580 -112.4917
11.303232 61.713 -113.7264
11.385140 61.841 -114.9307
11.467641 61.963 -116.0947
11.550741 62.080 -117.2566
11.634442 62.192 -118.4191
11.718750 62.301 -119.5845
11.803669 62.406 -120.7111
11.889203 62.509 -121.8451
11.975357 62.611 -122.9883
12.062136 62.711 -124.1421
12.149543 62.812 -125.2806
12.237583 62.914 -126.4217
12.326262 63.017 -127.5748
12.415583 63.123 -128.7396
12.505552 63.231 -129.8986
12.596172 63.343 -131.0566
12.687449 63.459 -132.2237
12.779387 63.578 -133.3989
12.871992 63.701 -134.5685
12.965268 63.829 -135.7358
13.059220 63.959 -136.9096
13.153852 64.093 -138.0903
13.249170 64.229 -139.2660
13.345179 64.368 -140.4446
13.441884 64.509 -141.6332
13.539289 64.651 -142.8337
13.637401 64.794 -144.0332
13.736223 64.937 -145.2468
13.835761 65.080 -146.4782
13.936021 65.222 -147.7269
14.037007 65.365 -148.9878
14.138725 65.506 -150.2710
14.241180 65.646 -151.5775
14.344377 65.786 -152.9010
14.448323 65.924 -154.2435
14.553021 66.062 -155.6089
14.658478 66.199 -156.9952
14.764700 66.334 -158.3943
14.871691 66.470 -159.8119
14.979457 66.604 -161.2459
15.088005 66.739 -162.6893
15.197339 66.873 -164.1423
15.307465 67.007 -165.6047
15.418389 67.140 -167.0725
15.530117 67.274 -168.5418
15.642655 67.408 -170.0140
15.756008 67.542 -171.4870
15.870182 67.676 -172.9551
15.985184 67.811 -174.4215
16.101019 67.945 -175.8851
16.217694 68.080 -177.3420
16.335214 68.215 -178.7942
16.453586 68.351 179.7583
16.572815 68.486 178.3177
16.692909 68.622 176.8829
16.813872 68.758 175.4532
16.935713 68.894 174.0298
17.058436 69.030 172.6116
17.182048 69.165 171.1981
17.306556 69.301 169.7900
17.431967 69.436 168.3862
17.558286 69.571 166.9858
17.685521 69.706 165.5883
17.813677 69.840 164.1930
17.942762 69.973 162.7993
18.072783 70.106 161.4062
18.203746 70.238 160.0130
18.335658 70.369 158.6187
18.468526 70.498 157.2224
18.602356 70.627 155.8230
18.737156 70.755 154.4188
18.872934 70.882 153.0086
19.009695 71.007 151.5920
19.147447 71.131 150.1671
19.286197 71.253 148.7335
19.425953 71.374 147.2897
19.566721 71.493 145.8337
19.708510 71.611 144.3657
19.851326 71.727 142.8840
19.995177 71.841 141.3877
20.140070 71.953 139.8770
20.286013 72.062 138.3495
20.433014 72.169 136.8065
20.581080 72.274 135.2463
20.730219 72.376 133.6687
20.880439 72.475 132.0745
21.031747 72.571 130.4610
21.184152 72.664 128.8311
21.337661 72.754 127.1837
21.492282 72.841 125.5197
21.648024 72.924 123.8398
21.804895 73.003 122.1431
21.962902 73.079 120.4325
22.122054 73.152 118.7063
22.282360 73.220 116.9674
22.443827 73.285 115.2147
22.606464 73.346 113.4498
22.770280 73.403 111.6736
22.935283 73.457 109.8863
23.101481 73.506 108.0894
23.268884 73.552 106.2816
23.437500 73.594 104.4658
23.607338 73.632 102.6392
23.778406 73.665 100.8055
23.950714 73.695 98.9625
24.124271 73.720 97.1126
24.299086 73.741 95.2544
24.475167 73.758 93.3896
24.652524 73.770 91.5174
24.831166 73.777 89.6394
25.011103 73.780 87.7553
25.192344 73.777 85.8666
25.374898 73.769 83.9733
25.558775 73.756 82.0770
25.743984 73.738 80.1783
25.930536 73.714 78.2792
26.118439 73.684 76.3804
26.307704 73.648 74.4845
26.498341 73.606 72.5918
26.690359 73.558 70.7059
26.883768 73.503 68.8273
27.078579 73.442 66.9602
27.274801 73.374 65.1050
27.472446 73.300 63.2666
27.671522 73.219 61.4446
27.872042 73.131 59.6443
28.074014 73.036 57.8665
28.277450 72.935 56.1155
28.482360 72.826 54.3936
28.688755 72.711 52.7031
28.896645 72.589 51.0474
29.106042 72.460 49.4281
29.316957 72.324 47.8496
29.529400 72.182 46.3125
29.743382 72.034 44.8208
29.958915 71.879 43.3758
30.176009 71.718 41.9801
30.394677 71.552 40.6367
30.614929 71.380 39.3448
30.836778 71.203 38.1084
31.060234 71.021 36.9281
31.285309 70.834 35.8047
31.512015 70.643 34.7403
31.740364 70.448 33.7344
31.970368 70.250 32.7887
32.202039 70.048 31.9033
32.435388 69.844 31.0777
32.670428 69.638 30.3131
32.907171 69.431 29.6087
33.145630 69.223 28.9638
33.385817 69.015 28.3787
33.627745 68.808 27.8518
33.871425 68.602 27.3826
34.116871 68.399 26.9700
34.364096 68.200 26.6118
34.613113 68.006 26.3054
34.863934 67.818 26.0471
35.116572 67.638 25.8313
35.371041 67.468 25.6665
35.627354 67.308 25.5464
35.885525 67.161 25.4658
36.145566 67.029 25.4138
36.407492 66.913 25.3816
36.671316 66.815 25.3602
36.937051 66.736 25.3398
37.204712 66.677 25.3090
37.474313 66.639 25.2573
37.745867 66.622 25.1741
38.019389 66.627 25.0463
38.294893 66.653 24.8634
38.572394 66.699 24.6152
38.851905 66.763 24.2916
39.133442 66.845 23.8815
39.417019 66.943 23.3768
39.702651 67.054 22.7715
39.990353 67.178 22.0592
40.280140 67.311 21.2347
40.572026 67.454 20.2919
40.866028 67.603 19.2301
41.162160 67.758 18.0472
41.460438 67.918 16.7421
41.760877 68.080 15.3134
42.063494 68.244 13.7610
42.368303 68.410 12.0847
42.675322 68.576 10.2836
42.984565 68.741 8.3558
43.296048 68.905 6.2981
43.609789 69.067 4.1053
43.925804 69.226 1.7693
44.244108 69.383 -0.7240
44.564719 69.536 -3.3975
44.887654 69.685 -6.2880
45.212928 69.830 -9.4598
45.540560 69.970 -13.0312
45.870565 70.104 -17.2378
46.202962 70.233 -22.6163
46.537768 70.356 -30.6609
46.875000 70.473 -47.2055
47.214676 70.583 -102.6755
47.556813 70.686 -165.9070
47.901429 70.782 175.2411
48.248542 70.871 166.5443
48.598171 70.952 160.8352
48.950334 71.026 156.3772
49.305048 71.092 152.5679
49.662333 71.151 149.1483
50.022206 71.202 145.9905
50.384688 71.245 143.0255
50.749796 71.282 140.2137
51.117550 71.312 137.5316
51.487969 71.337 134.9639
51.861072 71.355 132.5012
52.236879 71.370 130.1364
52.615409 71.380 127.8645
52.996681 71.387 125.6816
53.380717 71.393 123.5845
53.767536 71.397 121.5696
54.157158 71.402 119.6332
54.549603 71.408 117.7720
54.944892 71.417 115.9821
55.343045 71.430 114.2585
55.744084 71.446 112.5963
56.148028 71.468 110.9901
56.554900 71.496 109.4347
56.964720 71.530 107.9243
57.377510 71.570 106.4529
57.793291 71.616 105.0141
58.212085 71.668 103.6012
58.633914 71.726 102.2090
59.058799 71.788 100.8318
59.486764 71.854 99.4638
59.917829 71.923 98.1000
60.352019 71.995 96.7357
60.789354 72.067 95.3677
61.229859 72.140 93.9939
61.673556 72.212 92.6116
62.120468 72.283 91.2195
62.570618 72.351 89.8173
63.024031 72.416 88.4055
63.480729 72.478 86.9848
63.940736 72.536 85.5568
64.404077 72.590 84.1234
64.870776 72.639 82.6872
65.340856 72.684 81.2503
65.814343 72.724 79.8153
66.291261 72.760 78.3847
66.771635 72.790 76.9614
67.255489 72.817 75.5467
67.742850 72.838 74.1422
68.233743 72.856 72.7499
68.728193 72.870 71.3708
69.226226 72.879 70.0058
69.727867 72.886 68.6548
70.233144 72.888 67.3187
70.742083 72.888 65.9974
71.254709 72.884 64.6915
71.771050 72.877 63.4022
72.291132 72.867 62.1292
72.814984 72.854 60.8754
73.342631 72.838 59.6413
73.874102 72.819 58.4293
74.409424 72.798 57.2419
74.948626 72.773 56.0818
75.491734 72.746 54.9523
76.038779 72.716 53.8560
76.589787 72.683 52.7966
77.144788 72.648 51.7776
77.703811 72.610 50.8028
78.266885 72.569 49.8756
78.834039 72.527 48.9997
79.405303 72.483 48.1781
79.980706 72.438 47.4136
80.560280 72.392 46.7086
81.144053 72.346 46.0651
81.732056 72.300 45.4841
82.324320 72.256 44.9658
82.920876 72.213 44.5093
83.521755 72.172 44.1124
84.126988 72.135 43.7723
84.736607 72.101 43.4846
85.350643 72.072 43.2433
85.969129 72.048 43.0419
86.592097 72.029 42.8732
87.219579 72.016 42.7281
87.851608 72.008 42.5978
88.488217 72.006 42.4734
89.129439 72.010 42.3455
89.775308 72.018 42.2059
90.425856 72.032 42.0468
91.081119 72.050 41.8608
91.741131 72.072 41.6420
92.405925 72.097 41.3852
93.075536 72.125 41.0869
93.750000 72.155 40.7446
94.429351 72.186 40.3561
95.113625 72.218 39.9212
95.802858 72.250 39.4402
96.497085 72.282 38.9149
97.196342 72.313 38.3469
97.900667 72.343 37.7385
98.610096 72.372 37.0924
99.324665 72.399 36.4117
100.044413 72.425 35.7000
100.769376 72.449 34.9602
101.499592 72.471 34.1923
102.235100 72.490 33.3992
102.975938 72.508 32.5838
103.722144 72.523 31.7489
104.473757 72.537 30.8969
105.230817 72.548 30.0300
105.993363 72.556 29.1503
106.761435 72.563 28.2594
107.535072 72.567 27.3593
108.314315 72.569 26.4509
109.099206 72.569 25.5362
109.889783 72.567 24.6165
110.686090 72.563 23.6927
111.488167 72.557 22.7662
112.296056 72.549 21.8375
113.109800 72.540 20.9073
113.929440 72.528 19.9761
114.755020 72.515 19.0443
115.586582 72.501 18.1120
116.424170 72.486 17.1796
117.267827 72.469 16.2465
118.117598 72.451 15.3120
118.973527 72.432 14.3759
119.835658 72.411 13.4377
120.704037 72.390 12.4963
121.578708 72.368 11.5505
122.459718 72.346 10.5990
123.347111 72.322 9.6400
124.240935 72.297 8.6721
125.141236 72.271 7.6940
126.048061 72.243 6.7038
126.961458 72.214 5.7002
127.881473 72.183 4.6819
128.808154 72.150 3.6483
129.741551 72.115 2.5983
130.681712 72.077 1.5316
131.628686 72.035 0.4483
132.582521 71.991 -0.6513
133.543269 71.942 -1.7662
134.510979 71.889 -2.8956
135.485701 71.832 -4.0387
136.467486 71.770 -5.1940
137.456386 71.703 -6.3602
138.452451 71.631 -7.5355
139.455735 71.554 -8.7186
140.466288 71.471 -9.9079
141.484165 71.382 -11.1016
142.509418 71.288 -12.2981
143.542100 71.188 -13.4956
144.582265 71.083 -14.6933
145.629968 70.972 -15.8899
146.685262 70.857 -17.0846
147.748204 70.736 -18.2762
148.818849 70.611 -19.4637
149.897251 70.481 -20.6464
150.983469 70.348 -21.8238
152.077557 70.212 -22.9953
153.179574 70.073 -24.1604
154.289576 69.934 -25.3193
155.407622 69.794 -26.4724
156.533770 69.656 -27.6198
157.668078 69.520 -28.7616
158.810606 69.390 -29.8969
159.961413 69.265 -31.0244
161.120559 69.149 -32.1414
162.288105 69.042 -33.2429
163.464112 68.947 -34.3204
164.648640 68.866 -35.3605
165.841752 68.798 -36.3440
167.043510 68.746 -37.2424
168.253976 68.710 -38.0150
169.473213 68.690 -38.6033
170.701286 68.686 -38.9241
171.938258 68.696 -38.8553
173.184194 68.721 -38.2165
174.439158 68.758 -36.7373
175.703216 68.806 -34.0064
176.976434 68.862 -29.4066
178.258878 68.926 -22.0939
179.550615 68.994 -11.2501
180.851713 69.065 2.9418
182.162239 69.138 18.1363
183.482262 69.210 31.0765
184.811850 69.280 40.2904
186.151073 69.346 46.1514
187.500000 69.407 49.5580
188.858702 69.463 51.2787
190.227250 69.512 51.8502
191.605715 69.554 51.6310
192.994169 69.588 50.8619
194.392685 69.613 49.7079
195.801334 69.628 48.2866
197.220191 69.634 46.6846
198.649330 69.629 44.9687
200.088825 69.613 43.1932
201.538751 69.586 41.4034
202.999184 69.547 39.6387
204.470200 69.497 37.9348
205.951875 69.436 36.3254
207.444287 69.363 34.8419
208.947514 69.282 33.5144
210.461634 69.193 32.3713
211.986726 69.098 31.4387
213.522869 69.001 30.7391
215.070144 68.904 30.2899
216.628631 68.811 30.1018
218.198411 68.725 30.1763
219.779567 68.651 30.5030
221.372180 68.589 31.0587
222.976334 68.544 31.8058
224.592112 68.516 32.6946
226.219600 68.504 33.6674
227.858880 68.509 34.6619
229.510039 68.527 35.6182
231.173164 68.556 36.4840
232.848340 68.592 37.2198
234.535655 68.632 37.7993
236.235197 68.673 38.2104
237.947054 68.712 38.4546
239.671317 68.747 38.5425
241.408074 68.778 38.4909
243.157416 68.805 38.3199
244.919435 68.827 38.0496
246.694223 68.846 37.6987
248.481871 68.865 37.2821
250.282473 68.885 36.8110
252.096123 68.908 36.2921
253.922915 68.937 35.7280
255.762945 68.974 35.1184
257.616309 69.019 34.4614
259.483103 69.073 33.7536
261.363424 69.136 32.9924
263.257372 69.208 32.1761
265.165043 69.287 31.3057
267.086538 69.374 30.3838
269.021957 69.467 29.4156
270.971401 69.563 28.4080
272.934972 69.664 27.3694
274.912771 69.766 26.3095
276.904902 69.870 25.2386
278.911469 69.974 24.1663
280.932577 70.078 23.1005
282.968330 70.179 22.0487
285.018835 70.278 21.0153
287.084199 70.372 20.0020
289.164530 70.460 19.0076
291.259935 70.541 18.0287
293.370525 70.612 17.0593
295.496408 70.672 16.0933
297.637697 70.718 15.1263
299.794503 70.749 14.1577
301.966937 70.762 13.1917
304.155114 70.757 12.2404
306.359147 70.731 11.3243
308.579152 70.684 10.4725
310.815244 70.616 9.7223
313.067539 70.527 9.1182
315.336156 70.420 8.7097
317.621211 70.295 8.5482
319.922826 70.155 8.6838
322.241118 70.006 9.1588
324.576210 69.853 10.0005
326.928223 69.701 11.2153
329.297280 69.557 12.7801
331.683504 69.431 14.6391
334.087019 69.329 16.7066
336.507952 69.260 18.8754
338.946427 69.229 21.0312
341.402572 69.241 23.0688
343.876516 69.298 24.9037
346.368387 69.399 26.4789
348.878315 69.542 27.7626
351.406431 69.723 28.7453
353.952867 69.935 29.4327
356.517756 70.175 29.8383
359.101230 70.437 29.9794
361.703426 70.715 29.8741
364.324478 71.006 29.5390
366.964523 71.304 28.9887
369.623699 71.605 28.2346
372.302145 71.905 27.2847
375.000000 72.201 26.1453
377.717405 72.488 24.8207
380.454501 72.763 23.3153
383.211431 73.021 21.6340
385.988339 73.260 19.7833
388.785369 73.476 17.7733
391.602668 73.665 15.6182
394.440383 73.825 13.3364
397.298660 73.954 10.9511
400.177650 74.048 8.4915
403.077502 74.108 5.9894
405.998368 74.132 3.4797
408.940400 74.119 0.9971
411.903750 74.070 -1.4229
414.888575 73.987 -3.7454
417.895028 73.870 -5.9365
420.923268 73.722 -7.9647
423.973452 73.546 -9.8019
427.045738 73.345 -11.4232
430.140287 73.124 -12.8070
433.257261 72.887 -13.9373
436.396822 72.641 -14.8040
439.559133 72.392 -15.4030
442.744360 72.148 -15.7351
445.952668 71.918 -15.8079
449.184225 71.711 -15.6343
452.439199 71.538 -15.2311
455.717760 71.406 -14.6193
459.020079 71.325 -13.8230
462.346327 71.298 -12.8719
465.696680 71.327 -11.8013
469.071310 71.410 -10.6531
472.470394 71.540 -9.4770
475.894109 71.710 -8.3293
479.342634 71.908 -7.2726
482.816148 72.125 -6.3702
486.314833 72.350 -5.6807
489.838871 72.575 -5.2518
493.388445 72.792 -5.1152
496.963741 72.995 -5.2833
500.564945 73.179 -5.7480
504.192245 73.342 -6.4835
507.845830 73.481 -7.4482
511.525890 73.598 -8.5896
515.232618 73.693 -9.8474
518.966206 73.769 -11.1569
522.726849 73.830 -12.4520
526.514743 73.881 -13.6661
530.330086 73.927 -14.7326
534.173076 73.975 -15.5858
538.043915 74.031 -16.1631
541.942803 74.100 -16.4086
545.869944 74.186 -16.2804
549.825542 74.294 -15.7642
553.809805 74.426 -14.8887
557.822939 74.581 -13.7388
561.865154 74.757 -12.4579
565.936660 74.953 -11.2328
570.037671 75.161 -10.2611
574.168399 75.378 -9.7126
578.329060 75.597 -9.7037
582.519870 75.811 -10.2878
586.741049 76.015 -11.4633
590.992817 76.203 -13.1881
595.275394 76.372 -15.3956
599.589005 76.517 -18.0077
603.933874 76.637 -20.9419
608.310228 76.729 -24.1163
612.718295 76.792 -27.4506
617.158304 76.825 -30.8658
621.630488 76.829 -34.2844
626.135079 76.803 -37.6289
630.672311 76.749 -40.8212
635.242423 76.668 -43.7831
639.845651 76.561 -46.4380
644.482237 76.430 -48.7156
649.152421 76.278 -50.5582
653.856447 76.107 -51.9328
658.594560 75.922 -52.8417
663.367008 75.725 -53.3309
668.174039 75.522 -53.4916
673.015903 75.317 -53.4510
677.892854 75.115 -53.3499
682.805145 74.922 -53.3170
687.753032 74.743 -53.4497
692.736774 74.584 -53.8053
697.756631 74.449 -54.4027
702.812863 74.341 -55.2315
707.905735 74.261 -56.2619
713.035511 74.208 -57.4536
718.202461 74.179 -58.7571
723.406852 74.169 -60.1079
728.648956 74.170 -61.4155
733.929047 74.175 -62.5387
739.247399 74.176 -63.2422
744.604290 74.166 -63.1131
750.000000 74.141 -61.3847
755.434809 74.097 -56.5611
760.909001 74.031 -45.7824
766.422861 73.944 -25.6050
771.976677 73.837 -0.3539
777.570739 73.713 17.6656
783.205337 73.575 26.5576
788.880766 73.429 29.9922
794.597321 73.280 30.5203
800.355301 73.134 29.4576
806.155005 72.995 27.4938
811.996736 72.870 25.0182
817.880799 72.763 22.2689
823.807501 72.674 19.4050
829.777150 72.607 16.5411
835.790057 72.561 13.7676
841.846536 72.535 11.1605
847.946903 72.527 8.7853
854.091476 72.537 6.6994
860.280575 72.564 4.9480
866.514523 72.605 3.5611
872.793644 72.661 2.5474
879.118267 72.729 1.8890
885.488720 72.807 1.5391
891.905336 72.894 1.4259
898.368450 72.986 1.4614
904.878398 73.080 1.5533
911.435520 73.174 1.6178
918.040157 73.264 1.5905
924.692655 73.347 1.4285
931.393359 73.421 1.1112
938.142619 73.484 0.6355
944.940787 73.533 0.0134
951.788218 73.567 -0.7321
958.685268 73.584 -1.5692
965.632296 73.584 -2.4610
972.629666 73.567 -3.3705
979.677741 73.534 -4.2646
986.776890 73.487 -5.1183
993.927482 73.429 -5.9193
1001.129891 73.361 -6.6700
1008.384491 73.287 -7.3854
1015.691660 73.210 -8.0884
1023.051781 73.133 -8.8030
1030.465236 73.055 -9.5493
1037.932411 72.979 -10.3397
1045.453698 72.904 -11.1765
1053.029486 72.831 -12.0527
1060.660172 72.760 -12.9551
1068.346153 72.688 -13.8669
1076.087829 72.617 -14.7714
1083.885605 72.544 -15.6526
1091.739887 72.470 -16.4977
1099.651084 72.390 -17.2984
1107.619609 72.305 -18.0515
1115.645878 72.212 -18.7559
1123.730308 72.109 -19.4117
1131.873321 71.995 -20.0199
1140.075341 71.868 -20.5801
1148.336797 71.729 -21.0929
1156.658119 71.580 -21.5599
1165.039741 71.423 -21.9887
1173.482099 71.263 -22.3971
1181.985634 71.105 -22.8116
1190.550789 70.955 -23.2675
1199.178011 70.819 -23.8057
1207.867749 70.700 -24.4685
1216.620457 70.602 -25.2921
1225.436590 70.525 -26.3038
1234.316609 70.465 -27.5183
1243.260976 70.420 -28.9351
1252.270157 70.383 -30.5378
1261.344623 70.349 -32.2950
1270.484846 70.311 -34.1607
1279.691303 70.267 -36.0735
1288.964474 70.214 -37.9565
1298.304842 70.151 -39.7139
1307.712894 70.081 -41.2249
1317.189120 70.008 -42.3333
1326.734016 69.939 -42.8285
1336.348077 69.881 -42.4195
1346.031806 69.842 -40.6960
1355.785708 69.831 -37.0909
1365.610290 69.853 -30.9109
1375.506065 69.913 -21.6308
1385.473549 70.011 -9.6799
1395.513261 70.142 2.9201
1405.625726 70.299 13.6479
1415.811469 70.473 21.2979
1426.071023 70.655 26.0513
1436.404921 70.834 28.5812
1446.813703 71.003 29.5245
1457.297912 71.154 29.3581
1467.858093 71.282 28.4181
1478.494798 71.383 26.9404
1489.208581 71.457 25.0935
1500.000000 71.504 23.0005
1510.869618 71.524 20.7531
1521.818002 71.519 18.4206
1532.845723 71.493 16.0555
1543.953355 71.448 13.6978
1555.141477 71.385 11.3772
1566.410674 71.309 9.1157
1577.761531 71.222 6.9296
1589.194642 71.124 4.8295
1600.710601 71.019 2.8215
1612.310010 70.908 0.9072
1623.993473 70.793 -0.9159
1635.761599 70.676 -2.6526
1647.615002 70.557 -4.3094
1659.554299 70.438 -5.8929
1671.580114 70.319 -7.4086
1683.693072 70.200 -8.8591
1695.893807 70.081 -10.2450
1708.182952 69.963 -11.5645
1720.561150 69.845 -12.8130
1733.029045 69.727 -13.9842
1745.587288 69.609 -15.0691
1758.236533 69.491 -16.0570
1770.977440 69.374 -16.9340
1783.810673 69.258 -17.6823
1796.736900 69.143 -18.2798
1809.756796 69.029 -18.6993
1822.871040 68.916 -18.9097
1836.080315 68.805 -18.8765
1849.385310 68.696 -18.5646
1862.786718 68.587 -17.9418
1876.285239 68.480 -16.9834
1889.881575 68.374 -15.6769
1903.576436 68.270 -14.0275
1917.370535 68.168 -12.0632
1931.264593 68.071 -9.8382
1945.259332 67.980 -7.4323
1959.355483 67.898 -4.9470
1973.553781 67.828 -2.4966
1987.854965 67.775 -0.1948
2002.259781 67.740 1.8607
2016.768981 67.727 3.5964
2031.383320 67.737 4.9683
2046.103561 67.770 5.9595
2060.930471 67.823 6.5752
2075.864823 67.895 6.8374
2090.907395 67.980 6.7782
2106.058972 68.074 6.4353
2121.320344 68.172 5.8488
2136.692305 68.269 5.0590
2152.175658 68.362 4.1052
2167.771210 68.448 3.0242
2183.479774 68.524 1.8506
2199.302169 68.588 0.6155
2215.239219 68.639 -0.6530
2231.291755 68.676 -1.9289
2247.460615 68.697 -3.1891
2263.746641 68.702 -4.4124
2280.150683 68.690 -5.5784
2296.673595 68.659 -6.6674
2313.316238 68.609 -7.6590
2330.079481 68.540 -8.5320
2346.964198 68.451 -9.2649
2363.971268 68.345 -9.8341
2381.101578 68.222 -10.2151
2398.356022 68.086 -10.3826
2415.735498 67.942 -10.3121
2433.240913 67.794 -9.9816
2450.873180 67.649 -9.3755
2468.633217 67.514 -8.4876
2486.521951 67.397 -7.3277
2504.540314 67.304 -5.9252
2522.689246 67.243 -4.3336
2540.969692 67.216 -2.6281
2559.382606 67.227 -0.9002
2577.928947 67.273 0.7520
2596.609683 67.351 2.2367
2615.425787 67.454 3.4778
2634.378241 67.574 4.4224
2653.468031 67.702 5.0425
2672.696154 67.830 5.3342
2692.063613 67.952 5.3130
2711.571415 68.060 5.0093
2731.220579 68.151 4.4629
2751.012130 68.219 3.7200
2770.947098 68.264 2.8304
2791.026522 68.282 1.8456
2811.251451 68.276 0.8166
2831.622938 68.244 -0.2071
2852.142045 68.188 -1.1774
2872.809842 68.112 -2.0483
2893.627406 68.018 -2.7767
2914.595823 67.912 -3.3231
2935.716186 67.797 -3.6536
2956.989596 67.681 -3.7403
2978.417161 67.569 -3.5645
3000.000000 67.468 -3.1208
3021.739237 67.385 -2.4205
3043.636005 67.327 -1.4949
3065.691446 67.296 -0.3965
3087.906710 67.295 0.8029
3110.282955 67.325 2.0175
3132.821347 67.381 3.1577
3155.523062 67.460 4.1412
3178.389283 67.554 4.9032
3201.421202 67.656 5.4030
3224.620020 67.760 5.6259
3247.986946 67.858 5.5813
3271.523198 67.947 5.3009
3295.230004 68.021 4.8312
3319.108599 68.079 4.2295
3343.160228 68.121 3.5590
3367.386145 68.146 2.8865
3391.787613 68.159 2.2773
3416.365904 68.161 1.7929
3441.122300 68.159 1.4882
3466.058091 68.158 1.4057
3491.174576 68.164 1.5707
3516.473066 68.184 1.9870
3541.954880 68.221 2.6329
3567.621345 68.278 3.4597
3593.473800 68.358 4.3951
3619.513592 68.456 5.3523
3645.742080 68.571 6.2422
3672.160630 68.696 6.9860
3698.770620 68.826 7.5249
3725.573436 68.955 7.8253
3752.570477 69.078 7.8781
3779.763150 69.190 7.6957
3807.152872 69.289 7.3058
3834.741071 69.374 6.7456
3862.529185 69.444 6.0568
3890.518664 69.500 5.2820
3918.710966 69.542 4.4630
3947.107561 69.574 3.6381
3975.709929 69.597 2.8408
4004.519563 69.615 2.0983
4033.537962 69.629 1.4319
4062.766641 69.644 0.8545
4092.207123 69.662 0.3700
4121.860942 69.684 -0.0289
4151.729646 69.712 -0.3603
4181.814790 69.747 -0.6522
4212.117944 69.786 -0.9383
4242.640687 69.829 -1.2538
4273.384610 69.872 -1.6292
4304.351317 69.913 -2.0860
4335.542421 69.949 -2.6325
4366.959549 69.978 -3.2626
4398.604338 69.997 -3.9574
4430.478438 70.006 -4.6879
4462.583511 70.006 -5.4189
4494.921231 69.996 -6.1134
4527.493283 69.980 -6.7369
4560.301365 69.959 -7.2605
4593.347189 69.935 -7.6642
4626.632476 69.909 -7.9392
4660.158962 69.884 -8.0900
4693.928395 69.861 -8.1342
4727.942535 69.839 -8.0988
4762.203156 69.819 -8.0160
4796.712043 69.799 -7.9184
4831.470996 69.779 -7.8316
4866.481826 69.757 -7.7698
4901.746360 69.732 -7.7334
4937.266434 69.705 -7.7100
4973.043902 69.676 -7.6777
5009.080628 69.647 -7.6102
5045.378492 69.619 -7.4833
5081.939384 69.594 -7.2797
5118.765212 69.575 -6.9930
5155.857894 69.563 -6.6282
5193.219366 69.561 -6.2016
5230.851574 69.567 -5.7374
5268.756481 69.581 -5.2626
5306.936062 69.602 -4.7999
5345.392309 69.629 -4.3647
5384.127225 69.659 -3.9631
5423.142830 69.691 -3.5928
5462.441159 69.726 -3.2468
5502.024259 69.764 -2.9189
5541.894195 69.805 -2.6081
5582.053045 69.852 -2.3219
5622.502902 69.904 -2.0754
5663.245876 69.961 -1.8887
5704.284090 70.025 -1.7831
5745.619684 70.092 -1.7755
5787.254813 70.162 -1.8734
5829.191647 70.231 -2.0734
5871.432373 70.298 -2.3615
5913.979192 70.361 -2.7150
5956.834323 70.418 -3.1075
6000.000000 70.469 -3.5145
6043.478473 70.515 -3.9164
6087.272010 70.555 -4.3022
6131.382892 70.591 -4.6700
6175.813420 70.622 -5.0258
6220.565910 70.648 -5.3806
6265.642695 70.667 -5.7450
6311.046124 70.680 -6.1257
6356.778566 70.683 -6.5228
6402.842404 70.676 -6.9302
6449.240040 70.659 -7.3362
6495.973891 70.632 -7.7261
6543.046396 70.596 -8.0861
6590.460007 70.551 -8.4058
6638.217197 70.502 -8.6786
6686.320456 70.449 -8.9017
6734.772290 70.394 -9.0743
6783.575226 70.340 -9.1954
6832.731809 70.287 -9.2622
6882.244600 70.236 -9.2723
6932.116181 70.189 -9.2229
6982.349153 70.144 -9.1141
7032.946133 70.103 -8.9496
7083.909760 70.065 -8.7375
7135.242690 70.030 -8.4913
7186.947600 69.996 -8.2254
7239.027185 69.964 -7.9526
7291.484160 69.933 -7.6816
7344.321260 69.902 -7.4169
7397.541239 69.872 -7.1591
7451.146872 69.843 -6.9079
7505.140954 69.819 -6.6653
7559.526299 69.801 -6.4370
7614.305743 69.791 -6.2332
7669.482141 69.792 -6.0682
7725.058371 69.803 -5.9584
7781.037328 69.826 -5.9193
7837.421932 69.859 -5.9630
7894.215122 69.901 -6.0972
7951.419859 69.948 -6.3262
8009.039125 69.999 -6.6504
8067.075924 70.051 -7.0660
8125.533282 70.100 -7.5660
8184.414245 70.145 -8.1406
8243.721885 70.182 -8.7762
8303.459292 70.210 -9.4560
8363.629581 70.228 -10.1602
8424.235888 70.235 -10.8683
8485.281374 70.230 -11.5582
8546.769221 70.216 -12.2095
8608.702634 70.191 -12.8035
8671.084842 70.160 -13.3243
8733.919097 70.121 -13.7586
8797.208675 70.079 -14.0959
8860.956876 70.033 -14.3300
8925.167022 69.987 -14.4597
8989.842461 69.941 -14.4908
9054.986566 69.898 -14.4372
9120.602731 69.858 -14.3199
9186.694378 69.822 -14.1673
9253.264952 69.793 -14.0114
9320.317925 69.768 -13.8853
9387.856790 69.750 -13.8203
9455.885071 69.736 -13.8420
9524.406312 69.725 -13.9692
9593.424086 69.717 -14.2125
9662.941992 69.708 -14.5735
9732.963653 69.698 -15.0463
9803.492719 69.685 -15.6178
9874.532869 69.667 -16.2696
9946.087805 69.642 -16.9796
10018.161257 69.610 -17.7236
10090.756983 69.570 -18.4766
10163.878768 69.521 -19.2142
10237.530423 69.464 -19.9138
10311.715789 69.400 -20.5546
10386.438732 69.328 -21.1194
10461.703149 69.252 -21.5959
10537.512962 69.172 -21.9772
10613.872125 69.092 -22.2635
10690.784618 69.013 -22.4616
10768.254450 68.938 -22.5845
10846.285661 68.869 -22.6505
10924.882318 68.808 -22.6818
11004.048518 68.755 -22.7017
11083.788390 68.710 -22.7329
11164.106090 68.673 -22.7944
11245.005805 68.642 -22.9011
11326.491752 68.614 -23.0631
11408.568180 68.589 -23.2841
11491.239368 68.562 -23.5623
11574.509626 68.533 -23.8910
11658.383294 68.500 -24.2595
11742.864745 68.461 -24.6539
11827.958384 68.416 -25.0590
11913.668646 68.365 -25.4592
12000.000000 68.308 -25.8405
12086.956947 68.246 -26.1915
12174.544019 68.181 -26.5029
12262.765784 68.114 -26.7697
12351.626840 68.047 -26.9899
12441.131819 67.980 -27.1646
12531.285389 67.917 -27.2977
12622.092249 67.856 -27.3954
12713.557132 67.800 -27.4656
12805.684808 67.747 -27.5173
12898.480079 67.697 -27.5601
12991.947783 67.649 -27.6033
13086.092792 67.602 -27.6556
13180.920015 67.555 -27.7239
13276.434395 67.506 -27.8124
13372.640911 67.454 -27.9228
13469.544580 67.398 -28.0538
13567.150452 67.337 -28.2010
13665.463617 67.270 -28.3585
13764.489200 67.200 -28.5208
13864.232362 67.125 -28.6818
13964.698305 67.046 -28.8358
14065.892266 66.965 -28.9786
14167.819519 66.883 -29.1070
14270.485380 66.799 -29.2185
14373.895200 66.714 -29.3111
14478.054370 66.629 -29.3829
14582.968320 66.543 -29.4324
14688.642520 66.457 -29.4586
14795.082478 66.371 -29.4597
14902.293745 66.284 -29.4339
15010.281908 66.197 -29.3814
15119.052599 66.110 -29.3024
15228.611486 66.023 -29.1982
15338.964283 65.936 -29.0722
15450.116741 65.851 -28.9293
15562.074656 65.766 -28.7755
15674.843864 65.684 -28.6181
15788.430244 65.605 -28.4638
15902.839718 65.528 -28.3192
16018.078250 65.453 -28.1885
16134.151848 65.381 -28.0742
16251.066563 65.311 -27.9753
16368.828491 65.242 -27.8887
16487.443769 65.176 -27.8090
16606.918584 65.111 -27.7287
16727.259161 65.049 -27.6414
16848.471777 64.989 -27.5415
16970.562748 64.933 -27.4249
17093.538442 64.882 -27.2904
17217.405268 64.836 -27.1417
17342.169684 64.796 -26.9827
17467.838194 64.762 -26.8159
17594.417350 64.733 -26.6625
17721.913751 64.709 -26.5385
17850.334044 64.689 -26.4070
17979.684923 64.672 -26.2629
18109.973131 64.656 -26.1259
18241.205462 64.641 -25.9999
18373.388756 64.626 -25.8825
18506.529905 64.609 -25.7703
18640.635849 64.591 -25.6588
18775.713581 64.572 -25.5435
18911.770141 64.551 -25.4216
19048.812624 64.529 -25.2932
19186.848172 64.506 -25.1595
19325.883983 64.483 -25.0244
19465.927305 64.460 -24.8940
19606.985439 64.436 -24.7757
19749.065738 64.412 -24.6782
19892.175609 64.386 -24.6111
20036.322514 64.358 -24.5611
20181.513966 64.328 -24.3044
20327.757536 64.294 -24.0666
20475.060846 64.256 -23.8472
20623.431577 64.214 -23.6454
20772.877464 64.167 -23.4609
20923.406297 64.115 -23.2938
21075.025924 64.059 -23.1453
21227.744250 63.999 -23.0176
21381.569235 63.937 -22.9138
21536.508900 63.872 -22.8378
21692.571321 63.807 -22.7938
21849.764635 63.743 -22.7859
22008.097037 63.683 -22.8180
22167.576780 63.628 -22.8926
22328.212180 63.580 -23.0109
22490.011609 63.541 -23.1722
22652.983504 63.510 -23.3734
22817.136361 63.489 -23.6094
22982.478737 63.475 -23.8736
23149.019252 63.467 -24.1586
23316.766588 63.463 -24.4576
23485.729490 63.462 -24.7652
23655.916767 63.462 -25.0777
23827.337292 63.462 -25.3934
24000.000000 63.462 -25.7115
