* Measurement data measured by REW V5.40 beta 100
* Source: 
* Format: 
* Dated: Sep 23, 2025 2:57:07 PM
* REW Settings:
*  C-weighting compensation: Off
*  Target level: 75.0 dB
* Note: ; Minimum phase copy of RX-MP-INV+0dB Cal file effects not included No LF tail No HF tail
* Measurement: RFilterb
* Smoothing: 1/48 octave
* Frequency Step: 96 ppo
* Start Frequency: 1.0986328 Hz
*
* Freq(Hz) SPL(dB) Phase(degrees)
1.098633 0.012 -0.1197
1.106594 0.012 -0.1205
1.114613 0.012 -0.1214
1.122690 0.012 -0.1223
1.130825 0.012 -0.1232
1.139020 0.012 -0.1241
1.147273 0.012 -0.1250
1.155587 0.012 -0.1259
1.163961 0.012 -0.1268
1.172395 0.011 -0.1277
1.180891 0.011 -0.1286
1.189448 0.011 -0.1295
1.198068 0.011 -0.1304
1.206749 0.011 -0.1313
1.215494 0.011 -0.1322
1.224302 0.011 -0.1332
1.233174 0.011 -0.1341
1.242110 0.011 -0.1350
1.251111 0.011 -0.1360
1.260177 0.011 -0.1369
1.269308 0.010 -0.1379
1.278506 0.010 -0.1388
1.287771 0.010 -0.1398
1.297103 0.010 -0.1407
1.306502 0.010 -0.1417
1.315969 0.010 -0.1427
1.325505 0.010 -0.1437
1.335111 0.010 -0.1447
1.344785 0.010 -0.1457
1.354530 0.010 -0.1467
1.364346 0.009 -0.1477
1.374232 0.009 -0.1487
1.384191 0.009 -0.1498
1.394221 0.009 -0.1508
1.404324 0.009 -0.1519
1.414500 0.009 -0.1529
1.424750 0.009 -0.1540
1.435075 0.009 -0.1551
1.445474 0.009 -0.1562
1.455948 0.009 -0.1573
1.466499 0.008 -0.1584
1.477126 0.008 -0.1596
1.487830 0.008 -0.1607
1.498611 0.009 -0.1618
1.509471 0.009 -0.1630
1.520409 0.009 -0.1642
1.531426 0.009 -0.1654
1.542524 0.009 -0.1665
1.553701 0.009 -0.1677
1.564960 0.009 -0.1689
1.576301 0.009 -0.1702
1.587723 0.009 -0.1714
1.599228 0.010 -0.1726
1.610817 0.010 -0.1739
1.622490 0.010 -0.1751
1.634247 0.010 -0.1764
1.646089 0.010 -0.1777
1.658018 0.010 -0.1790
1.670032 0.011 -0.1803
1.682134 0.011 -0.1816
1.694323 0.011 -0.1829
1.706601 0.011 -0.1842
1.718968 0.011 -0.1855
1.731424 0.012 -0.1869
1.743971 0.012 -0.1882
1.756608 0.012 -0.1896
1.769338 0.012 -0.1910
1.782159 0.012 -0.1923
1.795073 0.012 -0.1937
1.808081 0.012 -0.1951
1.821183 0.012 -0.1965
1.834380 0.012 -0.1980
1.847673 0.012 -0.1994
1.861062 0.012 -0.2008
1.874548 0.012 -0.2023
1.888132 0.012 -0.2037
1.901814 0.012 -0.2052
1.915595 0.012 -0.2067
1.929476 0.012 -0.2082
1.943458 0.011 -0.2097
1.957541 0.011 -0.2112
1.971726 0.011 -0.2127
1.986014 0.011 -0.2143
2.000406 0.011 -0.2158
2.014901 0.010 -0.2174
2.029502 0.010 -0.2190
2.044209 0.010 -0.2205
2.059022 0.010 -0.2221
2.073943 0.009 -0.2238
2.088971 0.009 -0.2254
2.104109 0.009 -0.2270
2.119356 0.009 -0.2286
2.134714 0.009 -0.2303
2.150183 0.009 -0.2320
2.165764 0.008 -0.2337
2.181458 0.008 -0.2353
2.197266 0.008 -0.2370
2.213188 0.008 -0.2388
2.229226 0.008 -0.2405
2.245379 0.009 -0.2422
2.261650 0.009 -0.2440
2.278039 0.009 -0.2458
2.294547 0.009 -0.2476
2.311174 0.009 -0.2494
2.327922 0.010 -0.2512
2.344791 0.010 -0.2530
2.361782 0.010 -0.2548
2.378897 0.010 -0.2567
2.396135 0.011 -0.2585
2.413499 0.011 -0.2604
2.430988 0.011 -0.2623
2.448604 0.011 -0.2642
2.466347 0.012 -0.2661
2.484219 0.012 -0.2681
2.502221 0.012 -0.2700
2.520353 0.012 -0.2720
2.538617 0.012 -0.2740
2.557013 0.012 -0.2760
2.575542 0.012 -0.2780
2.594205 0.012 -0.2800
2.613004 0.012 -0.2820
2.631939 0.012 -0.2841
2.651011 0.012 -0.2862
2.670221 0.011 -0.2883
2.689571 0.011 -0.2904
2.709061 0.011 -0.2925
2.728691 0.011 -0.2946
2.748465 0.010 -0.2968
2.768381 0.010 -0.2990
2.788442 0.010 -0.3011
2.808648 0.009 -0.3033
2.829001 0.009 -0.3056
2.849501 0.009 -0.3078
2.870150 0.009 -0.3100
2.890948 0.009 -0.3123
2.911897 0.008 -0.3146
2.932998 0.008 -0.3168
2.954251 0.008 -0.3192
2.975659 0.009 -0.3215
2.997222 0.009 -0.3238
3.018941 0.009 -0.3261
3.040818 0.009 -0.3285
3.062853 0.010 -0.3309
3.085047 0.010 -0.3333
3.107403 0.010 -0.3357
3.129920 0.011 -0.3381
3.152601 0.011 -0.3406
3.175446 0.011 -0.3431
3.198457 0.012 -0.3455
3.221634 0.012 -0.3480
3.244979 0.012 -0.3506
3.268494 0.012 -0.3531
3.292179 0.012 -0.3557
3.316035 0.012 -0.3583
3.340064 0.012 -0.3609
3.364268 0.012 -0.3635
3.388647 0.012 -0.3662
3.413202 0.011 -0.3688
3.437936 0.011 -0.3715
3.462849 0.011 -0.3743
3.487942 0.010 -0.3770
3.513217 0.010 -0.3797
3.538675 0.009 -0.3825
3.564318 0.009 -0.3853
3.590146 0.009 -0.3881
3.616162 0.009 -0.3910
3.642366 0.008 -0.3938
3.668760 0.008 -0.3967
3.695346 0.008 -0.3996
3.722124 0.009 -0.4025
3.749096 0.009 -0.4054
3.776263 0.009 -0.4084
3.803627 0.010 -0.4113
3.831190 0.010 -0.4143
3.858953 0.011 -0.4173
3.886916 0.011 -0.4204
3.915082 0.011 -0.4234
3.943453 0.012 -0.4265
3.972028 0.012 -0.4296
4.000811 0.012 -0.4327
4.029803 0.012 -0.4359
4.059005 0.012 -0.4391
4.088418 0.012 -0.4423
4.118044 0.012 -0.4455
4.147885 0.011 -0.4487
4.177942 0.011 -0.4520
4.208218 0.010 -0.4553
4.238712 0.010 -0.4586
4.269427 0.009 -0.4620
4.300366 0.009 -0.4654
4.331528 0.009 -0.4688
4.362916 0.008 -0.4722
4.394531 0.008 -0.4756
4.426376 0.008 -0.4791
4.458451 0.009 -0.4826
4.490759 0.009 -0.4861
4.523301 0.009 -0.4897
4.556079 0.010 -0.4932
4.589094 0.010 -0.4968
4.622348 0.011 -0.5005
4.655844 0.011 -0.5041
4.689582 0.012 -0.5078
4.723564 0.012 -0.5115
4.757793 0.012 -0.5152
4.792270 0.012 -0.5190
4.826997 0.012 -0.5228
4.861975 0.012 -0.5266
4.897207 0.011 -0.5304
4.932695 0.010 -0.5343
4.968439 0.010 -0.5382
5.004442 0.009 -0.5422
5.040706 0.009 -0.5461
5.077234 0.009 -0.5501
5.114025 0.008 -0.5541
5.151084 0.008 -0.5582
5.188410 0.009 -0.5623
5.226008 0.009 -0.5664
5.263878 0.010 -0.5705
5.302022 0.010 -0.5747
5.340442 0.011 -0.5789
5.379142 0.011 -0.5831
5.418121 0.012 -0.5874
5.457383 0.012 -0.5917
5.496929 0.012 -0.5960
5.536762 0.012 -0.6004
5.576884 0.012 -0.6048
5.617296 0.011 -0.6092
5.658002 0.011 -0.6137
5.699002 0.010 -0.6182
5.740299 0.009 -0.6227
5.781896 0.009 -0.6272
5.823794 0.008 -0.6318
5.865995 0.008 -0.6365
5.908503 0.009 -0.6411
5.951318 0.009 -0.6458
5.994444 0.010 -0.6506
6.037882 0.010 -0.6553
6.081635 0.011 -0.6601
6.125705 0.012 -0.6650
6.170095 0.012 -0.6699
6.214806 0.012 -0.6748
6.259841 0.012 -0.6797
6.305202 0.012 -0.6847
6.350892 0.011 -0.6897
6.396913 0.010 -0.6948
6.443268 0.010 -0.6999
6.489959 0.009 -0.7050
6.536988 0.009 -0.7102
6.584357 0.008 -0.7154
6.632070 0.008 -0.7207
6.680129 0.009 -0.7260
6.728536 0.010 -0.7313
6.777294 0.010 -0.7367
6.826405 0.011 -0.7421
6.875872 0.012 -0.7476
6.925697 0.012 -0.7531
6.975884 0.012 -0.7586
7.026434 0.012 -0.7642
7.077350 0.011 -0.7698
7.128635 0.010 -0.7755
7.180293 0.010 -0.7812
7.232324 0.009 -0.7870
7.284732 0.008 -0.7928
7.337520 0.008 -0.7986
7.390691 0.009 -0.8045
7.444247 0.009 -0.8104
7.498191 0.010 -0.8164
7.552526 0.011 -0.8224
7.607255 0.012 -0.8285
7.662380 0.012 -0.8346
7.717905 0.012 -0.8408
7.773832 0.012 -0.8470
7.830165 0.011 -0.8532
7.886905 0.010 -0.8596
7.944057 0.009 -0.8659
8.001623 0.008 -0.8723
8.059606 0.008 -0.8788
8.118009 0.009 -0.8853
8.176836 0.009 -0.8918
8.236088 0.010 -0.8984
8.295770 0.011 -0.9051
8.355885 0.012 -0.9118
8.416435 0.012 -0.9185
8.477424 0.012 -0.9253
8.538855 0.011 -0.9322
8.600731 0.010 -0.9391
8.663055 0.009 -0.9461
8.725832 0.008 -0.9531
8.789063 0.008 -0.9602
8.852752 0.008 -0.9673
8.916902 0.009 -0.9745
8.981518 0.011 -0.9818
9.046602 0.012 -0.9891
9.112157 0.012 -0.9964
9.178188 0.012 -1.0039
9.244696 0.012 -1.0113
9.311687 0.011 -1.0189
9.379164 0.010 -1.0264
9.447129 0.008 -1.0341
9.515587 0.008 -1.0418
9.584541 0.008 -1.0496
9.653994 0.009 -1.0574
9.723951 0.011 -1.0653
9.794415 0.012 -1.0733
9.865389 0.013 -1.0813
9.936878 0.012 -1.0894
10.008884 0.011 -1.0976
10.081413 0.010 -1.1058
10.154467 0.009 -1.1141
10.228051 0.008 -1.1224
10.302167 0.008 -1.1308
10.376821 0.009 -1.1393
10.452016 0.011 -1.1479
10.527755 0.012 -1.1566
10.604044 0.013 -1.1653
10.680885 0.012 -1.1740
10.758283 0.011 -1.1828
10.836242 0.010 -1.1917
10.914766 0.008 -1.2007
10.993859 0.008 -1.2097
11.073525 0.009 -1.2189
11.153768 0.010 -1.2281
11.234593 0.012 -1.2374
11.316003 0.013 -1.2468
11.398004 0.013 -1.2563
11.480599 0.011 -1.2658
11.563792 0.010 -1.2754
11.647588 0.008 -1.2850
11.731991 0.008 -1.2947
11.817006 0.009 -1.3046
11.902637 0.010 -1.3144
11.988888 0.012 -1.3244
12.075764 0.013 -1.3345
12.163270 0.012 -1.3448
12.251411 0.011 -1.3552
12.340189 0.008 -1.3656
12.429611 0.007 -1.3761
12.519681 0.008 -1.3866
12.610404 0.010 -1.3969
12.701784 0.012 -1.4073
12.793827 0.013 -1.4180
12.886536 0.013 -1.4290
12.979917 0.011 -1.4403
13.073975 0.008 -1.4518
13.168715 0.007 -1.4632
13.264140 0.008 -1.4746
13.360258 0.010 -1.4859
13.457072 0.013 -1.4972
13.554587 0.014 -1.5085
13.652809 0.013 -1.5196
13.751743 0.009 -1.5306
13.851394 0.007 -1.5421
13.951767 0.007 -1.5549
14.052867 0.009 -1.5694
14.154700 0.013 -1.5846
14.257271 0.015 -1.5992
14.360585 0.014 -1.6124
14.464648 0.011 -1.6250
14.569465 0.007 -1.6367
14.675041 0.005 -1.6474
14.781382 0.006 -1.6560
14.888494 0.008 -1.6638
14.996382 0.010 -1.6732
15.105052 0.011 -1.6860
15.214510 0.012 -1.7009
15.324760 0.012 -1.7169
15.435810 0.011 -1.7329
15.547664 0.011 -1.7498
15.660329 0.010 -1.7667
15.773810 0.010 -1.7822
15.888114 0.010 -1.7956
16.003246 0.010 -1.8082
16.119212 0.010 -1.8216
16.236018 0.010 -1.8366
16.353671 0.011 -1.8524
16.472176 0.011 -1.8681
16.591541 0.011 -1.8836
16.711770 0.010 -1.8991
16.832870 0.009 -1.9142
16.954848 0.009 -1.9281
17.077710 0.009 -1.9412
17.201462 0.010 -1.9554
17.326111 0.010 -1.9715
17.451663 0.011 -1.9889
17.578125 0.011 -2.0069
17.705503 0.011 -2.0258
17.833805 0.011 -2.0452
17.963036 0.010 -2.0640
18.093203 0.010 -2.0817
18.224314 0.011 -2.0990
18.356375 0.010 -2.1164
18.489393 0.010 -2.1337
18.623375 0.009 -2.1512
18.758327 0.010 -2.1695
18.894258 0.011 -2.1883
19.031174 0.011 -2.2077
19.169081 0.011 -2.2279
19.307988 0.009 -2.2487
19.447902 0.009 -2.2693
19.588829 0.011 -2.2896
19.730778 0.012 -2.3098
19.873756 0.011 -2.3298
20.017769 0.009 -2.3496
20.162826 0.008 -2.3708
20.308934 0.011 -2.3943
20.456101 0.013 -2.4190
20.604334 0.013 -2.4444
20.753642 0.010 -2.4705
20.904031 0.008 -2.4959
21.055511 0.010 -2.5198
21.208087 0.011 -2.5437
21.361770 0.011 -2.5694
21.516566 0.009 -2.5962
21.672484 0.009 -2.6242
21.829532 0.011 -2.6536
21.987718 0.012 -2.6832
22.147050 0.010 -2.7117
22.307536 0.007 -2.7418
22.469186 0.010 -2.7768
22.632007 0.014 -2.8153
22.796008 0.013 -2.8550
22.961197 0.010 -2.8961
23.127583 0.008 -2.9360
23.295175 0.009 -2.9724
23.463982 0.011 -3.0169
23.634011 0.011 -3.0775
23.805273 0.010 -3.1399
23.977776 0.011 -3.1900
24.151529 0.011 -3.2451
24.326541 0.010 -3.3091
24.502821 0.008 -3.4081
24.680379 0.008 -3.6320
24.859223 0.007 -3.9088
25.039363 -0.005 -4.1012
25.220808 -0.043 -4.2090
25.403569 -0.131 -4.0646
25.587654 -0.217 -3.7934
25.773072 -0.185 -3.7896
25.959835 -0.090 -3.9686
26.147950 -0.061 -4.3947
26.337429 -0.140 -4.8175
26.528281 -0.386 -4.5148
26.720516 -0.628 -3.6954
26.914144 -0.609 -2.3328
27.109175 -0.437 -1.0407
27.305619 -0.233 -0.5186
27.503487 -0.076 -0.5091
27.702788 -0.015 -1.0720
27.903534 0.002 -1.6264
28.105735 0.001 -2.0345
28.309400 0.008 -2.2845
28.514542 0.021 -2.3914
28.721170 0.015 -2.5059
28.929296 0.003 -2.6081
29.138929 0.007 -2.6956
29.350082 0.013 -2.7707
29.562765 0.011 -2.8336
29.776989 0.010 -2.8988
29.992765 0.011 -2.9661
30.210105 0.010 -3.0247
30.429020 0.009 -3.0779
30.649521 0.011 -3.1272
30.871620 0.011 -3.1774
31.095328 0.009 -3.2287
31.320658 0.010 -3.2768
31.547620 0.012 -3.3224
31.776228 0.009 -3.3653
32.006491 0.009 -3.4118
32.238423 0.011 -3.4603
32.472036 0.013 -3.5080
32.707342 0.009 -3.5492
32.944353 0.003 -3.5843
33.183081 0.012 -3.6222
33.423540 0.015 -3.6662
33.665740 0.008 -3.7170
33.909696 0.010 -3.7638
34.155420 0.012 -3.8068
34.402924 0.008 -3.8461
34.652222 0.011 -3.8892
34.903326 0.012 -3.9345
35.156250 0.010 -3.9808
35.411007 0.010 -4.0249
35.667609 0.010 -4.0685
35.926072 0.010 -4.1125
36.186407 0.010 -4.1580
36.448628 0.011 -4.2039
36.712750 0.010 -4.2501
36.978786 0.010 -4.2963
37.246749 0.011 -4.3436
37.516655 0.010 -4.3918
37.788516 0.010 -4.4403
38.062347 0.011 -4.4882
38.338162 0.009 -4.5361
38.615977 0.010 -4.5854
38.895804 0.012 -4.6365
39.177659 0.010 -4.6886
39.461556 0.010 -4.7404
39.747511 0.010 -4.7924
40.035538 0.010 -4.8449
40.325652 0.010 -4.8984
40.617868 0.010 -4.9533
40.912202 0.010 -5.0096
41.208669 0.011 -5.0661
41.507284 0.010 -5.1231
41.808063 0.008 -5.1812
42.111021 0.014 -5.2405
42.416175 0.007 -5.2971
42.723540 0.010 -5.3534
43.033132 0.012 -5.4151
43.344968 0.010 -5.4824
43.659064 0.011 -5.5510
43.975435 0.009 -5.6162
44.294099 0.011 -5.6799
44.615073 0.009 -5.7464
44.938372 0.011 -5.8162
45.264014 0.010 -5.8874
45.592016 0.010 -5.9594
45.922394 0.011 -6.0331
46.255167 0.010 -6.1082
46.590351 0.011 -6.1830
46.927964 0.010 -6.2588
47.268023 0.011 -6.3408
47.610547 0.012 -6.4285
47.955552 0.008 -6.5134
48.303058 0.010 -6.5920
48.653082 0.010 -6.6723
49.005642 0.010 -6.7676
49.360757 0.013 -6.8762
49.718446 0.009 -6.9729
50.078726 0.004 -7.0484
50.441617 0.012 -7.1312
50.807138 0.011 -7.2405
51.175307 0.011 -7.3577
51.546145 0.010 -7.4666
51.919669 0.010 -7.5749
52.295901 0.010 -7.6895
52.674858 0.010 -7.8091
53.056562 0.011 -7.9340
53.441032 0.010 -8.0635
53.828287 0.010 -8.1939
54.218349 0.010 -8.3273
54.611238 0.010 -8.4693
55.006973 0.011 -8.6192
55.405577 0.010 -8.7745
55.807068 0.011 -8.9370
56.211469 0.010 -9.1056
56.618801 0.010 -9.2789
57.029084 0.011 -9.4640
57.442340 0.011 -9.6630
57.858591 0.010 -9.8737
58.277858 0.011 -10.0979
58.700164 0.009 -10.3324
59.125529 0.010 -10.5811
59.553977 0.011 -10.8613
59.985530 0.010 -11.1712
60.420210 0.009 -11.5023
60.858039 0.011 -11.8746
61.299042 0.010 -12.3100
61.743240 0.007 -12.8269
62.190657 -0.002 -13.5039
62.641316 -0.035 -14.4254
63.095241 -0.120 -15.4552
63.552455 -0.266 -16.2399
64.012982 -0.419 -16.6597
64.476847 -0.578 -17.0674
64.944073 -0.773 -17.7510
65.414684 -1.077 -18.1983
65.888706 -1.466 -17.2401
66.366163 -1.740 -14.3923
66.847079 -1.767 -10.4983
67.331481 -1.504 -7.0389
67.819392 -1.054 -5.2457
68.310840 -0.573 -5.5718
68.805848 -0.228 -7.4297
69.304444 -0.064 -9.6274
69.806652 -0.009 -11.4256
70.312500 0.007 -12.8118
70.822013 0.010 -14.0354
71.335219 0.010 -15.2368
71.852143 0.011 -16.4958
72.372814 0.010 -17.8745
72.897257 0.009 -19.4472
73.425500 0.006 -21.3247
73.957572 -0.011 -23.7341
74.493499 -0.078 -27.1615
75.033309 -0.303 -32.0552
75.577032 -0.877 -37.7219
76.124694 -1.905 -42.1280
76.676325 -3.233 -43.3287
77.231953 -4.661 -41.0823
77.791608 -6.047 -35.6041
78.355318 -7.194 -26.2946
78.923113 -7.799 -13.6964
79.495022 -7.671 -0.5099
80.071076 -6.901 10.4787
80.651304 -5.757 18.0701
81.235736 -4.479 22.3671
81.824404 -3.228 23.6474
82.417337 -2.132 22.3703
83.014567 -1.267 19.3779
83.616125 -0.644 15.5042
84.222042 -0.259 11.3782
84.832350 -0.077 7.7065
85.447080 -0.012 4.8893
86.066265 0.005 2.7987
86.689936 0.009 1.1405
87.318127 0.010 -0.2557
87.950871 0.010 -1.4732
88.588199 0.010 -2.5629
89.230145 0.010 -3.5589
89.876744 0.010 -4.4852
90.528028 0.010 -5.3599
91.184031 0.010 -6.1970
91.844788 0.010 -7.0082
92.510333 0.010 -7.8031
93.180701 0.010 -8.5905
93.855927 0.010 -9.3774
94.536046 0.010 -10.1719
95.221093 0.010 -10.9818
95.911104 0.010 -11.8126
96.606116 0.010 -12.6738
97.306164 0.010 -13.5740
98.011284 0.010 -14.5226
98.721514 0.010 -15.5318
99.436891 0.010 -16.6157
100.157452 0.010 -17.7883
100.883234 0.010 -19.0755
101.614275 0.010 -20.5110
102.350614 0.010 -22.1324
103.092289 0.009 -24.0039
103.839338 0.004 -26.2314
104.591801 -0.019 -29.0118
105.349716 -0.102 -32.7014
106.113124 -0.336 -37.5925
106.882063 -0.848 -43.1856
107.656575 -1.706 -47.7956
108.436699 -2.801 -49.4055
109.222476 -3.867 -47.5396
110.013947 -4.664 -44.5183
110.811153 -5.256 -43.4204
111.614136 -5.929 -43.9351
112.422939 -6.815 -43.3936
113.237601 -7.809 -40.1785
114.058168 -8.730 -34.9260
114.884680 -9.512 -29.1283
115.717182 -10.181 -22.6061
116.555716 -10.677 -14.1469
117.400327 -10.825 -3.6260
118.251058 -10.513 6.9027
119.107954 -9.861 15.0295
119.971060 -9.080 20.6125
120.840419 -8.253 25.1014
121.716079 -7.289 29.8397
122.598084 -6.088 34.0528
123.486480 -4.755 35.3841
124.381314 -3.556 32.4912
125.282632 -2.736 26.3214
126.190482 -2.401 18.9012
127.104910 -2.544 12.2478
128.025965 -3.041 8.2316
128.953694 -3.655 7.8595
129.888145 -4.117 10.5439
130.829368 -4.280 14.2026
131.777412 -4.195 17.1446
132.732325 -3.978 19.3568
133.694158 -3.637 21.8208
134.662961 -3.057 25.0706
135.638785 -2.198 27.2348
136.621679 -1.307 25.2687
137.611696 -0.702 20.0026
138.608887 -0.434 14.4705
139.613304 -0.418 9.3375
140.625000 -0.637 4.5173
141.644027 -1.046 1.2965
142.670438 -1.465 0.5617
143.704287 -1.706 1.0909
144.745627 -1.796 0.1293
145.794514 -2.006 -3.3707
146.851001 -2.542 -6.6029
147.915144 -3.287 -6.5343
148.986998 -3.962 -3.4753
150.066619 -4.393 0.6001
151.154063 -4.549 4.8783
152.249388 -4.470 8.5371
153.352650 -4.283 10.3806
154.463906 -4.124 11.1539
155.583216 -4.021 11.6773
156.710636 -4.014 11.3619
157.846226 -4.176 10.9061
158.990044 -4.466 11.9940
160.142152 -4.741 15.0745
161.302608 -4.859 19.5756
162.471473 -4.699 25.2604
163.648808 -4.166 31.2957
164.834675 -3.293 35.9078
166.029135 -2.252 37.7410
167.232251 -1.273 36.2224
168.444084 -0.563 31.8379
169.664700 -0.190 26.9066
170.894160 -0.045 23.0809
172.132530 -0.002 20.2715
173.379873 0.008 18.0071
174.636255 0.009 15.9981
175.901741 0.004 14.0610
177.176398 -0.019 12.0016
178.460291 -0.095 9.5485
179.753488 -0.282 6.7664
181.056056 -0.591 4.6690
182.368062 -0.962 3.5277
183.689577 -1.366 2.7291
185.020667 -1.810 2.4891
186.361403 -2.269 3.3199
187.711854 -2.710 4.7503
189.072092 -3.161 6.4141
190.442186 -3.596 9.7752
191.822209 -3.815 16.0082
193.212232 -3.552 24.0649
194.612327 -2.755 31.0699
196.022568 -1.711 33.6967
197.443029 -0.825 31.2708
198.873782 -0.305 26.8928
200.314904 -0.084 23.3736
201.766468 -0.013 21.0634
203.228551 0.006 19.4737
204.701229 0.009 18.2755
206.184578 0.010 17.3142
207.678677 0.010 16.5123
209.183602 0.010 15.8253
210.699433 0.010 15.2250
212.226248 0.010 14.6924
213.764127 0.010 14.2140
215.313149 0.010 13.7800
216.873397 0.010 13.3831
218.444951 0.010 13.0176
220.027894 0.010 12.6788
221.622306 0.010 12.3633
223.228273 0.010 12.0681
224.845877 0.010 11.7909
226.475203 0.010 11.5296
228.116336 0.010 11.2825
229.769361 0.010 11.0482
231.434364 0.010 10.8256
233.111433 0.010 10.6135
234.800654 0.010 10.4110
236.502117 0.010 10.2174
238.215909 0.010 10.0319
239.942119 0.010 9.8539
241.680839 0.010 9.6828
243.432158 0.010 9.5182
245.196168 0.010 9.3597
246.972960 0.010 9.2067
248.762628 0.010 9.0590
250.565264 0.010 8.9162
252.380964 0.010 8.7781
254.209820 0.010 8.6443
256.051929 0.010 8.5146
257.907387 0.010 8.3888
259.776290 0.010 8.2665
261.658736 0.010 8.1472
263.554824 0.010 8.0307
265.464650 0.010 7.9207
267.388317 0.010 7.8155
269.325923 0.010 7.7084
271.277569 0.010 7.6038
273.243358 0.010 7.5026
275.223392 0.010 7.4041
277.217775 0.010 7.3080
279.226609 0.010 7.2143
281.250000 0.010 7.1227
283.288053 0.010 7.0333
285.340875 0.010 6.9459
287.408573 0.010 6.8604
289.491254 0.010 6.7768
291.589027 0.010 6.6950
293.702001 0.010 6.6149
295.830287 0.010 6.5365
297.973995 0.010 6.4597
300.133238 0.010 6.3844
302.308127 0.010 6.3105
304.498776 0.010 6.2381
306.705300 0.010 6.1670
308.927813 0.010 6.0971
311.166431 0.010 6.0281
313.421271 0.010 5.9598
315.692451 0.010 5.8950
317.980089 0.010 5.8357
320.284304 0.010 5.7739
322.605216 0.010 5.7103
324.942946 0.010 5.6482
327.297617 0.010 5.5877
329.669350 0.010 5.5284
332.058270 0.010 5.4701
334.464501 0.010 5.4129
336.888169 0.010 5.3567
339.329399 0.010 5.3013
341.788320 0.010 5.2469
344.265059 0.010 5.1934
346.759746 0.010 5.1407
349.272510 0.010 5.0888
351.803482 0.010 5.0378
354.352795 0.010 4.9875
356.920582 0.010 4.9380
359.506975 0.010 4.8892
362.112111 0.010 4.8412
364.736125 0.010 4.7939
367.379153 0.010 4.7472
370.041334 0.010 4.7013
372.722806 0.010 4.6560
375.423709 0.010 4.6113
378.144184 0.010 4.5673
380.884373 0.010 4.5238
383.644418 0.010 4.4810
386.424463 0.010 4.4388
389.224654 0.010 4.3971
392.045137 0.010 4.3560
394.886057 0.010 4.3155
397.747564 0.010 4.2755
400.629807 0.010 4.2360
403.532936 0.010 4.1970
406.457102 0.010 4.1586
409.402458 0.010 4.1206
412.369157 0.010 4.0831
415.357354 0.010 4.0461
418.367204 0.010 4.0096
421.398865 0.010 3.9735
424.452495 0.010 3.9379
427.528253 0.010 3.9027
430.626299 0.010 3.8679
433.746795 0.010 3.8335
436.889903 0.010 3.7996
440.055787 0.010 3.7661
443.244613 0.010 3.7329
446.456546 0.010 3.7002
449.691754 0.010 3.6678
452.950406 0.010 3.6359
456.232671 0.010 3.6043
459.538721 0.010 3.5730
462.868728 0.010 3.5421
466.222866 0.010 3.5116
469.601309 0.010 3.4814
473.004234 0.010 3.4516
476.431817 0.010 3.4220
479.884239 0.010 3.3929
483.361678 0.010 3.3640
486.864316 0.010 3.3354
490.392335 0.010 3.3072
493.945920 0.010 3.2793
497.525256 0.010 3.2516
501.130529 0.010 3.2243
504.761927 0.010 3.1973
508.419640 0.010 3.1705
512.103859 0.010 3.1441
515.814774 0.010 3.1179
519.552581 0.010 3.0920
523.317473 0.010 3.0663
527.109647 0.010 3.0409
530.929301 0.010 3.0158
534.776633 0.010 2.9910
538.651845 0.010 2.9664
542.555139 0.010 2.9420
546.486717 0.010 2.9179
550.446785 0.010 2.8940
554.435549 0.010 2.8704
558.453218 0.010 2.8470
562.500000 0.010 2.8239
566.576107 0.010 2.8009
570.681751 0.010 2.7782
574.817146 0.010 2.7558
578.982508 0.010 2.7335
583.178054 0.010 2.7115
587.404003 0.010 2.6896
591.660574 0.010 2.6680
595.947991 0.010 2.6466
600.266475 0.010 2.6254
604.616254 0.010 2.6044
608.997552 0.010 2.5836
613.410600 0.010 2.5630
617.855626 0.010 2.5426
622.332862 0.010 2.5224
626.842543 0.010 2.5024
631.384902 0.010 2.4825
635.960177 0.010 2.4629
640.568607 0.010 2.4434
645.210431 0.010 2.4241
649.885892 0.010 2.4050
654.595233 0.010 2.3861
659.338700 0.010 2.3673
664.116540 0.010 2.3487
668.929002 0.010 2.3303
673.776337 0.010 2.3120
678.658799 0.010 2.2939
683.576640 0.010 2.2760
688.530118 0.010 2.2582
693.519491 0.010 2.2406
698.545019 0.010 2.2232
703.606964 0.010 2.2059
708.705591 0.010 2.1887
713.841163 0.010 2.1717
719.013951 0.010 2.1549
724.224222 0.010 2.1382
729.472249 0.010 2.1216
734.758306 0.010 2.1052
740.082668 0.010 2.0890
745.445612 0.010 2.0729
750.847418 0.010 2.0569
756.288368 0.010 2.0411
761.768745 0.010 2.0254
767.288835 0.010 2.0098
772.848927 0.010 1.9944
778.449309 0.010 1.9791
784.090273 0.010 1.9639
789.772115 0.010 1.9488
795.495129 0.010 1.9339
801.259614 0.010 1.9191
807.065872 0.010 1.9045
812.914204 0.010 1.8899
818.804915 0.010 1.8755
824.738313 0.010 1.8612
830.714707 0.010 1.8471
836.734408 0.010 1.8330
842.797731 0.010 1.8191
848.904991 0.010 1.8053
855.056506 0.010 1.7916
861.252598 0.010 1.7780
867.493589 0.010 1.7645
873.779805 0.010 1.7511
880.111574 0.010 1.7379
886.489225 0.010 1.7247
892.913092 0.010 1.7117
899.383508 0.010 1.6987
905.900812 0.010 1.6859
912.465342 0.010 1.6732
919.077442 0.010 1.6606
925.737456 0.010 1.6481
932.445732 0.010 1.6356
939.202618 0.010 1.6233
946.008467 0.010 1.6111
952.863634 0.010 1.5990
959.768477 0.010 1.5870
966.723355 0.010 1.5751
973.728631 0.010 1.5633
980.784670 0.010 1.5515
987.891840 0.010 1.5399
995.050512 0.010 1.5284
1002.261058 0.010 1.5169
1009.523855 0.010 1.5055
1016.839281 0.010 1.4943
1024.207717 0.010 1.4831
1031.629549 0.010 1.4720
1039.105162 0.010 1.4610
1046.634946 0.010 1.4501
1054.219294 0.010 1.4393
1061.858602 0.010 1.4285
1069.553267 0.010 1.4179
1077.303691 0.010 1.4073
1085.110277 0.010 1.3968
1092.973434 0.010 1.3864
1100.893570 0.010 1.3761
1108.871098 0.010 1.3659
1116.906436 0.010 1.3557
1125.000000 0.010 1.3456
1133.152214 0.010 1.3356
1141.363502 0.010 1.3257
1149.634292 0.010 1.3158
1157.965016 0.010 1.3061
1166.356108 0.010 1.2964
1174.808005 0.010 1.2867
1183.321148 0.010 1.2772
1191.895981 0.010 1.2677
1200.532951 0.010 1.2583
1209.232507 0.010 1.2490
1217.995105 0.010 1.2397
1226.821199 0.010 1.2306
1235.711251 0.010 1.2214
1244.665724 0.010 1.2124
1253.685085 0.010 1.2034
1262.769804 0.010 1.1945
1271.920355 0.010 1.1857
1281.137214 0.010 1.1769
1290.420862 0.010 1.1682
1299.771784 0.010 1.1596
1309.190466 0.010 1.1510
1318.677400 0.010 1.1425
1328.233080 0.010 1.1341
1337.858004 0.010 1.1257
1347.552675 0.010 1.1174
1357.317597 0.010 1.1092
1367.153280 0.010 1.1010
1377.060236 0.010 1.0928
1387.038982 0.010 1.0848
1397.090039 0.010 1.0768
1407.213929 0.010 1.0688
1417.411181 0.010 1.0610
1427.682327 0.010 1.0532
1438.027902 0.010 1.0454
1448.448444 0.010 1.0377
1458.944499 0.010 1.0300
1469.516612 0.010 1.0225
1480.165335 0.010 1.0149
1490.891224 0.010 1.0075
1501.694836 0.010 1.0000
1512.576736 0.010 0.9927
1523.537490 0.010 0.9854
1534.577671 0.010 0.9781
1545.697853 0.010 0.9709
1556.898617 0.010 0.9638
1568.180546 0.010 0.9567
1579.544229 0.010 0.9497
1590.990258 0.010 0.9427
1602.519229 0.010 0.9357
1614.131744 0.010 0.9289
1625.828408 0.010 0.9220
1637.609831 0.010 0.9153
1649.476627 0.010 0.9085
1661.429414 0.010 0.9019
1673.468817 0.010 0.8952
1685.595461 0.010 0.8887
1697.809981 0.010 0.8821
1710.113012 0.010 0.8756
1722.505196 0.010 0.8692
1734.987179 0.010 0.8628
1747.559611 0.010 0.8565
1760.223148 0.010 0.8502
1772.978451 0.010 0.8440
1785.826183 0.010 0.8378
1798.767016 0.010 0.8316
1811.801623 0.010 0.8255
1824.930685 0.010 0.8194
1838.154885 0.010 0.8134
1851.474913 0.010 0.8074
1864.891463 0.010 0.8015
1878.405236 0.010 0.7956
1892.016934 0.010 0.7898
1905.727269 0.010 0.7840
1919.536954 0.010 0.7782
1933.446710 0.010 0.7725
1947.457262 0.010 0.7668
1961.569340 0.010 0.7612
1975.783680 0.010 0.7556
1990.101023 0.010 0.7501
2004.522116 0.010 0.7446
2019.047709 0.010 0.7391
2033.678561 0.010 0.7337
2048.415435 0.010 0.7283
2063.259097 0.010 0.7229
2078.210323 0.010 0.7176
2093.269892 0.010 0.7123
2108.438588 0.010 0.7071
2123.717204 0.010 0.7019
2139.106534 0.010 0.6968
2154.607382 0.010 0.6916
2170.220555 0.010 0.6866
2185.946868 0.010 0.6815
2201.787140 0.010 0.6765
2217.742197 0.010 0.6715
2233.812871 0.010 0.6666
2250.000000 0.010 0.6617
2266.304428 0.010 0.6568
2282.727004 0.010 0.6520
2299.268584 0.010 0.6472
2315.930032 0.010 0.6424
2332.712216 0.010 0.6377
2349.616010 0.010 0.6330
2366.642297 0.010 0.6284
2383.791962 0.010 0.6237
2401.065902 0.010 0.6191
2418.465015 0.010 0.6146
2435.990209 0.010 0.6101
2453.642398 0.010 0.6056
2471.422503 0.010 0.6011
2489.331449 0.010 0.5967
2507.370171 0.010 0.5923
2525.539609 0.010 0.5879
2543.840710 0.010 0.5836
2562.274428 0.010 0.5793
2580.841725 0.010 0.5750
2599.543568 0.010 0.5708
2618.380932 0.010 0.5666
2637.354800 0.010 0.5624
2656.466160 0.010 0.5582
2675.716009 0.010 0.5541
2695.105350 0.010 0.5500
2714.635194 0.010 0.5460
2734.306560 0.010 0.5419
2754.120472 0.010 0.5379
2774.077965 0.010 0.5340
2794.180077 0.010 0.5300
2814.427858 0.010 0.5261
2834.822362 0.010 0.5222
2855.364654 0.010 0.5183
2876.055803 0.010 0.5145
2896.896889 0.010 0.5107
2917.888998 0.010 0.5069
2939.033224 0.010 0.5032
2960.330671 0.010 0.4994
2981.782447 0.010 0.4957
3003.389672 0.010 0.4921
3025.153472 0.010 0.4884
3047.074981 0.010 0.4848
3069.155342 0.010 0.4812
3091.395707 0.010 0.4776
3113.797234 0.010 0.4741
3136.361093 0.010 0.4706
3159.088458 0.010 0.4671
3181.980515 0.010 0.4636
3205.038458 0.010 0.4602
3228.263488 0.010 0.4567
3251.656816 0.010 0.4533
3275.219661 0.010 0.4500
3298.953253 0.010 0.4466
3322.858828 0.010 0.4433
3346.937633 0.010 0.4400
3371.190923 0.010 0.4367
3395.619962 0.010 0.4334
3420.226024 0.010 0.4302
3445.010392 0.010 0.4270
3469.974357 0.010 0.4238
3495.119222 0.010 0.4206
3520.446296 0.010 0.4175
3545.956901 0.010 0.4144
3571.652367 0.010 0.4113
3597.534032 0.010 0.4082
3623.603247 0.010 0.4051
3649.861370 0.010 0.4021
3676.309770 0.010 0.3991
3702.949826 0.010 0.3961
3729.782927 0.010 0.3931
3756.810471 0.010 0.3902
3784.033869 0.010 0.3872
3811.454538 0.010 0.3843
3839.073909 0.010 0.3814
3866.893421 0.010 0.3786
3894.914525 0.010 0.3757
3923.138681 0.010 0.3729
3951.567361 0.010 0.3701
3980.202047 0.010 0.3673
4009.044232 0.010 0.3645
4038.095419 0.010 0.3618
4067.357123 0.010 0.3590
4096.830869 0.010 0.3563
4126.518194 0.010 0.3536
4156.420646 0.010 0.3509
4186.539784 0.010 0.3483
4216.877177 0.010 0.3456
4247.434407 0.010 0.3430
4278.213068 0.010 0.3404
4309.214763 0.010 0.3378
4340.441110 0.010 0.3353
4371.893735 0.010 0.3327
4403.574279 0.010 0.3302
4435.484394 0.010 0.3277
4467.625742 0.010 0.3252
4500.000000 0.010 0.3227
4532.608855 0.010 0.3202
4565.454007 0.010 0.3178
4598.537169 0.010 0.3153
4631.860065 0.010 0.3129
4665.424432 0.010 0.3105
4699.232021 0.010 0.3081
4733.284593 0.010 0.3058
4767.583925 0.010 0.3034
4802.131803 0.010 0.3011
4836.930030 0.010 0.2987
4871.980419 0.010 0.2964
4907.284797 0.010 0.2942
4942.845006 0.010 0.2919
4978.662898 0.010 0.2896
5014.740342 0.010 0.2874
5051.079217 0.010 0.2852
5087.681420 0.010 0.2829
5124.548856 0.010 0.2807
5161.683450 0.010 0.2786
5199.087136 0.010 0.2764
5236.761864 0.010 0.2742
5274.709600 0.010 0.2721
5312.932320 0.010 0.2700
5351.432018 0.010 0.2679
5390.210700 0.010 0.2658
5429.270389 0.010 0.2637
5468.613120 0.010 0.2616
5508.240945 0.010 0.2596
5548.155929 0.010 0.2575
5588.360154 0.010 0.2555
5628.855716 0.010 0.2535
5669.644725 0.010 0.2515
5710.729307 0.010 0.2495
5752.111606 0.010 0.2475
5793.793778 0.010 0.2455
5835.777996 0.010 0.2436
5878.066449 0.010 0.2416
5920.661342 0.010 0.2397
5963.564894 0.010 0.2378
6006.779344 0.010 0.2359
6050.306943 0.010 0.2340
6094.149961 0.010 0.2321
6138.310684 0.010 0.2303
6182.791414 0.010 0.2284
6227.594469 0.010 0.2266
6272.722186 0.010 0.2248
6318.176916 0.010 0.2229
6363.961031 0.010 0.2211
6410.076916 0.010 0.2193
6456.526975 0.010 0.2176
6503.313631 0.010 0.2158
6550.439323 0.010 0.2140
6597.906506 0.010 0.2123
6645.717657 0.010 0.2106
6693.875266 0.010 0.2088
6742.381846 0.010 0.2071
6791.239924 0.010 0.2054
6840.452048 0.010 0.2037
6890.020784 0.010 0.2020
6939.948714 0.010 0.2004
6990.238444 0.010 0.1987
7040.892593 0.010 0.1970
7091.913803 0.010 0.1954
7143.304734 0.010 0.1938
7195.068065 0.010 0.1921
7247.206494 0.010 0.1905
7299.722739 0.010 0.1889
7352.619540 0.010 0.1873
7405.899652 0.010 0.1858
7459.565853 0.010 0.1842
7513.620943 0.010 0.1826
7568.067737 0.010 0.1811
7622.909076 0.010 0.1795
7678.147817 0.010 0.1780
7733.786842 0.010 0.1765
7789.829049 0.010 0.1749
7846.277361 0.010 0.1734
7903.134722 0.010 0.1719
7960.404094 0.010 0.1704
8018.088463 0.010 0.1690
8076.190838 0.010 0.1675
8134.714246 0.010 0.1660
8193.661738 0.010 0.1646
8253.036389 0.010 0.1631
8312.841293 0.010 0.1617
8373.079567 0.010 0.1603
8433.754353 0.010 0.1588
8494.868814 0.010 0.1574
8556.426135 0.010 0.1560
8618.429526 0.010 0.1546
8680.882219 0.010 0.1532
8743.787470 0.010 0.1518
8807.148559 0.010 0.1505
8870.968788 0.010 0.1491
8935.251484 0.010 0.1477
9000.000000 0.010 0.1464
9065.217710 0.010 0.1450
9130.908014 0.010 0.1437
9197.074338 0.010 0.1424
9263.720130 0.010 0.1411
9330.848865 0.010 0.1397
9398.464042 0.010 0.1384
9466.569187 0.010 0.1371
9535.167849 0.010 0.1358
9604.263606 0.010 0.1345
9673.860059 0.010 0.1333
9743.960837 0.010 0.1320
9814.569594 0.010 0.1307
9885.690011 0.010 0.1295
9957.325796 0.010 0.1282
10029.480683 0.010 0.1270
10102.158435 0.010 0.1257
10175.362839 0.010 0.1245
10249.097713 0.010 0.1232
10323.366900 0.010 0.1220
10398.174272 0.010 0.1208
10473.523729 0.010 0.1196
10549.419199 0.010 0.1184
10625.864640 0.010 0.1172
10702.864035 0.010 0.1160
10780.421400 0.010 0.1148
10858.540777 0.010 0.1136
10937.226240 0.010 0.1125
11016.481890 0.010 0.1113
11096.311859 0.010 0.1101
11176.720309 0.010 0.1090
11257.711431 0.010 0.1078
11339.289449 0.010 0.1066
11421.458615 0.010 0.1055
11504.223212 0.010 0.1044
11587.587556 0.010 0.1032
11671.555992 0.010 0.1021
11756.132898 0.010 0.1010
11841.322683 0.010 0.0999
11927.129788 0.010 0.0987
12013.558688 0.010 0.0976
12100.613886 0.010 0.0965
12188.299922 0.010 0.0954
12276.621368 0.010 0.0943
12365.582827 0.010 0.0932
12455.188938 0.010 0.0921
12545.444371 0.010 0.0911
12636.353832 0.010 0.0900
12727.922061 0.010 0.0889
12820.153831 0.010 0.0878
12913.053951 0.010 0.0868
13006.627263 0.010 0.0857
13100.878646 0.010 0.0846
13195.813013 0.010 0.0836
13291.435313 0.010 0.0825
13387.750533 0.010 0.0815
13484.763692 0.010 0.0804
13582.479848 0.010 0.0794
13680.904096 0.010 0.0783
13780.041567 0.010 0.0773
13879.897429 0.010 0.0763
13980.476887 0.010 0.0752
14081.785186 0.010 0.0742
14183.827606 0.010 0.0732
14286.609468 0.010 0.0722
14390.136129 0.010 0.0711
14494.412988 0.010 0.0701
14599.445479 0.010 0.0691
14705.239079 0.010 0.0681
14811.799303 0.010 0.0671
14919.131707 0.010 0.0661
15027.241885 0.010 0.0651
15136.135475 0.010 0.0641
15245.818152 0.010 0.0631
15356.295635 0.010 0.0621
15467.573683 0.010 0.0611
15579.658098 0.010 0.0601
15692.554723 0.010 0.0591
15806.269443 0.010 0.0581
15920.808187 0.010 0.0571
16036.176927 0.010 0.0562
16152.381675 0.010 0.0552
16269.428491 0.010 0.0542
16387.323477 0.010 0.0532
16506.072778 0.010 0.0522
16625.682585 0.010 0.0512
16746.159135 0.010 0.0503
16867.508707 0.010 0.0493
16989.737628 0.010 0.0483
17112.852271 0.010 0.0473
17236.859053 0.010 0.0464
17361.764439 0.010 0.0454
17487.574941 0.010 0.0444
17614.297118 0.010 0.0434
17741.937576 0.010 0.0425
17870.502969 0.010 0.0415
18000.000000 0.010 0.0405
18130.435420 0.010 0.0395
18261.816029 0.010 0.0386
18394.148676 0.010 0.0376
18527.440260 0.010 0.0366
18661.697729 0.010 0.0356
18796.928084 0.010 0.0346
18933.138373 0.010 0.0337
19070.335698 0.010 0.0327
19208.527212 0.010 0.0317
19347.720119 0.010 0.0307
19487.921674 0.010 0.0297
19629.139188 0.010 0.0288
19771.380022 0.010 0.0278
19914.651592 0.010 0.0268
20058.961367 0.010 0.0258
20204.316870 0.010 0.0248
20350.725678 0.010 0.0238
20498.195426 0.010 0.0228
20646.733800 0.010 0.0218
20796.348544 0.010 0.0208
20947.047458 0.010 0.0198
21098.838399 0.010 0.0188
21251.729279 0.010 0.0178
21405.728070 0.010 0.0168
21560.842800 0.010 0.0157
21717.081554 0.010 0.0147
21874.452480 0.010 0.0137
22032.963779 0.010 0.0127
22192.623718 0.010 0.0116
22353.440617 0.010 0.0106
22515.422863 0.010 0.0095
22678.578898 0.010 0.0085
22842.917229 0.010 0.0074
23008.446424 0.010 0.0063
23175.175112 0.010 0.0053
23343.111984 0.010 0.0042
23512.265796 0.010 0.0033
23682.645366 0.010 0.0028
23854.259577 0.010 0.0030
24027.117375 0.010 0.0038
