* Measurement data measured by REW V5.40 beta 100
* Source: 
* Format: 
* Dated: Sep 23, 2025 2:19:16 PM
* REW Settings:
*  C-weighting compensation: Off
*  Target level: 69.5 dB
* Note: ; Minimum phase copy of RX Cal file effects included No LF tail No HF tail
* Measurement: RX-MP
* Smoothing: Psychoacoustic
* Frequency Step: 96 ppo
* Start Frequency: 1.0986328 Hz
*
* Freq(Hz) SPL(dB) Phase(degrees)
1.098633 53.736 -11.8761
1.106594 53.627 -11.9218
1.114613 53.511 -11.9663
1.122690 53.389 -12.0086
1.130825 53.260 -12.0478
1.139020 53.124 -12.0829
1.147273 52.981 -12.1125
1.155587 52.830 -12.1353
1.163961 52.673 -12.1496
1.172395 52.509 -12.1537
1.180891 52.338 -12.1455
1.189448 52.160 -12.1227
1.198068 51.976 -12.0828
1.206749 51.785 -12.0228
1.215494 51.588 -11.9398
1.224302 51.385 -11.8300
1.233174 51.176 -11.6895
1.242110 50.962 -11.5140
1.251111 50.743 -11.2987
1.260177 50.520 -11.0382
1.269308 50.294 -10.7267
1.278506 50.065 -10.3577
1.287771 49.834 -9.9244
1.297103 49.603 -9.4193
1.306502 49.374 -8.8344
1.315969 49.147 -8.1613
1.325505 48.925 -7.3914
1.335111 48.712 -6.5157
1.344785 48.509 -5.5255
1.354530 48.320 -4.4124
1.364346 48.149 -3.1691
1.374232 48.000 -1.7893
1.384191 47.877 -0.2688
1.394221 47.784 1.3939
1.404324 47.723 3.1970
1.414500 47.699 5.1347
1.424750 47.711 7.1967
1.435075 47.762 9.3679
1.445474 47.849 11.6286
1.455948 47.970 13.9545
1.466499 48.123 16.3182
1.477126 48.304 18.6903
1.487830 48.509 21.0406
1.498611 48.733 23.3400
1.509471 48.974 25.5621
1.520409 49.227 27.6837
1.531426 49.489 29.6862
1.542524 49.757 31.5556
1.553701 50.029 33.2824
1.564960 50.303 34.8613
1.576301 50.577 36.2904
1.587723 50.849 37.5711
1.599228 51.119 38.7066
1.610817 51.386 39.7021
1.622490 51.648 40.5637
1.634247 51.904 41.2981
1.646089 52.156 41.9125
1.658018 52.401 42.4139
1.670032 52.639 42.8091
1.682134 52.871 43.1047
1.694323 53.095 43.3070
1.706601 53.311 43.4217
1.718968 53.520 43.4542
1.731424 53.721 43.4094
1.743971 53.913 43.2918
1.756608 54.097 43.1056
1.769338 54.272 42.8549
1.782159 54.439 42.5431
1.795073 54.597 42.1739
1.808081 54.746 41.7506
1.821183 54.885 41.2764
1.834380 55.016 40.7546
1.847673 55.137 40.1883
1.861062 55.249 39.5811
1.874548 55.351 38.9360
1.888132 55.444 38.2568
1.901814 55.528 37.5470
1.915595 55.602 36.8104
1.929476 55.667 36.0510
1.943458 55.722 35.2727
1.957541 55.768 34.4799
1.971726 55.804 33.6768
1.986014 55.831 32.8680
2.000406 55.849 32.0580
2.014901 55.857 31.2514
2.029502 55.856 30.4527
2.044209 55.845 29.6667
2.059022 55.826 28.8979
2.073943 55.797 28.1508
2.088971 55.760 27.4299
2.104109 55.713 26.7394
2.119356 55.658 26.0835
2.134714 55.595 25.4664
2.150183 55.524 24.8920
2.165764 55.444 24.3640
2.181458 55.357 23.8860
2.197266 55.263 23.4617
2.213188 55.161 23.0943
2.229226 55.054 22.7869
2.245379 54.940 22.5427
2.261650 54.822 22.3644
2.278039 54.699 22.2546
2.294547 54.573 22.2156
2.311174 54.445 22.2494
2.327922 54.316 22.3575
2.344791 54.188 22.5409
2.361782 54.061 22.8000
2.378897 53.938 23.1344
2.396135 53.821 23.5427
2.413499 53.712 24.0225
2.430988 53.613 24.5705
2.448604 53.525 25.1816
2.466347 53.452 25.8500
2.484219 53.394 26.5681
2.502221 53.354 27.3272
2.520353 53.332 28.1176
2.538617 53.329 28.9286
2.557013 53.346 29.7487
2.575542 53.382 30.5661
2.594205 53.435 31.3692
2.613004 53.505 32.1465
2.631939 53.590 32.8872
2.651011 53.689 33.5815
2.670221 53.798 34.2205
2.689571 53.916 34.7968
2.709061 54.041 35.3045
2.728691 54.170 35.7387
2.748465 54.302 36.0963
2.768381 54.434 36.3751
2.788442 54.566 36.5743
2.808648 54.696 36.6940
2.829001 54.823 36.7353
2.849501 54.945 36.7001
2.870150 55.061 36.5909
2.890948 55.172 36.4106
2.911897 55.275 36.1629
2.932998 55.371 35.8515
2.954251 55.459 35.4807
2.975659 55.539 35.0548
2.997222 55.610 34.5784
3.018941 55.672 34.0562
3.040818 55.724 33.4930
3.062853 55.768 32.8936
3.085047 55.802 32.2629
3.107403 55.827 31.6058
3.129920 55.842 30.9272
3.152601 55.848 30.2317
3.175446 55.844 29.5242
3.198457 55.831 28.8091
3.221634 55.808 28.0912
3.244979 55.777 27.3746
3.268494 55.736 26.6638
3.292179 55.687 25.9630
3.316035 55.628 25.2760
3.340064 55.562 24.6071
3.364268 55.487 23.9600
3.388647 55.404 23.3387
3.413202 55.313 22.7469
3.437936 55.215 22.1885
3.462849 55.109 21.6674
3.487942 54.997 21.1874
3.513217 54.879 20.7524
3.538675 54.755 20.3665
3.564318 54.625 20.0338
3.590146 54.490 19.7585
3.616162 54.351 19.5448
3.642366 54.208 19.3972
3.668760 54.062 19.3201
3.695346 53.913 19.3182
3.722124 53.763 19.3958
3.749096 53.611 19.5577
3.776263 53.459 19.8084
3.803627 53.307 20.1521
3.831190 53.157 20.5930
3.858953 53.009 21.1350
3.886916 52.864 21.7812
3.915082 52.724 22.5344
3.943453 52.590 23.3962
3.972028 52.464 24.3672
4.000811 52.345 25.4470
4.029803 52.237 26.6330
4.059005 52.139 27.9212
4.088418 52.054 29.3054
4.118044 51.982 30.7772
4.147885 51.925 32.3261
4.177942 51.884 33.9391
4.208218 51.858 35.6015
4.238712 51.848 37.2967
4.269427 51.854 39.0073
4.300366 51.876 40.7151
4.331528 51.913 42.4019
4.362916 51.964 44.0504
4.394531 52.028 45.6446
4.426376 52.103 47.1703
4.458451 52.188 48.6154
4.490759 52.280 49.9704
4.523301 52.380 51.2281
4.556079 52.484 52.3838
4.589094 52.592 53.4352
4.622348 52.702 54.3817
4.655844 52.812 55.2247
4.689582 52.923 55.9671
4.723564 53.032 56.6130
4.757793 53.138 57.1673
4.792270 53.242 57.6356
4.826997 53.342 58.0241
4.861975 53.439 58.3394
4.897207 53.531 58.5880
4.932695 53.618 58.7766
4.968439 53.701 58.9120
5.004442 53.779 59.0006
5.040706 53.852 59.0491
5.077234 53.920 59.0636
5.114025 53.984 59.0503
5.151084 54.044 59.0151
5.188410 54.100 58.9637
5.226008 54.152 58.9019
5.263878 54.200 58.8351
5.302022 54.245 58.7686
5.340442 54.288 58.7079
5.379142 54.328 58.6583
5.418121 54.366 58.6249
5.457383 54.402 58.6131
5.496929 54.436 58.6282
5.536762 54.470 58.6753
5.576884 54.503 58.7597
5.617296 54.536 58.8866
5.658002 54.570 59.0609
5.699002 54.604 59.2874
5.740299 54.639 59.5706
5.781896 54.675 59.9144
5.823794 54.714 60.3222
5.865995 54.755 60.7965
5.908503 54.799 61.3387
5.951318 54.847 61.9490
5.994444 54.898 62.6263
6.037882 54.954 63.3678
6.081635 55.015 64.1691
6.125705 55.080 65.0238
6.170095 55.151 65.9241
6.214806 55.227 66.8603
6.259841 55.307 67.8217
6.305202 55.393 68.7964
6.350892 55.483 69.7718
6.396913 55.577 70.7357
6.443268 55.675 71.6757
6.489959 55.776 72.5808
6.536988 55.879 73.4408
6.584357 55.984 74.2474
6.632070 56.091 74.9939
6.680129 56.198 75.6755
6.728536 56.305 76.2891
6.777294 56.411 76.8336
6.826405 56.516 77.3093
6.875872 56.620 77.7180
6.925697 56.723 78.0627
6.975884 56.823 78.3474
7.026434 56.921 78.5767
7.077350 57.017 78.7560
7.128635 57.111 78.8910
7.180293 57.202 78.9876
7.232324 57.292 79.0522
7.284732 57.379 79.0908
7.337520 57.465 79.1099
7.390691 57.549 79.1156
7.444247 57.632 79.1142
7.498191 57.714 79.1119
7.552526 57.796 79.1148
7.607255 57.878 79.1290
7.662380 57.960 79.1603
7.717905 58.043 79.2146
7.773832 58.127 79.2977
7.830165 58.214 79.4151
7.886905 58.303 79.5721
7.944057 58.396 79.7737
8.001623 58.494 80.0245
8.059606 58.596 80.3285
8.118009 58.703 80.6892
8.176836 58.817 81.1091
8.236088 58.937 81.5897
8.295770 59.064 82.1316
8.355885 59.198 82.7338
8.416435 59.339 83.3942
8.477424 59.488 84.1091
8.538855 59.644 84.8733
8.600731 59.807 85.6801
8.663055 59.975 86.5215
8.725832 60.150 87.3886
8.789063 60.330 88.2713
8.852752 60.514 89.1592
8.916902 60.701 90.0417
8.981518 60.892 90.9084
9.046602 61.085 91.7497
9.112157 61.279 92.5569
9.178188 61.475 93.3223
9.244696 61.671 94.0400
9.311687 61.866 94.7053
9.379164 62.062 95.3152
9.447129 62.257 95.8682
9.515587 62.450 96.3640
9.584541 62.643 96.8036
9.653994 62.835 97.1889
9.723951 63.025 97.5223
9.794415 63.215 97.8069
9.865389 63.403 98.0459
9.936878 63.590 98.2424
10.008884 63.777 98.3995
10.081413 63.962 98.5199
10.154467 64.147 98.6059
10.228051 64.331 98.6591
10.302167 64.514 98.6810
10.376821 64.697 98.6723
10.452016 64.878 98.6334
10.527755 65.058 98.5642
10.604044 65.236 98.4646
10.680885 65.412 98.3343
10.758283 65.586 98.1729
10.836242 65.757 97.9802
10.914766 65.925 97.7563
10.993859 66.090 97.5016
11.073525 66.251 97.2168
11.153768 66.407 96.9031
11.234593 66.559 96.5622
11.316003 66.706 96.1960
11.398004 66.847 95.8073
11.480599 66.983 95.3990
11.563792 67.114 94.9743
11.647588 67.238 94.5369
11.731991 67.357 94.0906
11.817006 67.470 93.6392
11.902637 67.577 93.1867
11.988888 67.678 92.7366
12.075764 67.775 92.2925
12.163270 67.866 91.8574
12.251411 67.953 91.4339
12.340189 68.036 91.0238
12.429611 68.115 90.6285
12.519681 68.191 90.2486
12.610404 68.264 89.8838
12.701784 68.335 89.5334
12.793827 68.404 89.1960
12.886536 68.472 88.8696
12.979917 68.539 88.5520
13.073975 68.605 88.2406
13.168715 68.671 87.9328
13.264140 68.737 87.6263
13.360258 68.803 87.3186
13.457072 68.868 87.0078
13.554587 68.934 86.6922
13.652809 68.999 86.3705
13.751743 69.065 86.0418
13.851394 69.130 85.7055
13.951767 69.196 85.3610
14.052867 69.262 85.0082
14.154700 69.327 84.6468
14.257271 69.393 84.2766
14.360585 69.459 83.8973
14.464648 69.525 83.5085
14.569465 69.590 83.1096
14.675041 69.656 82.6999
14.781382 69.722 82.2786
14.888494 69.788 81.8450
14.996382 69.853 81.3983
15.105052 69.918 80.9378
15.214510 69.983 80.4631
15.324760 70.047 79.9739
15.435810 70.110 79.4702
15.547664 70.173 78.9525
15.660329 70.235 78.4213
15.773810 70.296 77.8777
15.888114 70.356 77.3230
16.003246 70.415 76.7585
16.119212 70.473 76.1859
16.236018 70.531 75.6070
16.353671 70.588 75.0236
16.472176 70.645 74.4374
16.591541 70.701 73.8502
16.711770 70.758 73.2634
16.832870 70.815 72.6784
16.954848 70.872 72.0965
17.077710 70.931 71.5185
17.201462 70.991 70.9452
17.326111 71.052 70.3770
17.451663 71.115 69.8140
17.578125 71.179 69.2563
17.705503 71.246 68.7036
17.833805 71.315 68.1553
17.963036 71.386 67.6106
18.093203 71.459 67.0687
18.224314 71.535 66.5285
18.356375 71.614 65.9887
18.489393 71.694 65.4480
18.623375 71.777 64.9047
18.758327 71.862 64.3575
18.894258 71.948 63.8047
19.031174 72.037 63.2447
19.169081 72.127 62.6758
19.307988 72.218 62.0965
19.447902 72.310 61.5054
19.588829 72.403 60.9012
19.730778 72.496 60.2826
19.873756 72.590 59.6486
20.017769 72.684 58.9985
20.162826 72.777 58.3314
20.308934 72.870 57.6472
20.456101 72.962 56.9453
20.604334 73.053 56.2258
20.753642 73.143 55.4887
20.904031 73.232 54.7342
21.055511 73.320 53.9625
21.208087 73.407 53.1740
21.361770 73.492 52.3690
21.516566 73.576 51.5479
21.672484 73.659 50.7110
21.829532 73.740 49.8586
21.987718 73.820 48.9908
22.147050 73.899 48.1077
22.307536 73.976 47.2093
22.469186 74.052 46.2954
22.632007 74.127 45.3659
22.796008 74.200 44.4204
22.961197 74.271 43.4586
23.127583 74.341 42.4799
23.295175 74.408 41.4839
23.463982 74.473 40.4703
23.634011 74.536 39.4386
23.805273 74.596 38.3886
23.977776 74.653 37.3201
24.151529 74.707 36.2332
24.326541 74.757 35.1280
24.502821 74.803 34.0049
24.680379 74.845 32.8646
24.859223 74.882 31.7078
25.039363 74.915 30.5358
25.220808 74.942 29.3497
25.403569 74.963 28.1511
25.587654 74.979 26.9418
25.773072 74.989 25.7237
25.959835 74.992 24.4988
26.147950 74.989 23.2694
26.337429 74.980 22.0380
26.528281 74.964 20.8070
26.720516 74.941 19.5790
26.914144 74.911 18.3567
27.109175 74.874 17.1429
27.305619 74.831 15.9403
27.503487 74.780 14.7518
27.702788 74.723 13.5800
27.903534 74.658 12.4280
28.105735 74.587 11.2985
28.309400 74.508 10.1943
28.514542 74.423 9.1183
28.721170 74.332 8.0732
28.929296 74.233 7.0621
29.138929 74.129 6.0875
29.350082 74.017 5.1524
29.562765 73.900 4.2594
29.776989 73.776 3.4113
29.992765 73.646 2.6105
30.210105 73.511 1.8597
30.429020 73.370 1.1612
30.649521 73.223 0.5170
30.871620 73.072 -0.0709
31.095328 72.915 -0.6006
31.320658 72.754 -1.0707
31.547620 72.588 -1.4799
31.776228 72.419 -1.8272
32.006491 72.246 -2.1118
32.238423 72.070 -2.3331
32.472036 71.892 -2.4907
32.707342 71.711 -2.5842
32.944353 71.529 -2.6135
33.183081 71.345 -2.5785
33.423540 71.160 -2.4789
33.665740 70.976 -2.3146
33.909696 70.792 -2.0853
34.155420 70.609 -1.7907
34.402924 70.427 -1.4304
34.652222 70.248 -1.0041
34.903326 70.071 -0.5115
35.156250 69.898 0.0474
35.411007 69.730 0.6724
35.667609 69.567 1.3627
35.926072 69.410 2.1169
36.186407 69.260 2.9326
36.448628 69.118 3.8066
36.712750 68.985 4.7346
36.978786 68.862 5.7108
37.246749 68.750 6.7287
37.516655 68.649 7.7803
37.788516 68.560 8.8568
38.062347 68.484 9.9485
38.338162 68.421 11.0454
38.615977 68.372 12.1373
38.895804 68.337 13.2142
39.177659 68.315 14.2664
39.461556 68.306 15.2853
39.747511 68.309 16.2633
40.035538 68.325 17.1938
40.325652 68.352 18.0715
40.617868 68.389 18.8927
40.912202 68.435 19.6546
41.208669 68.490 20.3557
41.507284 68.552 20.9956
41.808063 68.621 21.5745
42.111021 68.696 22.0936
42.416175 68.776 22.5546
42.723540 68.860 22.9597
43.033132 68.947 23.3112
43.344968 69.037 23.6119
43.659064 69.130 23.8645
43.975435 69.224 24.0720
44.294099 69.319 24.2371
44.615073 69.415 24.3626
44.938372 69.511 24.4512
45.264014 69.608 24.5056
45.592016 69.704 24.5282
45.922394 69.799 24.5214
46.255167 69.893 24.4876
46.590351 69.986 24.4291
46.927964 70.077 24.3483
47.268023 70.167 24.2478
47.610547 70.254 24.1302
47.955552 70.339 23.9986
48.303058 70.422 23.8564
48.653082 70.502 23.7074
49.005642 70.580 23.5562
49.360757 70.655 23.4076
49.718446 70.727 23.2673
50.078726 70.798 23.1415
50.441617 70.867 23.0372
50.807138 70.934 22.9616
51.175307 71.001 22.9225
51.546145 71.068 22.9280
51.919669 71.136 22.9863
52.295901 71.205 23.1053
52.674858 71.278 23.2927
53.056562 71.354 23.5551
53.441032 71.436 23.8983
53.828287 71.523 24.3262
54.218349 71.617 24.8411
54.611238 71.719 25.4426
55.006973 71.829 26.1277
55.405577 71.947 26.8905
55.807068 72.074 27.7216
56.211469 72.210 28.6088
56.618801 72.353 29.5370
57.029084 72.504 30.4887
57.442340 72.662 31.4446
57.858591 72.826 32.3846
58.277858 72.994 33.2888
58.700164 73.167 34.1382
59.125529 73.342 34.9156
59.553977 73.520 35.6064
59.985530 73.698 36.1989
60.420210 73.876 36.6844
60.858039 74.054 37.0577
61.299042 74.230 37.3165
61.743240 74.404 37.4612
62.190657 74.576 37.4947
62.641316 74.745 37.4220
63.095241 74.911 37.2494
63.552455 75.074 36.9846
64.012982 75.234 36.6360
64.476847 75.391 36.2124
64.944073 75.544 35.7228
65.414684 75.695 35.1759
65.888706 75.843 34.5803
66.366163 75.988 33.9436
66.847079 76.131 33.2729
67.331481 76.271 32.5744
67.819392 76.410 31.8530
68.310840 76.546 31.1126
68.805848 76.680 30.3562
69.304444 76.812 29.5854
69.806652 76.942 28.8006
70.312500 77.068 28.0014
70.822013 77.192 27.1865
71.335219 77.312 26.3540
71.852143 77.427 25.5012
72.372814 77.538 24.6254
72.897257 77.644 23.7238
73.425500 77.743 22.7940
73.957572 77.835 21.8339
74.493499 77.920 20.8422
75.033309 77.997 19.8182
75.577032 78.064 18.7625
76.124694 78.122 17.6767
76.676325 78.170 16.5633
77.231953 78.208 15.4262
77.791608 78.234 14.2703
78.355318 78.248 13.1014
78.923113 78.251 11.9264
79.495022 78.243 10.7532
80.071076 78.222 9.5903
80.651304 78.189 8.4468
81.235736 78.145 7.3328
81.824404 78.089 6.2585
82.417337 78.021 5.2348
83.014567 77.943 4.2731
83.616125 77.855 3.3851
84.222042 77.758 2.5828
84.832350 77.652 1.8787
85.447080 77.538 1.2853
86.066265 77.419 0.8154
86.689936 77.293 0.4817
87.318127 77.165 0.2966
87.950871 77.035 0.2716
88.588199 76.904 0.4175
89.230145 76.777 0.7430
89.876744 76.653 1.2542
90.528028 76.538 1.9538
91.184031 76.432 2.8400
91.844788 76.338 3.9054
92.510333 76.261 5.1365
93.180701 76.201 6.5128
93.855927 76.161 8.0072
94.536046 76.142 9.5863
95.221093 76.146 11.2122
95.911104 76.173 12.8442
96.606116 76.223 14.4412
97.306164 76.294 15.9644
98.011284 76.386 17.3786
98.721514 76.495 18.6547
99.436891 76.619 19.7698
100.157452 76.757 20.7079
100.883234 76.905 21.4598
101.614275 77.061 22.0221
102.350614 77.223 22.3929
103.092289 77.388 22.5738
103.839338 77.555 22.5694
104.591801 77.722 22.3867
105.349716 77.886 22.0340
106.113124 78.046 21.5208
106.882063 78.200 20.8573
107.656575 78.348 20.0542
108.436699 78.488 19.1220
109.222476 78.619 18.0716
110.013947 78.740 16.9139
110.811153 78.850 15.6595
111.614136 78.949 14.3191
112.422939 79.035 12.9033
113.237601 79.108 11.4227
114.058168 79.168 9.8877
114.884680 79.214 8.3087
115.717182 79.245 6.6960
116.555716 79.263 5.0599
117.400327 79.265 3.4105
118.251058 79.252 1.7575
119.107954 79.225 0.1106
119.971060 79.182 -1.5211
120.840419 79.125 -3.1286
121.716079 79.053 -4.7036
122.598084 78.967 -6.2384
123.486480 78.868 -7.7259
124.381314 78.755 -9.1596
125.282632 78.629 -10.5338
126.190482 78.492 -11.8436
127.104910 78.343 -13.0848
128.025965 78.184 -14.2541
128.953694 78.015 -15.3491
129.888145 77.837 -16.3683
130.829368 77.653 -17.3110
131.777412 77.461 -18.1777
132.732325 77.265 -18.9696
133.694158 77.065 -19.6895
134.662961 76.863 -20.3410
135.638785 76.660 -20.9290
136.621679 76.459 -21.4597
137.611696 76.259 -21.9403
138.608887 76.065 -22.3791
139.613304 75.876 -22.7852
140.625000 75.694 -23.1682
141.644027 75.522 -23.5381
142.670438 75.359 -23.9047
143.704287 75.207 -24.2772
144.745627 75.067 -24.6642
145.794514 74.938 -25.0729
146.851001 74.821 -25.5092
147.915144 74.714 -25.9774
148.986998 74.616 -26.4798
150.066619 74.527 -27.0170
151.154063 74.444 -27.5880
152.249388 74.367 -28.1897
153.352650 74.292 -28.8177
154.463906 74.220 -29.4661
155.583216 74.149 -30.1275
156.710636 74.076 -30.7938
157.846226 74.001 -31.4559
158.990044 73.923 -32.1041
160.142152 73.842 -32.7285
161.302608 73.757 -33.3194
162.471473 73.667 -33.8676
163.648808 73.574 -34.3649
164.834675 73.477 -34.8047
166.029135 73.379 -35.1822
167.232251 73.279 -35.4955
168.444084 73.180 -35.7456
169.664700 73.083 -35.9367
170.894160 72.990 -36.0764
172.132530 72.902 -36.1757
173.379873 72.821 -36.2481
174.636255 72.749 -36.3095
175.901741 72.686 -36.3767
177.176398 72.631 -36.4669
178.460291 72.586 -36.5959
179.753488 72.548 -36.7779
181.056056 72.517 -37.0238
182.368062 72.490 -37.3413
183.689577 72.465 -37.7341
185.020667 72.439 -38.2018
186.361403 72.409 -38.7403
187.711854 72.374 -39.3418
189.072092 72.330 -39.9955
190.442186 72.276 -40.6881
191.822209 72.209 -41.4045
193.212232 72.129 -42.1285
194.612327 72.033 -42.8434
196.022568 71.922 -43.5328
197.443029 71.794 -44.1812
198.873782 71.651 -44.7746
200.314904 71.493 -45.3011
201.766468 71.319 -45.7511
203.228551 71.132 -46.1178
204.701229 70.933 -46.3970
206.184578 70.722 -46.5874
207.678677 70.502 -46.6899
209.183602 70.275 -46.7082
210.699433 70.041 -46.6472
212.226248 69.804 -46.5139
213.764127 69.565 -46.3161
215.313149 69.325 -46.0622
216.873397 69.087 -45.7613
218.444951 68.852 -45.4226
220.027894 68.621 -45.0554
221.622306 68.396 -44.6686
223.228273 68.178 -44.2702
224.845877 67.966 -43.8675
226.475203 67.762 -43.4657
228.116336 67.565 -43.0678
229.769361 67.375 -42.6741
231.434364 67.190 -42.2817
233.111433 67.011 -41.8846
234.800654 66.836 -41.4731
236.502117 66.664 -41.0345
238.215909 66.494 -40.5531
239.942119 66.327 -40.0108
241.680839 66.162 -39.3873
243.432158 66.000 -38.6607
245.196168 65.842 -37.8078
246.972960 65.690 -36.8050
248.762628 65.547 -35.6289
250.565264 65.416 -34.2578
252.380964 65.301 -32.6738
254.209820 65.204 -30.8653
256.051929 65.131 -28.8308
257.907387 65.084 -26.5826
259.776290 65.067 -24.1494
261.658736 65.081 -21.5783
263.554824 65.125 -18.9323
265.464650 65.200 -16.2854
267.388317 65.304 -13.7140
269.325923 65.433 -11.2872
271.277569 65.584 -9.0589
273.243358 65.754 -7.0623
275.223392 65.939 -5.3085
277.217775 66.137 -3.7884
279.226609 66.346 -2.4766
281.250000 66.565 -1.3366
283.288053 66.793 -0.3258
285.340875 67.030 0.5997
287.408573 67.276 1.4804
289.491254 67.531 2.3492
291.589027 67.794 3.2279
293.702001 68.065 4.1240
295.830287 68.341 5.0290
297.973995 68.621 5.9182
300.133238 68.901 6.7534
302.308127 69.178 7.4871
304.498776 69.448 8.0693
306.705300 69.708 8.4539
308.927813 69.954 8.6049
311.166431 70.181 8.5006
313.421271 70.387 8.1351
315.692451 70.568 7.5187
317.980089 70.723 6.6757
320.284304 70.848 5.6433
322.605216 70.942 4.4685
324.942946 71.004 3.2066
327.297617 71.034 1.9197
329.669350 71.032 0.6760
332.058270 70.998 -0.4514
334.464501 70.934 -1.3849
336.888169 70.844 -2.0432
339.329399 70.730 -2.3432
341.788320 70.598 -2.2041
344.265059 70.454 -1.5531
346.759746 70.306 -0.3366
349.272510 70.163 1.4660
351.803482 70.035 3.8255
354.352795 69.932 6.6497
356.920582 69.864 9.7823
359.506975 69.836 13.0198
362.112111 69.854 16.1460
364.736125 69.915 18.9708
367.379153 70.017 21.3581
370.041334 70.151 23.2351
372.722806 70.309 24.5853
375.423709 70.480 25.4333
378.144184 70.657 25.8286
380.884373 70.831 25.8332
383.644418 70.996 25.5127
386.424463 71.147 24.9310
389.224654 71.282 24.1467
392.045137 71.399 23.2119
394.886057 71.497 22.1708
397.747564 71.576 21.0592
400.629807 71.639 19.9048
403.532936 71.686 18.7281
406.457102 71.720 17.5427
409.402458 71.744 16.3576
412.369157 71.759 15.1778
415.357354 71.767 14.0064
418.367204 71.771 12.8450
421.398865 71.772 11.6949
424.452495 71.770 10.5570
427.528253 71.767 9.4323
430.626299 71.763 8.3222
433.746795 71.757 7.2284
436.889903 71.748 6.1539
440.055787 71.736 5.1035
443.244613 71.719 4.0848
446.456546 71.695 3.1085
449.691754 71.664 2.1891
452.950406 71.625 1.3450
456.232671 71.578 0.5974
459.538721 71.524 -0.0305
462.868728 71.464 -0.5153
466.222866 71.401 -0.8360
469.601309 71.340 -0.9763
473.004234 71.286 -0.9278
476.431817 71.245 -0.6929
479.884239 71.223 -0.2869
483.361678 71.225 0.2610
486.864316 71.258 0.9090
490.392335 71.323 1.6058
493.945920 71.423 2.2954
497.525256 71.556 2.9235
501.130529 71.718 3.4421
504.761927 71.904 3.8134
508.419640 72.109 4.0108
512.103859 72.327 4.0184
515.814774 72.550 3.8286
519.552581 72.775 3.4398
523.317473 72.994 2.8537
527.109647 73.203 2.0743
530.929301 73.397 1.1077
534.776633 73.571 -0.0373
538.651845 73.722 -1.3478
542.555139 73.846 -2.8055
546.486717 73.939 -4.3854
550.446785 74.000 -6.0555
554.435549 74.026 -7.7771
558.453218 74.016 -9.5058
562.500000 73.971 -11.1930
566.576107 73.890 -12.7877
570.681751 73.775 -14.2386
574.817146 73.629 -15.4970
578.982508 73.454 -16.5190
583.178054 73.255 -17.2691
587.404003 73.038 -17.7234
591.660574 72.807 -17.8718
595.947991 72.572 -17.7208
600.266475 72.340 -17.2929
604.616254 72.120 -16.6251
608.997552 71.921 -15.7653
613.410600 71.752 -14.7670
617.855626 71.620 -13.6846
622.332862 71.532 -12.5698
626.842543 71.492 -11.4693
631.384902 71.502 -10.4242
635.960177 71.561 -9.4704
640.568607 71.668 -8.6383
645.210431 71.817 -7.9531
649.885892 72.004 -7.4342
654.595233 72.222 -7.0949
659.338700 72.466 -6.9440
664.116540 72.729 -6.9866
668.929002 73.004 -7.2262
673.776337 73.286 -7.6663
678.658799 73.568 -8.3111
683.576640 73.844 -9.1650
688.530118 74.108 -10.2308
693.519491 74.353 -11.5076
698.545019 74.574 -12.9881
703.606964 74.765 -14.6562
708.705591 74.921 -16.4858
713.841163 75.039 -18.4402
719.013951 75.116 -20.4725
724.224222 75.148 -22.5269
729.472249 75.135 -24.5407
734.758306 75.077 -26.4469
740.082668 74.973 -28.1774
745.445612 74.827 -29.6674
750.847418 74.639 -30.8592
756.288368 74.415 -31.7085
761.768745 74.160 -32.1896
767.288835 73.878 -32.3014
772.848927 73.578 -32.0708
778.449309 73.266 -31.5535
784.090273 72.953 -30.8292
789.772115 72.647 -29.9935
795.495129 72.357 -29.1455
801.259614 72.094 -28.3768
807.065872 71.863 -27.7620
812.914204 71.670 -27.3543
818.804915 71.515 -27.1842
824.738313 71.395 -27.2613
830.714707 71.304 -27.5775
836.734408 71.234 -28.1095
842.797731 71.176 -28.8226
848.904991 71.119 -29.6729
855.056506 71.055 -30.6103
861.252598 70.977 -31.5806
867.493589 70.879 -32.5287
873.779805 70.757 -33.4011
880.111574 70.611 -34.1489
886.489225 70.439 -34.7296
892.913092 70.243 -35.1084
899.383508 70.025 -35.2592
905.900812 69.790 -35.1634
912.465342 69.540 -34.8093
919.077442 69.283 -34.1915
925.737456 69.023 -33.3102
932.445732 68.769 -32.1730
939.202618 68.528 -30.7960
946.008467 68.309 -29.2062
952.863634 68.119 -27.4422
959.768477 67.968 -25.5542
966.723355 67.860 -23.6009
973.728631 67.802 -21.6455
980.784670 67.794 -19.7504
987.891840 67.835 -17.9726
995.050512 67.920 -16.3609
1002.261058 68.045 -14.9537
1009.523855 68.201 -13.7796
1016.839281 68.380 -12.8573
1024.207717 68.573 -12.1963
1031.629549 68.773 -11.7979
1039.105162 68.972 -11.6556
1046.634946 69.162 -11.7558
1054.219294 69.338 -12.0786
1061.858602 69.496 -12.5991
1069.553267 69.630 -13.2882
1077.303691 69.738 -14.1144
1085.110277 69.817 -15.0443
1092.973434 69.868 -16.0446
1100.893570 69.889 -17.0830
1108.871098 69.882 -18.1291
1116.906436 69.850 -19.1550
1125.000000 69.794 -20.1354
1133.152214 69.718 -21.0465
1141.363502 69.625 -21.8655
1149.634292 69.520 -22.5698
1157.965016 69.406 -23.1368
1166.356108 69.290 -23.5441
1174.808005 69.177 -23.7708
1183.321148 69.074 -23.7993
1191.895981 68.985 -23.6172
1200.532951 68.919 -23.2197
1209.232507 68.879 -22.6125
1217.995105 68.868 -21.8143
1226.821199 68.889 -20.8588
1235.711251 68.939 -19.7954
1244.665724 69.016 -18.6880
1253.685085 69.113 -17.6104
1262.769804 69.225 -16.6392
1271.920355 69.346 -15.8456
1281.137214 69.468 -15.2870
1290.420862 69.586 -15.0013
1299.771784 69.696 -15.0045
1309.190466 69.793 -15.2917
1318.677400 69.876 -15.8409
1328.233080 69.944 -16.6174
1337.858004 69.994 -17.5784
1347.552675 70.029 -18.6769
1357.317597 70.047 -19.8643
1367.153280 70.050 -21.0927
1377.060236 70.039 -22.3153
1387.038982 70.014 -23.4872
1397.090039 69.975 -24.5651
1407.213929 69.923 -25.5072
1417.411181 69.859 -26.2735
1427.682327 69.783 -26.8275
1438.027902 69.696 -27.1378
1448.448444 69.598 -27.1828
1458.944499 69.494 -26.9553
1469.516612 69.385 -26.4662
1480.165335 69.276 -25.7471
1490.891224 69.172 -24.8483
1501.694836 69.075 -23.8330
1512.576736 68.991 -22.7687
1523.537490 68.922 -21.7178
1534.577671 68.871 -20.7314
1545.697853 68.838 -19.8459
1556.898617 68.821 -19.0841
1568.180546 68.821 -18.4572
1579.544229 68.833 -17.9680
1590.990258 68.855 -17.6132
1602.519229 68.883 -17.3846
1614.131744 68.912 -17.2699
1625.828408 68.942 -17.2533
1637.609831 68.970 -17.3166
1649.476627 68.995 -17.4408
1661.429414 69.019 -17.6087
1673.468817 69.043 -17.8062
1685.595461 69.069 -18.0248
1697.809981 69.100 -18.2617
1710.113012 69.138 -18.5197
1722.505196 69.183 -18.8057
1734.987179 69.236 -19.1289
1747.559611 69.295 -19.4983
1760.223148 69.359 -19.9214
1772.978451 69.425 -20.4021
1785.826183 69.490 -20.9415
1798.767016 69.552 -21.5375
1811.801623 69.608 -22.1864
1824.930685 69.656 -22.8841
1838.154885 69.695 -23.6269
1851.474913 69.725 -24.4127
1864.891463 69.744 -25.2402
1878.405236 69.752 -26.1090
1892.016934 69.750 -27.0182
1905.727269 69.736 -27.9652
1919.536954 69.710 -28.9445
1933.446710 69.670 -29.9465
1947.457262 69.615 -30.9569
1961.569340 69.544 -31.9555
1975.783680 69.456 -32.9157
1990.101023 69.348 -33.8040
2004.522116 69.219 -34.5804
2019.047709 69.068 -35.1996
2033.678561 68.895 -35.6135
2048.415435 68.703 -35.7749
2063.259097 68.492 -35.6425
2078.210323 68.269 -35.1872
2093.269892 68.038 -34.3979
2108.438588 67.808 -33.2880
2123.717204 67.586 -31.8983
2139.106534 67.381 -30.2966
2154.607382 67.203 -28.5718
2170.220555 67.057 -26.8235
2185.946868 66.949 -25.1487
2201.787140 66.880 -23.6297
2217.742197 66.848 -22.3269
2233.812871 66.847 -21.2761
2250.000000 66.873 -20.4909
2266.304428 66.919 -19.9683
2282.727004 66.977 -19.6942
2299.268584 67.042 -19.6482
2315.930032 67.109 -19.8069
2332.712216 67.173 -20.1454
2349.616010 67.231 -20.6379
2366.642297 67.280 -21.2571
2383.791962 67.317 -21.9738
2401.065902 67.342 -22.7574
2418.465015 67.352 -23.5760
2435.990209 67.349 -24.3974
2453.642398 67.332 -25.1911
2471.422503 67.302 -25.9298
2489.331449 67.262 -26.5913
2507.370171 67.212 -27.1599
2525.539609 67.157 -27.6275
2543.840710 67.097 -27.9931
2562.274428 67.034 -28.2622
2580.841725 66.970 -28.4437
2599.543568 66.904 -28.5476
2618.380932 66.835 -28.5813
2637.354800 66.763 -28.5477
2656.466160 66.686 -28.4427
2675.716009 66.602 -28.2550
2695.105350 66.512 -27.9663
2714.635194 66.413 -27.5536
2734.306560 66.308 -26.9918
2754.120472 66.198 -26.2577
2774.077965 66.085 -25.3350
2794.180077 65.975 -24.2194
2814.427858 65.871 -22.9225
2834.822362 65.780 -21.4749
2855.364654 65.706 -19.9251
2876.055803 65.656 -18.3359
2896.896889 65.631 -16.7778
2917.888998 65.634 -15.3207
2939.033224 65.664 -14.0263
2960.330671 65.717 -12.9423
2981.782447 65.790 -12.0989
3003.389672 65.876 -11.5088
3025.153472 65.968 -11.1685
3047.074981 66.061 -11.0611
3069.155342 66.148 -11.1594
3091.395707 66.226 -11.4289
3113.797234 66.289 -11.8304
3136.361093 66.337 -12.3227
3159.088458 66.368 -12.8641
3181.980515 66.382 -13.4145
3205.038458 66.382 -13.9370
3228.263488 66.370 -14.3990
3251.656816 66.351 -14.7738
3275.219661 66.328 -15.0414
3298.953253 66.306 -15.1893
3322.858828 66.291 -15.2131
3346.937633 66.287 -15.1162
3371.190923 66.296 -14.9098
3395.619962 66.322 -14.6119
3420.226024 66.365 -14.2459
3445.010392 66.423 -13.8389
3469.974357 66.495 -13.4200
3495.119222 66.578 -13.0184
3520.446296 66.668 -12.6622
3545.956901 66.762 -12.3770
3571.652367 66.856 -12.1844
3597.534032 66.948 -12.1015
3623.603247 67.035 -12.1398
3649.861370 67.114 -12.3050
3676.309770 67.184 -12.5963
3702.949826 67.245 -13.0070
3729.782927 67.296 -13.5250
3756.810471 67.335 -14.1332
3784.033869 67.363 -14.8106
3811.454538 67.380 -15.5331
3839.073909 67.387 -16.2746
3866.893421 67.383 -17.0082
3894.914525 67.371 -17.7080
3923.138681 67.353 -18.3509
3951.567361 67.330 -18.9190
3980.202047 67.306 -19.4014
4009.044232 67.284 -19.7963
4038.095419 67.266 -20.1118
4067.357123 67.255 -20.3652
4096.830869 67.251 -20.5819
4126.518194 67.255 -20.7917
4156.420646 67.264 -21.0250
4186.539784 67.277 -21.3083
4216.877177 67.290 -21.6605
4247.434407 67.300 -22.0907
4278.213068 67.304 -22.5970
4309.214763 67.299 -23.1678
4340.441110 67.283 -23.7829
4371.893735 67.254 -24.4167
4403.574279 67.213 -25.0404
4435.484394 67.160 -25.6251
4467.625742 67.097 -26.1438
4500.000000 67.026 -26.5737
4532.608855 66.949 -26.8978
4565.454007 66.869 -27.1055
4598.537169 66.791 -27.1937
4631.860065 66.717 -27.1657
4665.424432 66.649 -27.0309
4699.232021 66.590 -26.8023
4733.284593 66.540 -26.4951
4767.583925 66.501 -26.1236
4802.131803 66.471 -25.6999
4836.930030 66.449 -25.2321
4871.980419 66.433 -24.7243
4907.284797 66.422 -24.1778
4942.845006 66.415 -23.5930
4978.662898 66.413 -22.9722
5014.740342 66.414 -22.3226
5051.079217 66.421 -21.6580
5087.681420 66.434 -20.9991
5124.548856 66.455 -20.3722
5161.683450 66.485 -19.8055
5199.087136 66.523 -19.3256
5236.761864 66.570 -18.9538
5274.709600 66.623 -18.7034
5312.932320 66.680 -18.5784
5351.432018 66.740 -18.5743
5390.210700 66.801 -18.6789
5429.270389 66.859 -18.8749
5468.613120 66.914 -19.1418
5508.240945 66.963 -19.4583
5548.155929 67.007 -19.8042
5588.360154 67.043 -20.1622
5628.855716 67.072 -20.5181
5669.644725 67.093 -20.8619
5710.729307 67.106 -21.1876
5752.111606 67.111 -21.4927
5793.793778 67.110 -21.7786
5835.777996 67.102 -22.0493
5878.066449 67.089 -22.3112
5920.661342 67.071 -22.5713
5963.564894 67.050 -22.8356
6006.779344 67.027 -23.1076
6050.306943 67.002 -23.3865
6094.149961 66.975 -23.6663
6138.310684 66.946 -23.9360
6182.791414 66.917 -24.1805
6227.594469 66.888 -24.3822
6272.722186 66.861 -24.5236
6318.176916 66.836 -24.5892
6363.961031 66.816 -24.5684
6410.076916 66.802 -24.4569
6456.526975 66.796 -24.2583
6503.313631 66.800 -23.9842
6550.439323 66.814 -23.6535
6597.906506 66.839 -23.2902
6645.717657 66.874 -22.9208
6693.875266 66.918 -22.5715
6742.381846 66.970 -22.2650
6791.239924 67.026 -22.0194
6840.452048 67.085 -21.8464
6890.020784 67.144 -21.7514
6939.948714 67.201 -21.7347
6990.238444 67.254 -21.7921
7040.892593 67.302 -21.9169
7091.913803 67.343 -22.1016
7143.304734 67.379 -22.3393
7195.068065 67.408 -22.6249
7247.206494 67.430 -22.9550
7299.722739 67.447 -23.3277
7352.619540 67.458 -23.7412
7405.899652 67.462 -24.1926
7459.565853 67.460 -24.6767
7513.620943 67.450 -25.1850
7568.067737 67.434 -25.7053
7622.909076 67.410 -26.2229
7678.147817 67.379 -26.7208
7733.786842 67.342 -27.1825
7789.829049 67.300 -27.5928
7846.277361 67.254 -27.9403
7903.134722 67.206 -28.2182
7960.404094 67.157 -28.4249
8018.088463 67.111 -28.5640
8076.190838 67.068 -28.6433
8134.714246 67.031 -28.6736
8193.661738 67.000 -28.6679
8253.036389 66.979 -28.6402
8312.841293 66.967 -28.6053
8373.079567 66.968 -28.5787
8433.754353 66.982 -28.5763
8494.868814 67.010 -28.6139
8556.426135 67.053 -28.7068
8618.429526 67.109 -28.8687
8680.882219 67.178 -29.1109
8743.787470 67.255 -29.4421
8807.148559 67.339 -29.8672
8870.968788 67.425 -30.3876
8935.251484 67.510 -31.0009
9000.000000 67.588 -31.6999
9065.217710 67.657 -32.4734
9130.908014 67.713 -33.3056
9197.074338 67.754 -34.1774
9263.720130 67.778 -35.0675
9330.848865 67.785 -35.9542
9398.464042 67.775 -36.8176
9466.569187 67.749 -37.6413
9535.167849 67.710 -38.4144
9604.263606 67.661 -39.1317
9673.860059 67.603 -39.7943
9743.960837 67.541 -40.4090
9814.569594 67.476 -40.9869
9885.690011 67.411 -41.5416
9957.325796 67.348 -42.0882
10029.480683 67.288 -42.6407
10102.158435 67.229 -43.2105
10175.362839 67.172 -43.8049
10249.097713 67.115 -44.4267
10323.366900 67.058 -45.0733
10398.174272 66.998 -45.7375
10473.523729 66.934 -46.4087
10549.419199 66.866 -47.0740
10625.864640 66.794 -47.7198
10702.864035 66.718 -48.3336
10780.421400 66.640 -48.9049
10858.540777 66.561 -49.4269
10937.226240 66.482 -49.8971
11016.481890 66.406 -50.3179
11096.311859 66.333 -50.6962
11176.720309 66.266 -51.0428
11257.711431 66.204 -51.3709
11339.289449 66.150 -51.6947
11421.458615 66.102 -52.0273
11504.223212 66.060 -52.3803
11587.587556 66.024 -52.7620
11671.555992 65.993 -53.1780
11756.132898 65.964 -53.6302
11841.322683 65.938 -54.1174
11927.129788 65.912 -54.6349
12013.558688 65.886 -55.1754
12100.613886 65.858 -55.7290
12188.299922 65.827 -56.2847
12276.621368 65.794 -56.8314
12365.582827 65.757 -57.3592
12455.188938 65.718 -57.8604
12545.444371 65.676 -58.3308
12636.353832 65.632 -58.7702
12727.922061 65.586 -59.1821
12820.153831 65.538 -59.5738
12913.053951 65.487 -59.9552
13006.627263 65.434 -60.3379
13100.878646 65.378 -60.7335
13195.813013 65.320 -61.1525
13291.435313 65.258 -61.6033
13387.750533 65.194 -62.0913
13484.763692 65.127 -62.6185
13582.479848 65.057 -63.1832
13680.904096 64.984 -63.7797
13780.041567 64.909 -64.3993
13879.897429 64.833 -65.0307
13980.476887 64.755 -65.6617
14081.785186 64.678 -66.2804
14183.827606 64.601 -66.8766
14286.609468 64.526 -67.4435
14390.136129 64.454 -67.9787
14494.412988 64.387 -68.4843
14599.445479 64.325 -68.9678
14705.239079 64.269 -69.4407
14811.799303 64.220 -69.9175
14919.131707 64.177 -70.4138
15027.241885 64.140 -70.9448
15136.135475 64.107 -71.5235
15245.818152 64.078 -72.1595
15356.295635 64.051 -72.8585
15467.573683 64.024 -73.6227
15579.658098 63.998 -74.4515
15692.554723 63.970 -75.3421
15806.269443 63.942 -76.2909
15920.808187 63.911 -77.2944
16036.176927 63.879 -78.3500
16152.381675 63.846 -79.4569
16269.428491 63.812 -80.6160
16387.323477 63.777 -81.8302
16506.072778 63.741 -83.1040
16625.682585 63.705 -84.4426
16746.159135 63.666 -85.8511
16867.508707 63.626 -87.3340
16989.737628 63.582 -88.8944
17112.852271 63.534 -90.5338
17236.859053 63.482 -92.2530
17361.764439 63.425 -94.0519
17487.574941 63.364 -95.9310
17614.297118 63.299 -97.8919
17741.937576 63.231 -99.9373
17870.502969 63.161 -102.0723
18000.000000 63.090 -104.3038
18130.435420 63.019 -106.6404
18261.816029 62.950 -109.0923
18394.148676 62.884 -111.6705
18527.440260 62.821 -114.3866
18661.697729 62.762 -117.2524
18796.928084 62.707 -120.2792
18933.138373 62.656 -123.4777
19070.335698 62.609 -126.8580
19208.527212 62.566 -130.4290
19347.720119 62.526 -134.1988
19487.921674 62.490 -138.1744
19629.139188 62.455 -142.3616
19771.380022 62.422 -146.7652
19914.651592 62.391 -151.3882
20058.961367 62.359 -156.2318
20204.316870 62.325 -161.2950
20350.725678 62.289 -166.5741
20498.195426 62.247 -172.0617
20646.733800 62.198 -177.7467
20796.348544 62.140 176.3876
20947.047458 62.072 170.3649
21098.838399 61.992 164.2177
21251.729279 61.900 157.9915
21405.728070 61.795 151.7479
21560.842800 61.681 145.5688
21717.081554 61.559 139.5596
21874.452480 61.434 133.8472
22032.963779 61.311 128.5713
22192.623718 61.195 123.8657
22353.440617 61.092 119.8329
22515.422863 61.006 116.5176
22678.578898 60.940 113.8923
22842.917229 60.893 111.8621
23008.446424 60.863 110.2886
23175.175112 60.846 109.0237
23343.111984 60.838 107.9382
23512.265796 60.835 106.9390
23682.645366 60.835 105.9706
23854.259577 60.834 105.0067
24027.117375 60.834 104.0381
