* Measurement data measured by REW V5.40 beta 100
* Source: Trace Arithmetic result A * B
* Format: Trace Arithmetic result A * B
* Dated: Sep 23, 2025 2:08:24 PM
* REW Settings:
*  C-weighting compensation: Off
*  Target level: 69.5 dB
* Note: ; Trace Arithmetic A times B A = R.120.Blue B = X801 (revised) 
* Measurement: RX
* Smoothing: Psychoacoustic
* Frequency Step: 96 ppo
* Start Frequency: 1.0986328 Hz
*
* Freq(Hz) SPL(dB) Phase(degrees)
1.098633 53.753 93.0260
1.106594 53.659 92.9642
1.114613 53.560 92.8980
1.122690 53.454 92.8273
1.130825 53.342 92.7522
1.139020 53.225 92.6728
1.147273 53.101 92.5892
1.155587 52.971 92.5019
1.163961 52.835 92.4112
1.172395 52.694 92.3177
1.180891 52.546 92.2223
1.189448 52.392 92.1259
1.198068 52.232 92.0298
1.206749 52.067 91.9354
1.215494 51.896 91.8446
1.224302 51.719 91.7597
1.233174 51.538 91.6833
1.242110 51.351 91.6188
1.251111 51.160 91.5700
1.260177 50.965 91.5415
1.269308 50.765 91.5388
1.278506 50.562 91.5685
1.287771 50.357 91.6382
1.297103 50.149 91.7571
1.306502 49.940 91.9360
1.315969 49.730 92.1879
1.325505 49.520 92.5279
1.335111 49.313 92.9741
1.344785 49.109 93.5479
1.354530 48.910 94.2744
1.364346 48.719 95.1836
1.374232 48.537 96.3103
1.384191 48.367 97.6951
1.394221 48.212 99.3845
1.404324 48.076 101.4306
1.414500 47.959 103.8893
1.424750 47.867 106.8168
1.435075 47.801 110.2629
1.445474 47.763 114.2602
1.455948 47.754 118.8097
1.466499 47.776 123.8639
1.477126 47.829 129.3154
1.487830 47.910 134.9968
1.498611 48.018 140.7007
1.509471 48.152 146.2133
1.520409 48.308 151.3512
1.531426 48.483 155.9870
1.542524 48.674 160.0541
1.553701 48.879 163.5388
1.564960 49.094 166.4636
1.576301 49.317 168.8723
1.587723 49.546 170.8176
1.599228 49.779 172.3534
1.610817 50.013 173.5305
1.622490 50.249 174.3944
1.634247 50.483 174.9844
1.646089 50.717 175.3343
1.658018 50.947 175.4723
1.670032 51.174 175.4221
1.682134 51.397 175.2033
1.694323 51.616 174.8322
1.706601 51.829 174.3221
1.718968 52.038 173.6843
1.731424 52.240 172.9281
1.743971 52.437 172.0612
1.756608 52.628 171.0907
1.769338 52.812 170.0222
1.782159 52.989 168.8614
1.795073 53.160 167.6132
1.808081 53.324 166.2827
1.821183 53.481 164.8751
1.834380 53.631 163.3956
1.847673 53.774 161.8501
1.861062 53.909 160.2445
1.874548 54.037 158.5857
1.888132 54.157 156.8808
1.901814 54.270 155.1375
1.915595 54.375 153.3640
1.929476 54.472 151.5687
1.943458 54.561 149.7604
1.957541 54.643 147.9482
1.971726 54.716 146.1407
1.986014 54.782 144.3467
2.000406 54.839 142.5747
2.014901 54.888 140.8326
2.029502 54.929 139.1278
2.044209 54.962 137.4674
2.059022 54.987 135.8574
2.073943 55.003 134.3035
2.088971 55.011 132.8108
2.104109 55.011 131.3838
2.119356 55.004 130.0264
2.134714 54.988 128.7423
2.150183 54.964 127.5349
2.165764 54.933 126.4074
2.181458 54.895 125.3631
2.197266 54.849 124.4052
2.213188 54.798 123.5374
2.229226 54.740 122.7637
2.245379 54.677 122.0886
2.261650 54.609 121.5172
2.278039 54.537 121.0552
2.294547 54.463 120.7095
2.311174 54.386 120.4876
2.327922 54.310 120.3981
2.344791 54.233 120.4505
2.361782 54.159 120.6555
2.378897 54.089 121.0244
2.396135 54.024 121.5694
2.413499 53.967 122.3032
2.430988 53.918 123.2385
2.448604 53.880 124.3875
2.466347 53.853 125.7611
2.484219 53.840 127.3678
2.502221 53.841 129.2125
2.520353 53.856 131.2954
2.538617 53.887 133.6100
2.557013 53.932 136.1423
2.575542 53.992 138.8698
2.594205 54.065 141.7611
2.613004 54.150 144.7773
2.631939 54.246 147.8730
2.651011 54.351 151.0001
2.670221 54.464 154.1098
2.689571 54.582 157.1571
2.709061 54.705 160.1026
2.728691 54.830 162.9148
2.748465 54.957 165.5707
2.768381 55.083 168.0558
2.788442 55.207 170.3633
2.808648 55.328 172.4927
2.829001 55.446 174.4484
2.849501 55.558 176.2387
2.870150 55.666 177.8741
2.890948 55.767 179.3669
2.911897 55.861 -179.2702
2.932998 55.948 -178.0240
2.954251 56.027 -176.8815
2.975659 56.098 -175.8304
2.997222 56.161 -174.8586
3.018941 56.216 -173.9547
3.040818 56.261 -173.1082
3.062853 56.298 -172.3088
3.085047 56.326 -171.5475
3.107403 56.345 -170.8153
3.129920 56.355 -170.1040
3.152601 56.356 -169.4058
3.175446 56.347 -168.7136
3.198457 56.330 -168.0204
3.221634 56.304 -167.3199
3.244979 56.269 -166.6059
3.268494 56.225 -165.8726
3.292179 56.173 -165.1145
3.316035 56.111 -164.3264
3.340064 56.042 -163.5033
3.364268 55.964 -162.6402
3.388647 55.878 -161.7325
3.413202 55.784 -160.7756
3.437936 55.683 -159.7650
3.462849 55.573 -158.6964
3.487942 55.457 -157.5652
3.513217 55.334 -156.3672
3.538675 55.204 -155.0977
3.564318 55.067 -153.7520
3.590146 54.925 -152.3253
3.616162 54.778 -150.8123
3.642366 54.625 -149.2072
3.668760 54.468 -147.5042
3.695346 54.308 -145.6961
3.722124 54.144 -143.7754
3.749096 53.979 -141.7330
3.776263 53.812 -139.5586
3.803627 53.645 -137.2397
3.831190 53.479 -134.7612
3.858953 53.315 -132.1044
3.886916 53.155 -129.2456
3.915082 53.000 -126.1538
3.943453 52.852 -122.7877
3.972028 52.711 -119.0913
4.000811 52.581 -114.9855
4.029803 52.462 -110.3570
4.059005 52.356 -105.0383
4.088418 52.264 -98.7769
4.118044 52.187 -91.1869
4.147885 52.127 -81.6867
4.177942 52.083 -69.4708
4.208218 52.057 -53.7290
4.238712 52.047 -34.5501
4.269427 52.055 -14.1191
4.300366 52.078 4.2866
4.331528 52.117 19.0094
4.362916 52.170 30.2975
4.394531 52.236 39.0092
4.426376 52.313 45.9026
4.458451 52.400 51.5090
4.490759 52.496 56.1786
4.523301 52.598 60.1415
4.556079 52.706 63.5511
4.589094 52.818 66.5125
4.622348 52.933 69.0991
4.655844 53.049 71.3636
4.689582 53.166 73.3450
4.723564 53.282 75.0717
4.757793 53.397 76.5654
4.792270 53.509 77.8424
4.826997 53.617 78.9141
4.861975 53.722 79.7885
4.897207 53.822 80.4700
4.932695 53.916 80.9592
4.968439 54.006 81.2532
5.004442 54.089 81.3447
5.040706 54.166 81.2212
5.077234 54.238 80.8639
5.114025 54.303 80.2460
5.151084 54.363 79.3303
5.188410 54.416 78.0660
5.226008 54.465 76.3845
5.263878 54.508 74.1933
5.302022 54.546 71.3706
5.340442 54.580 67.7588
5.379142 54.611 63.1644
5.418121 54.638 57.3746
5.457383 54.662 50.2117
5.496929 54.684 41.6483
5.536762 54.704 31.9655
5.576884 54.722 21.8316
5.617296 54.740 12.1364
5.658002 54.757 3.6382
5.699002 54.774 -3.2716
5.740299 54.792 -8.5437
5.781896 54.811 -12.3170
5.823794 54.831 -14.7874
5.865995 54.854 -16.1394
5.908503 54.880 -16.5245
5.951318 54.910 -16.0605
5.994444 54.944 -14.8401
6.037882 54.983 -12.9420
6.081635 55.027 -10.4421
6.125705 55.077 -7.4236
6.170095 55.133 -3.9838
6.214806 55.196 -0.2366
6.259841 55.266 3.6897
6.305202 55.342 7.6610
6.350892 55.424 11.5485
6.396913 55.512 15.2396
6.443268 55.605 18.6449
6.489959 55.703 21.7013
6.536988 55.805 24.3699
6.584357 55.910 26.6313
6.632070 56.018 28.4807
6.680129 56.128 29.9215
6.728536 56.238 30.9614
6.777294 56.349 31.6093
6.826405 56.460 31.8723
6.875872 56.569 31.7549
6.925697 56.678 31.2578
6.975884 56.785 30.3780
7.026434 56.889 29.1083
7.077350 56.992 27.4384
7.128635 57.093 25.3555
7.180293 57.191 22.8461
7.232324 57.288 19.8983
7.284732 57.382 16.5046
7.337520 57.475 12.6664
7.390691 57.567 8.3977
7.444247 57.657 3.7296
7.498191 57.748 -1.2874
7.552526 57.838 -6.5836
7.607255 57.929 -12.0737
7.662380 58.021 -17.6637
7.717905 58.115 -23.2612
7.773832 58.211 -28.7842
7.830165 58.311 -34.1674
7.886905 58.414 -39.3663
7.944057 58.521 -44.3556
8.001623 58.634 -49.1270
8.059606 58.752 -53.6842
8.118009 58.876 -58.0388
8.176836 59.007 -62.2057
8.236088 59.145 -66.2003
8.295770 59.289 -70.0363
8.355885 59.442 -73.7238
8.416435 59.601 -77.2694
8.477424 59.768 -80.6752
8.538855 59.941 -83.9402
8.600731 60.121 -87.0609
8.663055 60.307 -90.0321
8.725832 60.498 -92.8490
8.789063 60.694 -95.5078
8.852752 60.895 -98.0073
8.916902 61.099 -100.3496
8.981518 61.306 -102.5406
9.046602 61.515 -104.5911
9.112157 61.727 -106.5156
9.178188 61.939 -108.3335
9.244696 62.152 -110.0681
9.311687 62.365 -111.7464
9.379164 62.579 -113.3993
9.447129 62.792 -115.0605
9.515587 63.005 -116.7664
9.584541 63.218 -118.5559
9.653994 63.430 -120.4690
9.723951 63.641 -122.5457
9.794415 63.851 -124.8243
9.865389 64.060 -127.3379
9.936878 64.269 -130.5622
10.008884 64.477 -134.2603
10.081413 64.684 -138.2153
10.154467 64.889 -142.3901
10.228051 65.094 -146.7198
10.302167 65.296 -150.8790
10.376821 65.497 -154.8687
10.452016 65.696 -158.7037
10.527755 65.892 -162.2817
10.604044 66.085 -165.5221
10.680885 66.274 -168.2606
10.758283 66.460 -170.5537
10.836242 66.642 -172.4300
10.914766 66.818 -173.9071
10.993859 66.989 -175.0070
11.073525 67.155 -175.6978
11.153768 67.314 -176.0969
11.234593 67.467 -176.2444
11.316003 67.613 -176.1794
11.398004 67.752 -175.9047
11.480599 67.883 -175.4595
11.563792 68.007 -174.8997
11.647588 68.123 -174.2512
11.731991 68.232 -173.5297
11.817006 68.332 -172.7245
11.902637 68.425 -171.8900
11.988888 68.511 -171.0413
12.075764 68.590 -170.1914
12.163270 68.661 -169.3199
12.251411 68.727 -168.4659
12.340189 68.786 -167.6430
12.429611 68.840 -166.8603
12.519681 68.890 -166.1049
12.610404 68.936 -165.3992
12.701784 68.978 -164.7572
12.793827 69.018 -164.1854
12.886536 69.056 -163.6729
12.979917 69.092 -163.2352
13.073975 69.128 -162.8812
13.168715 69.163 -162.6132
13.264140 69.199 -162.4166
13.360258 69.234 -162.3035
13.457072 69.271 -162.2749
13.554587 69.308 -162.3271
13.652809 69.346 -162.4410
13.751743 69.385 -162.6273
13.851394 69.425 -162.8803
13.951767 69.466 -163.1895
14.052867 69.509 -163.5447
14.154700 69.553 -163.9464
14.257271 69.598 -164.3871
14.360585 69.645 -164.8517
14.464648 69.692 -165.3388
14.569465 69.741 -165.8445
14.675041 69.791 -166.3607
14.781382 69.842 -166.8779
14.888494 69.894 -167.3974
14.996382 69.947 -167.9156
15.105052 70.001 -168.4236
15.214510 70.056 -168.9244
15.324760 70.110 -169.4185
15.435810 70.165 -169.9037
15.547664 70.220 -170.3817
15.660329 70.276 -170.8582
15.773810 70.330 -171.3360
15.888114 70.385 -171.8181
16.003246 70.439 -172.3140
16.119212 70.494 -172.8310
16.236018 70.548 -173.3737
16.353671 70.601 -173.9537
16.472176 70.655 -174.5798
16.591541 70.709 -175.2582
16.711770 70.764 -176.0001
16.832870 70.819 -176.8139
16.954848 70.875 -177.7059
17.077710 70.932 -178.6843
17.201462 70.991 -179.7553
17.326111 71.051 179.0777
17.451663 71.113 177.8101
17.578125 71.177 176.4398
17.705503 71.243 174.9665
17.833805 71.311 173.3915
17.963036 71.382 171.7179
18.093203 71.455 169.9503
18.224314 71.531 168.0949
18.356375 71.609 166.1595
18.489393 71.689 164.1530
18.623375 71.772 162.0853
18.758327 71.857 159.9664
18.894258 71.944 157.8076
19.031174 72.032 155.6208
19.169081 72.122 153.4164
19.307988 72.213 151.2054
19.447902 72.306 148.9972
19.588829 72.399 146.7998
19.730778 72.492 144.6219
19.873756 72.586 142.4684
20.017769 72.680 140.3448
20.162826 72.773 138.2551
20.308934 72.866 136.2001
20.456101 72.958 134.1822
20.604334 73.049 132.1998
20.753642 73.140 130.2524
20.904031 73.229 128.3385
21.055511 73.317 126.4537
21.208087 73.404 124.5973
21.361770 73.489 122.7643
21.516566 73.573 120.9526
21.672484 73.656 119.1580
21.829532 73.738 117.3767
21.987718 73.818 115.6070
22.147050 73.897 113.8439
22.307536 73.974 112.0871
22.469186 74.051 110.3319
22.632007 74.125 108.5785
22.796008 74.198 106.8248
22.961197 74.270 105.0702
23.127583 74.339 103.3140
23.295175 74.407 101.5550
23.463982 74.472 99.7947
23.634011 74.535 98.0309
23.805273 74.595 96.2665
23.977776 74.652 94.4988
24.151529 74.706 92.7310
24.326541 74.756 90.9604
24.502821 74.802 89.1896
24.680379 74.844 87.4162
24.859223 74.882 85.6421
25.039363 74.914 83.8651
25.220808 74.941 82.0866
25.403569 74.963 80.3040
25.587654 74.979 78.5186
25.773072 74.988 76.7279
25.959835 74.992 74.9330
26.147950 74.989 73.1312
26.337429 74.980 71.3237
26.528281 74.964 69.5074
26.720516 74.941 67.6844
26.914144 74.911 65.8517
27.109175 74.875 64.0120
27.305619 74.831 62.1630
27.503487 74.781 60.3074
27.702788 74.723 58.4443
27.903534 74.659 56.5768
28.105735 74.587 54.7059
28.309400 74.509 52.8349
28.514542 74.424 50.9672
28.721170 74.333 49.1048
28.929296 74.235 47.2534
29.138929 74.130 45.4149
29.350082 74.019 43.5958
29.562765 73.901 41.7987
29.776989 73.778 40.0280
29.992765 73.648 38.2878
30.210105 73.512 36.5809
30.429020 73.371 34.9113
30.649521 73.225 33.2795
30.871620 73.073 31.6888
31.095328 72.917 30.1404
31.320658 72.755 28.6335
31.547620 72.590 27.1700
31.776228 72.421 25.7485
32.006491 72.248 24.3683
32.238423 72.072 23.0287
32.472036 71.893 21.7268
32.707342 71.713 20.4618
32.944353 71.530 19.2316
33.183081 71.347 18.0325
33.423540 71.162 16.8633
33.665740 70.977 15.7211
33.909696 70.793 14.6027
34.155420 70.610 13.5061
34.402924 70.428 12.4282
34.652222 70.249 11.3646
34.903326 70.073 10.3111
35.156250 69.900 9.2640
35.411007 69.732 8.2326
35.667609 69.568 7.2104
35.926072 69.411 6.1924
36.186407 69.262 5.1713
36.448628 69.120 4.1408
36.712750 68.986 3.0954
36.978786 68.863 2.0291
37.246749 68.751 0.9335
37.516655 68.650 -0.1973
37.788516 68.561 -1.3703
38.062347 68.485 -2.5936
38.338162 68.422 -3.8769
38.615977 68.373 -5.2265
38.895804 68.338 -6.6510
39.177659 68.315 -8.1590
39.461556 68.306 -9.7613
39.747511 68.310 -11.4639
40.035538 68.326 -13.2752
40.325652 68.352 -15.2035
40.617868 68.389 -17.2586
40.912202 68.436 -19.4487
41.208669 68.490 -21.7812
41.507284 68.553 -24.2651
41.808063 68.622 -26.9104
42.111021 68.697 -29.7275
42.416175 68.776 -32.7278
42.723540 68.860 -35.9243
43.033132 68.947 -39.3323
43.344968 69.038 -42.9688
43.659064 69.130 -46.8529
43.975435 69.224 -51.0060
44.294099 69.319 -55.4511
44.615073 69.415 -60.2129
44.938372 69.512 -65.3153
45.264014 69.608 -70.7812
45.592016 69.704 -76.6280
45.922394 69.799 -82.8644
46.255167 69.893 -89.4849
46.590351 69.986 -96.4651
46.927964 70.077 -103.7574
47.268023 70.167 -111.2898
47.610547 70.254 -118.9674
47.955552 70.339 -126.6808
48.303058 70.422 -134.3161
48.653082 70.502 -141.7687
49.005642 70.580 -148.9525
49.360757 70.655 -155.8038
49.718446 70.727 -162.2841
50.078726 70.798 -168.3767
50.441617 70.866 -174.0807
50.807138 70.934 -179.4073
51.175307 71.001 175.6256
51.546145 71.068 170.9965
51.919669 71.135 166.6822
52.295901 71.205 162.6599
52.674858 71.278 158.9080
53.056562 71.354 155.4059
53.441032 71.436 152.1353
53.828287 71.523 149.0786
54.218349 71.617 146.2191
54.611238 71.719 143.5427
55.006973 71.829 141.0345
55.405577 71.947 138.6804
55.807068 72.074 136.4665
56.211469 72.210 134.3799
56.618801 72.353 132.4076
57.029084 72.504 130.5367
57.442340 72.662 128.7546
57.858591 72.826 127.0483
58.277858 72.994 125.4056
58.700164 73.167 123.8150
59.125529 73.342 122.2653
59.553977 73.520 120.7459
59.985530 73.698 119.2471
60.420210 73.876 117.7601
60.858039 74.054 116.2787
61.299042 74.230 114.7963
61.743240 74.404 113.3080
62.190657 74.576 111.8104
62.641316 74.745 110.3015
63.095241 74.911 108.7807
63.552455 75.074 107.2473
64.012982 75.234 105.7028
64.476847 75.391 104.1491
64.944073 75.544 102.5887
65.414684 75.695 101.0235
65.888706 75.843 99.4568
66.366163 75.988 97.8917
66.847079 76.131 96.3302
67.331481 76.271 94.7738
67.819392 76.410 93.2238
68.310840 76.546 91.6810
68.805848 76.680 90.1450
69.304444 76.812 88.6149
69.806652 76.942 87.0882
70.312500 77.068 85.5629
70.822013 77.192 84.0350
71.335219 77.312 82.5023
71.852143 77.427 80.9611
72.372814 77.538 79.4081
72.897257 77.644 77.8413
73.425500 77.743 76.2567
73.957572 77.835 74.6544
74.493499 77.920 73.0319
75.033309 77.997 71.3905
75.577032 78.064 69.7300
76.124694 78.122 68.0530
76.676325 78.170 66.3611
77.231953 78.208 64.6591
77.791608 78.234 62.9511
78.355318 78.248 61.2433
78.923113 78.251 59.5414
79.495022 78.243 57.8528
80.071076 78.222 56.1851
80.651304 78.189 54.5466
81.235736 78.145 52.9462
81.824404 78.089 51.3932
82.417337 78.021 49.8971
83.014567 77.943 48.4676
83.616125 77.855 47.1145
84.222042 77.758 45.8482
84.832350 77.652 44.6788
85.447080 77.538 43.6158
86.066265 77.419 42.6692
86.689936 77.294 41.8487
87.318127 77.165 41.1626
87.950871 77.035 40.6185
88.588199 76.904 40.2230
89.230145 76.777 39.9807
89.876744 76.653 39.8941
90.528028 76.538 39.9628
91.184031 76.432 40.1828
91.844788 76.339 40.5459
92.510333 76.261 41.0396
93.180701 76.201 41.6474
93.855927 76.161 42.3480
94.536046 76.142 43.1158
95.221093 76.146 43.9231
95.911104 76.173 44.7396
96.606116 76.223 45.5360
97.306164 76.294 46.2830
98.011284 76.386 46.9532
98.721514 76.495 47.5236
99.436891 76.619 47.9749
100.157452 76.757 48.2922
100.883234 76.905 48.4651
101.614275 77.061 48.4863
102.350614 77.223 48.3508
103.092289 77.388 48.0570
103.839338 77.555 47.6059
104.591801 77.722 47.0003
105.349716 77.886 46.2445
106.113124 78.046 45.3444
106.882063 78.200 44.3068
107.656575 78.348 43.1393
108.436699 78.488 41.8494
109.222476 78.619 40.4464
110.013947 78.740 38.9389
110.811153 78.850 37.3358
111.614136 78.949 35.6464
112.422939 79.035 33.8802
113.237601 79.108 32.0465
114.058168 79.168 30.1545
114.884680 79.214 28.2141
115.717182 79.246 26.2349
116.555716 79.263 24.2267
117.400327 79.265 22.1985
118.251058 79.252 20.1596
119.107954 79.225 18.1193
119.971060 79.182 16.0865
120.840419 79.125 14.0695
121.716079 79.053 12.0757
122.598084 78.967 10.1124
123.486480 78.868 8.1857
124.381314 78.755 6.3010
125.282632 78.629 4.4630
126.190482 78.492 2.6755
127.104910 78.343 0.9412
128.025965 78.184 -0.7380
128.953694 78.015 -2.3610
129.888145 77.837 -3.9276
130.829368 77.653 -5.4391
131.777412 77.461 -6.8971
132.732325 77.265 -8.3043
133.694158 77.065 -9.6643
134.662961 76.863 -10.9822
135.638785 76.660 -12.2642
136.621679 76.459 -13.5171
137.611696 76.259 -14.7489
138.608887 76.065 -15.9683
139.613304 75.876 -17.1848
140.625000 75.694 -18.4080
141.644027 75.522 -19.6478
142.670438 75.359 -20.9135
143.704287 75.207 -22.2144
144.745627 75.067 -23.5596
145.794514 74.938 -24.9570
146.851001 74.821 -26.4137
147.915144 74.714 -27.9352
148.986998 74.616 -29.5256
150.066619 74.527 -31.1888
151.154063 74.444 -32.9266
152.249388 74.367 -34.7402
153.352650 74.293 -36.6294
154.463906 74.220 -38.5941
155.583216 74.149 -40.6337
156.710636 74.076 -42.7468
157.846226 74.001 -44.9318
158.990044 73.923 -47.1870
160.142152 73.842 -49.5117
161.302608 73.757 -51.9053
162.471473 73.667 -54.3679
163.648808 73.574 -56.9006
164.834675 73.477 -59.5052
166.029135 73.379 -62.1860
167.232251 73.279 -64.9481
168.444084 73.180 -67.7987
169.664700 73.083 -70.7477
170.894160 72.990 -73.8081
172.132530 72.902 -76.9954
173.379873 72.821 -80.3293
174.636255 72.749 -83.8350
175.901741 72.686 -87.5433
177.176398 72.631 -91.4927
178.460291 72.586 -95.7335
179.753488 72.548 -100.3320
181.056056 72.517 -105.3784
182.368062 72.490 -110.9973
183.689577 72.465 -117.3647
185.020667 72.439 -124.7329
186.361403 72.409 -133.4622
187.711854 72.374 -144.0442
189.072092 72.330 -157.0571
190.442186 72.276 -172.8913
191.822209 72.209 168.8864
193.212232 72.129 150.0097
194.612327 72.033 132.6685
196.022568 71.922 118.0470
197.443029 71.794 106.1334
198.873782 71.651 96.4005
200.314904 71.493 88.2944
201.766468 71.319 81.3824
203.228551 71.132 75.3563
204.701229 70.933 70.0030
206.184578 70.722 65.1750
207.678677 70.502 60.7678
209.183602 70.275 56.7075
210.699433 70.041 52.9402
212.226248 69.804 49.4268
213.764127 69.565 46.1379
215.313149 69.325 43.0518
216.873397 69.087 40.1526
218.444951 68.852 37.4292
220.027894 68.621 34.8737
221.622306 68.396 32.4816
223.228273 68.178 30.2505
224.845877 67.966 28.1806
226.475203 67.762 26.2754
228.116336 67.565 24.5404
229.769361 67.375 22.9832
231.434364 67.190 21.6136
233.111433 67.011 20.4430
234.800654 66.836 19.4828
236.502117 66.664 18.7440
238.215909 66.494 18.2369
239.942119 66.327 17.9686
241.680839 66.162 17.9416
243.432158 66.000 18.1542
245.196168 65.842 18.5988
246.972960 65.690 19.2626
248.762628 65.547 20.1284
250.565264 65.416 21.1746
252.380964 65.301 22.3762
254.209820 65.204 23.7054
256.051929 65.131 25.1312
257.907387 65.084 26.6193
259.776290 65.067 28.1317
261.658736 65.081 29.6279
263.554824 65.125 31.0657
265.464650 65.200 32.4048
267.388317 65.304 33.6089
269.325923 65.433 34.6495
271.277569 65.584 35.5078
273.243358 65.754 36.1761
275.223392 65.939 36.6589
277.217775 66.137 36.9708
279.226609 66.346 37.1343
281.250000 66.565 37.1777
283.288053 66.793 37.1328
285.340875 67.030 37.0313
287.408573 67.276 36.9014
289.491254 67.531 36.7665
291.589027 67.794 36.6414
293.702001 68.065 36.5300
295.830287 68.341 36.4245
297.973995 68.621 36.3064
300.133238 68.901 36.1457
302.308127 69.178 35.9059
304.498776 69.448 35.5477
306.705300 69.708 35.0342
308.927813 69.954 34.3359
311.166431 70.181 33.4335
313.421271 70.387 32.3203
315.692451 70.568 31.0029
317.980089 70.723 29.5005
320.284304 70.848 27.8438
322.605216 70.942 26.0732
324.942946 71.004 24.2367
327.297617 71.034 22.3889
329.669350 71.032 20.5900
332.058270 70.998 18.9036
334.464501 70.934 17.3962
336.888169 70.844 16.1360
339.329399 70.730 15.1897
341.788320 70.598 14.6191
344.265059 70.454 14.4755
346.759746 70.306 14.7908
349.272510 70.163 15.5681
351.803482 70.035 16.7722
354.352795 69.932 18.3242
356.920582 69.864 20.1022
359.506975 69.836 21.9550
362.112111 69.854 23.7242
364.736125 69.915 25.2671
367.379153 70.017 26.4759
370.041334 70.151 27.2840
372.722806 70.309 27.6650
375.423709 70.480 27.6249
378.144184 70.657 27.1915
380.884373 70.831 26.4066
383.644418 70.996 25.3174
386.424463 71.147 23.9724
389.224654 71.282 22.4180
392.045137 71.399 20.6971
394.886057 71.497 18.8462
397.747564 71.576 16.8964
400.629807 71.639 14.8741
403.532936 71.686 12.7982
406.457102 71.720 10.6825
409.402458 71.744 8.5345
412.369157 71.759 6.3588
415.357354 71.767 4.1575
418.367204 71.771 1.9318
421.398865 71.772 -0.3179
424.452495 71.770 -2.5914
427.528253 71.767 -4.8880
430.626299 71.763 -7.2054
433.746795 71.757 -9.5401
436.889903 71.748 -11.8877
440.055787 71.736 -14.2393
443.244613 71.719 -16.5819
446.456546 71.695 -18.8977
449.691754 71.664 -21.1618
452.950406 71.625 -23.3404
456.232671 71.578 -25.3900
459.538721 71.524 -27.2542
462.868728 71.464 -28.8640
466.222866 71.401 -30.1343
469.601309 71.340 -30.9630
473.004234 71.286 -31.2313
476.431817 71.245 -30.8103
479.884239 71.223 -29.5777
483.361678 71.225 -27.4511
486.864316 71.258 -24.4390
490.392335 71.323 -20.6985
493.945920 71.423 -16.5590
497.525256 71.556 -12.4693
501.130529 71.718 -8.8726
504.761927 71.904 -6.0858
508.419640 72.109 -4.2524
512.103859 72.327 -3.3698
515.814774 72.550 -3.3483
519.552581 72.775 -4.0632
523.317473 72.994 -5.3859
527.109647 73.203 -7.1999
530.929301 73.397 -9.4039
534.776633 73.571 -11.9117
538.651845 73.722 -14.6486
542.555139 73.846 -17.5459
546.486717 73.939 -20.5378
550.446785 74.000 -23.5569
554.435549 74.026 -26.5325
558.453218 74.016 -29.3873
562.500000 73.971 -32.0367
566.576107 73.890 -34.3886
570.681751 73.775 -36.3431
574.817146 73.629 -37.7968
578.982508 73.454 -38.6496
583.178054 73.255 -38.8182
587.404003 73.038 -38.2554
591.660574 72.807 -36.9741
595.947991 72.572 -35.0695
600.266475 72.340 -32.7250
604.616254 72.120 -30.1880
608.997552 71.921 -27.7186
613.410600 71.752 -25.5312
617.855626 71.620 -23.7570
622.332862 71.532 -22.4367
626.842543 71.492 -21.5372
631.384902 71.502 -20.9747
635.960177 71.561 -20.6363
640.568607 71.668 -20.3939
645.210431 71.817 -20.1142
649.885892 72.004 -19.6641
654.595233 72.222 -18.9239
659.338700 72.466 -17.8010
664.116540 72.729 -16.2546
668.929002 73.004 -14.3240
673.776337 73.286 -12.1488
678.658799 73.568 -9.9578
683.576640 73.844 -8.0244
688.530118 74.108 -6.5981
693.519491 74.353 -5.8492
698.545019 74.574 -5.8466
703.606964 74.765 -6.5709
708.705591 74.921 -7.9421
713.841163 75.039 -9.8488
719.013951 75.116 -12.1676
724.224222 75.148 -14.7748
729.472249 75.135 -17.5541
734.758306 75.077 -20.4002
740.082668 74.973 -23.2193
745.445612 74.827 -25.9313
750.847418 74.639 -28.4701
756.288368 74.415 -30.7850
761.768745 74.160 -32.8427
767.288835 73.878 -34.6260
772.848927 73.578 -36.1335
778.449309 73.266 -37.3785
784.090273 72.953 -38.3855
789.772115 72.647 -39.1868
795.495129 72.357 -39.8192
801.259614 72.094 -40.3212
807.065872 71.863 -40.7324
812.914204 71.670 -41.0934
818.804915 71.515 -41.4453
824.738313 71.395 -41.8285
830.714707 71.304 -42.2790
836.734408 71.234 -42.8239
842.797731 71.176 -43.4753
848.904991 71.119 -44.2254
855.056506 71.055 -45.0436
861.252598 70.977 -45.8773
867.493589 70.879 -46.6543
873.779805 70.757 -47.2878
880.111574 70.611 -47.6845
886.489225 70.439 -47.7535
892.913092 70.243 -47.4141
899.383508 70.025 -46.6075
905.900812 69.790 -45.3063
912.465342 69.540 -43.5186
919.077442 69.283 -41.2874
925.737456 69.023 -38.6823
932.445732 68.769 -35.7863
939.202618 68.528 -32.6828
946.008467 68.309 -29.4468
952.863634 68.119 -26.1426
959.768477 67.968 -22.8261
966.723355 67.860 -19.5495
973.728631 67.802 -16.3647
980.784670 67.794 -13.3221
987.891840 67.835 -10.4694
995.050512 67.920 -7.8500
1002.261058 68.045 -5.5026
1009.523855 68.201 -3.4600
1016.839281 68.380 -1.7496
1024.207717 68.573 -0.3914
1031.629549 68.773 0.6020
1039.105162 68.972 1.2273
1046.634946 69.162 1.4932
1054.219294 69.338 1.4214
1061.858602 69.496 1.0457
1069.553267 69.630 0.4096
1077.303691 69.738 -0.4365
1085.110277 69.817 -1.4387
1092.973434 69.868 -2.5438
1100.893570 69.889 -3.7057
1108.871098 69.882 -4.8873
1116.906436 69.850 -6.0610
1125.000000 69.794 -7.2103
1133.152214 69.718 -8.3271
1141.363502 69.625 -9.4087
1149.634292 69.520 -10.4532
1157.965016 69.406 -11.4554
1166.356108 69.290 -12.4068
1174.808005 69.177 -13.2948
1183.321148 69.074 -14.1028
1191.895981 68.985 -14.8115
1200.532951 68.919 -15.4019
1209.232507 68.879 -15.8575
1217.995105 68.868 -16.1663
1226.821199 68.889 -16.3241
1235.711251 68.939 -16.3383
1244.665724 69.016 -16.2291
1253.685085 69.113 -16.0316
1262.769804 69.225 -15.7951
1271.920355 69.346 -15.5807
1281.137214 69.468 -15.4546
1290.420862 69.586 -15.4820
1299.771784 69.696 -15.7186
1309.190466 69.793 -16.2057
1318.677400 69.876 -16.9669
1328.233080 69.944 -18.0063
1337.858004 69.994 -19.3118
1347.552675 70.029 -20.8582
1357.317597 70.047 -22.6104
1367.153280 70.050 -24.5255
1377.060236 70.039 -26.5558
1387.038982 70.014 -28.6505
1397.090039 69.975 -30.7557
1407.213929 69.923 -32.8137
1417.411181 69.859 -34.7608
1427.682327 69.783 -36.5243
1438.027902 69.696 -38.0195
1448.448444 69.598 -39.1477
1458.944499 69.494 -39.7905
1469.516612 69.385 -39.8063
1480.165335 69.276 -39.0294
1490.891224 69.172 -37.2776
1501.694836 69.075 -34.3772
1512.576736 68.991 -30.2238
1523.537490 68.922 -24.8832
1534.577671 68.871 -18.6934
1545.697853 68.838 -12.2620
1556.898617 68.821 -6.2881
1568.180546 68.821 -1.3063
1579.544229 68.833 2.4443
1590.990258 68.855 4.9796
1602.519229 68.883 6.4570
1614.131744 68.912 7.0803
1625.828408 68.942 7.0477
1637.609831 68.970 6.5308
1649.476627 68.995 5.6687
1661.429414 69.019 4.5702
1673.468817 69.043 3.3178
1685.595461 69.069 1.9725
1697.809981 69.100 0.5763
1710.113012 69.138 -0.8427
1722.505196 69.183 -2.2669
1734.987179 69.236 -3.6863
1747.559611 69.295 -5.0957
1760.223148 69.359 -6.4926
1772.978451 69.425 -7.8760
1785.826183 69.490 -9.2457
1798.767016 69.552 -10.6019
1811.801623 69.608 -11.9459
1824.930685 69.656 -13.2808
1838.154885 69.695 -14.6115
1851.474913 69.725 -15.9437
1864.891463 69.744 -17.2836
1878.405236 69.752 -18.6356
1892.016934 69.750 -20.0015
1905.727269 69.736 -21.3770
1919.536954 69.710 -22.7527
1933.446710 69.670 -24.1121
1947.457262 69.615 -25.4299
1961.569340 69.544 -26.6730
1975.783680 69.456 -27.8015
1990.101023 69.348 -28.7674
2004.522116 69.219 -29.5177
2019.047709 69.068 -29.9963
2033.678561 68.895 -30.1492
2048.415435 68.703 -29.9319
2063.259097 68.492 -29.3164
2078.210323 68.269 -28.2989
2093.269892 68.038 -26.9081
2108.438588 67.808 -25.2075
2123.717204 67.586 -23.2930
2139.106534 67.381 -21.2825
2154.607382 67.203 -19.3012
2170.220555 67.057 -17.4641
2185.946868 66.949 -15.8622
2201.787140 66.880 -14.5571
2217.742197 66.848 -13.5790
2233.812871 66.847 -12.9321
2250.000000 66.873 -12.6021
2266.304428 66.919 -12.5637
2282.727004 66.977 -12.7863
2299.268584 67.042 -13.2377
2315.930032 67.109 -13.8871
2332.712216 67.173 -14.7048
2349.616010 67.231 -15.6631
2366.642297 67.280 -16.7342
2383.791962 67.317 -17.8893
2401.065902 67.342 -19.0988
2418.465015 67.352 -20.3322
2435.990209 67.349 -21.5596
2453.642398 67.332 -22.7522
2471.422503 67.302 -23.8839
2489.331449 67.262 -24.9329
2507.370171 67.212 -25.8832
2525.539609 67.157 -26.7254
2543.840710 67.097 -27.4562
2562.274428 67.034 -28.0781
2580.841725 66.970 -28.5961
2599.543568 66.904 -29.0169
2618.380932 66.835 -29.3457
2637.354800 66.763 -29.5837
2656.466160 66.686 -29.7272
2675.716009 66.602 -29.7659
2695.105350 66.512 -29.6832
2714.635194 66.413 -29.4573
2734.306560 66.308 -29.0638
2754.120472 66.198 -28.4775
2774.077965 66.085 -27.6777
2794.180077 65.975 -26.6525
2814.427858 65.871 -25.4059
2834.822362 65.780 -23.9626
2855.364654 65.706 -22.3692
2876.055803 65.656 -20.6943
2896.896889 65.631 -19.0220
2917.888998 65.634 -17.4433
2939.033224 65.664 -16.0441
2960.330671 65.717 -14.8941
2981.782447 65.790 -14.0403
3003.389672 65.876 -13.5048
3025.153472 65.968 -13.2860
3047.074981 66.061 -13.3635
3069.155342 66.148 -13.7021
3091.395707 66.226 -14.2571
3113.797234 66.289 -14.9794
3136.361093 66.337 -15.8166
3159.088458 66.368 -16.7167
3181.980515 66.382 -17.6287
3205.038458 66.382 -18.5037
3228.263488 66.370 -19.2974
3251.656816 66.351 -19.9694
3275.219661 66.328 -20.4841
3298.953253 66.306 -20.8132
3322.858828 66.291 -20.9385
3346.937633 66.287 -20.8526
3371.190923 66.296 -20.5620
3395.619962 66.322 -20.0897
3420.226024 66.365 -19.4750
3445.010392 66.423 -18.7694
3469.974357 66.495 -18.0345
3495.119222 66.578 -17.3354
3520.446296 66.668 -16.7321
3545.956901 66.762 -16.2742
3571.652367 66.856 -15.9990
3597.534032 66.948 -15.9285
3623.603247 67.035 -16.0707
3649.861370 67.114 -16.4218
3676.309770 67.184 -16.9680
3702.949826 67.245 -17.6888
3729.782927 67.296 -18.5589
3756.810471 67.335 -19.5497
3784.033869 67.363 -20.6310
3811.454538 67.380 -21.7713
3839.073909 67.387 -22.9399
3866.893421 67.383 -24.1073
3894.914525 67.371 -25.2458
3923.138681 67.353 -26.3319
3951.567361 67.330 -27.3463
3980.202047 67.306 -28.2772
4009.044232 67.284 -29.1216
4038.095419 67.266 -29.8832
4067.357123 67.255 -30.5737
4096.830869 67.251 -31.2098
4126.518194 67.255 -31.8116
4156.420646 67.264 -32.3983
4186.539784 67.277 -32.9843
4216.877177 67.290 -33.5773
4247.434407 67.300 -34.1757
4278.213068 67.304 -34.7697
4309.214763 67.299 -35.3423
4340.441110 67.283 -35.8721
4371.893735 67.254 -36.3354
4403.574279 67.213 -36.7099
4435.484394 67.160 -36.9774
4467.625742 67.097 -37.1253
4500.000000 67.026 -37.1486
4532.608855 66.949 -37.0509
4565.454007 66.869 -36.8431
4598.537169 66.791 -36.5430
4631.860065 66.717 -36.1736
4665.424432 66.649 -35.7611
4699.232021 66.590 -35.3321
4733.284593 66.540 -34.9095
4767.583925 66.501 -34.5099
4802.131803 66.471 -34.1429
4836.930030 66.449 -33.8106
4871.980419 66.433 -33.5074
4907.284797 66.422 -33.2237
4942.845006 66.415 -32.9485
4978.662898 66.413 -32.6731
5014.740342 66.414 -32.3940
5051.079217 66.421 -32.1158
5087.681420 66.434 -31.8504
5124.548856 66.455 -31.6157
5161.683450 66.485 -31.4318
5199.087136 66.523 -31.3177
5236.761864 66.570 -31.2888
5274.709600 66.623 -31.3535
5312.932320 66.680 -31.5111
5351.432018 66.740 -31.7543
5390.210700 66.801 -32.0685
5429.270389 66.859 -32.4352
5468.613120 66.914 -32.8340
5508.240945 66.963 -33.2454
5548.155929 67.007 -33.6530
5588.360154 67.043 -34.0453
5628.855716 67.072 -34.4166
5669.644725 67.093 -34.7648
5710.729307 67.106 -35.0944
5752.111606 67.111 -35.4127
5793.793778 67.110 -35.7294
5835.777996 67.102 -36.0551
5878.066449 67.089 -36.4006
5920.661342 67.071 -36.7737
5963.564894 67.050 -37.1794
6006.779344 67.027 -37.6176
6050.306943 67.002 -38.0823
6094.149961 66.975 -38.5605
6138.310684 66.946 -39.0336
6182.791414 66.917 -39.4785
6227.594469 66.888 -39.8696
6272.722186 66.861 -40.1816
6318.176916 66.836 -40.3913
6363.961031 66.816 -40.4808
6410.076916 66.802 -40.4402
6456.526975 66.796 -40.2688
6503.313631 66.800 -39.9763
6550.439323 66.814 -39.5828
6597.906506 66.839 -39.1170
6645.717657 66.874 -38.6135
6693.875266 66.918 -38.1090
6742.381846 66.970 -37.6387
6791.239924 67.026 -37.2324
6840.452048 67.085 -36.9130
6890.020784 67.144 -36.6956
6939.948714 67.201 -36.5871
6990.238444 67.254 -36.5870
7040.892593 67.302 -36.6883
7091.913803 67.343 -36.8809
7143.304734 67.379 -37.1540
7195.068065 67.408 -37.4975
7247.206494 67.430 -37.9024
7299.722739 67.447 -38.3616
7352.619540 67.458 -38.8694
7405.899652 67.462 -39.4197
7459.565853 67.460 -40.0052
7513.620943 67.450 -40.6171
7568.067737 67.434 -41.2424
7622.909076 67.410 -41.8649
7678.147817 67.379 -42.4676
7733.786842 67.342 -43.0320
7789.829049 67.300 -43.5415
7846.277361 67.254 -43.9814
7903.134722 67.206 -44.3406
7960.404094 67.157 -44.6143
8018.088463 67.111 -44.8029
8076.190838 67.068 -44.9111
8134.714246 67.031 -44.9490
8193.661738 67.000 -44.9310
8253.036389 66.979 -44.8746
8312.841293 66.967 -44.7993
8373.079567 66.968 -44.7273
8433.754353 66.982 -44.6818
8494.868814 67.010 -44.6849
8556.426135 67.053 -44.7574
8618.429526 67.109 -44.9180
8680.882219 67.178 -45.1804
8743.787470 67.255 -45.5536
8807.148559 67.339 -46.0411
8870.968788 67.425 -46.6411
8935.251484 67.510 -47.3463
9000.000000 67.588 -48.1441
9065.217710 67.657 -49.0172
9130.908014 67.713 -49.9435
9197.074338 67.754 -50.8975
9263.720130 67.778 -51.8521
9330.848865 67.785 -52.7803
9398.464042 67.775 -53.6589
9466.569187 67.749 -54.4696
9535.167849 67.710 -55.2014
9604.263606 67.661 -55.8514
9673.860059 67.603 -56.4255
9743.960837 67.541 -56.9366
9814.569594 67.476 -57.4033
9885.690011 67.411 -57.8477
9957.325796 67.348 -58.2924
10029.480683 67.288 -58.7584
10102.158435 67.229 -59.2623
10175.362839 67.172 -59.8148
10249.097713 67.115 -60.4202
10323.366900 67.058 -61.0756
10398.174272 66.998 -61.7720
10473.523729 66.934 -62.4960
10549.419199 66.866 -63.2313
10625.864640 66.794 -63.9611
10702.864035 66.718 -64.6694
10780.421400 66.640 -65.3420
10858.540777 66.561 -65.9694
10937.226240 66.482 -66.5461
11016.481890 66.406 -67.0724
11096.311859 66.333 -67.5534
11176.720309 66.266 -67.9975
11257.711431 66.204 -68.4167
11339.289449 66.150 -68.8244
11421.458615 66.102 -69.2333
11504.223212 66.060 -69.6548
11587.587556 66.024 -70.0978
11671.555992 65.993 -70.5682
11756.132898 65.964 -71.0686
11841.322683 65.938 -71.5981
11927.129788 65.912 -72.1526
12013.558688 65.886 -72.7256
12100.613886 65.858 -73.3080
12188.299922 65.827 -73.8884
12276.621368 65.794 -74.4557
12365.582827 65.757 -74.9992
12455.188938 65.718 -75.5106
12545.444371 65.676 -75.9838
12636.353832 65.632 -76.4171
12727.922061 65.586 -76.8123
12820.153831 65.538 -77.1754
12913.053951 65.487 -77.5142
13006.627263 65.434 -77.8397
13100.878646 65.378 -78.1630
13195.813013 65.320 -78.4949
13291.435313 65.258 -78.8449
13387.750533 65.194 -79.2197
13484.763692 65.127 -79.6228
13582.479848 65.057 -80.0529
13680.904096 64.984 -80.5045
13780.041567 64.909 -80.9699
13879.897429 64.833 -81.4374
13980.476887 64.755 -81.8934
14081.785186 64.678 -82.3251
14183.827606 64.601 -82.7208
14286.609468 64.526 -83.0720
14390.136129 64.454 -83.3740
14494.412988 64.387 -83.6270
14599.445479 64.325 -83.8368
14705.239079 64.269 -84.0142
14811.799303 64.220 -84.1724
14919.131707 64.177 -84.3262
15027.241885 64.140 -84.4914
15136.135475 64.107 -84.6805
15245.818152 64.078 -84.9022
15356.295635 64.051 -85.1617
15467.573683 64.024 -85.4598
15579.658098 63.998 -85.7941
15692.554723 63.971 -86.1593
15806.269443 63.942 -86.5491
15920.808187 63.911 -86.9572
16036.176927 63.879 -87.3777
16152.381675 63.846 -87.8068
16269.428491 63.812 -88.2422
16387.323477 63.777 -88.6844
16506.072778 63.741 -89.1351
16625.682585 63.705 -89.5964
16746.159135 63.666 -90.0709
16867.508707 63.626 -90.5598
16989.737628 63.582 -91.0613
17112.852271 63.534 -91.5717
17236.859053 63.482 -92.0873
17361.764439 63.425 -92.5991
17487.574941 63.364 -93.0959
17614.297118 63.299 -93.5862
17741.937576 63.231 -94.0683
17870.502969 63.161 -94.4893
18000.000000 63.090 -94.8474
18130.435420 63.019 -95.1610
18261.816029 62.950 -95.4348
18394.148676 62.884 -95.6734
18527.440260 62.821 -95.8821
18661.697729 62.762 -96.0664
18796.928084 62.707 -96.2309
18933.138373 62.656 -96.3806
19070.335698 62.609 -96.5208
19208.527212 62.566 -96.6551
19347.720119 62.526 -96.7884
19487.921674 62.490 -96.9266
19629.139188 62.455 -97.0772
19771.380022 62.423 -97.2501
19914.651592 62.391 -97.4590
20058.961367 62.359 -97.6476
20204.316870 62.325 -97.6804
20350.725678 62.289 -97.7493
20498.195426 62.247 -97.8593
20646.733800 62.198 -98.0139
20796.348544 62.140 -98.2153
20947.047458 62.072 -98.4646
21098.838399 61.992 -98.7618
21251.729279 61.900 -99.1068
21405.728070 61.795 -99.4991
21560.842800 61.681 -99.9391
21717.081554 61.559 -100.4283
21874.452480 61.434 -100.9689
22032.963779 61.311 -101.5641
22192.623718 61.195 -102.2170
22353.440617 61.092 -102.9292
22515.422863 61.006 -103.7001
22678.578898 60.940 -104.5256
22842.917229 60.893 -105.3987
23008.446424 60.863 -106.3102
23175.175112 60.846 -107.2503
23343.111984 60.839 -108.2105
23512.265796 60.836 -109.1844
23682.645366 60.835 -110.1682
23854.259577 60.834 -111.1600
24027.117375 60.834 -112.1591
