* Measurement data measured by REW V5.40 beta 73
* Source: Trace Arithmetic result A / B
* Format: Trace Arithmetic result A / B
* Dated: Mar 11, 2025 7:31:23 AM
* REW Settings:
*  C-weighting compensation: Off
*  Target level: 75.0 dB
* Note: ; Trace Arithmetic A over B A = Target RMS + phase average B = L1-MP Maximum gain 0.0 dB Lower frequency limit 20 Hz Upper frequency limit 224 Hz
* Measurement: Target RMS + PH-avg vs L1-MP
* Smoothing: 1/48 octave
* Frequency Step: 96 ppo
* Start Frequency: 0.36621094 Hz
*
* Freq(Hz) SPL(dB) Phase(degrees)
0.366211 0.006 -0.0000
0.368865 0.006 -0.0000
0.371538 0.006 -0.0000
0.374230 0.006 -0.0000
0.376942 0.007 -0.0000
0.379673 0.007 -0.0000
0.382424 0.007 -0.0000
0.385196 0.007 -0.0000
0.387987 0.007 -0.0000
0.390798 0.007 -0.0000
0.393630 0.007 -0.0000
0.396483 0.007 -0.0000
0.399356 0.007 -0.0000
0.402250 0.007 -0.0000
0.405165 0.007 -0.0000
0.408101 0.007 -0.0000
0.411058 0.007 -0.0000
0.414037 0.007 -0.0000
0.417037 0.007 -0.0000
0.420059 0.007 -0.0000
0.423103 0.008 -0.0000
0.426169 0.008 -0.0000
0.429257 0.008 -0.0000
0.432368 0.008 -0.0000
0.435501 0.008 -0.0000
0.438656 0.008 -0.0000
0.441835 0.008 -0.0000
0.445037 0.008 -0.0000
0.448262 0.008 -0.0000
0.451510 0.008 -0.0000
0.454782 0.008 -0.0000
0.458077 0.008 -0.0000
0.461397 0.008 -0.0000
0.464740 0.008 0.0000
0.468108 0.009 0.0000
0.471500 0.009 0.0000
0.474917 0.009 0.0000
0.478358 0.009 0.0000
0.481825 0.009 0.0000
0.485316 0.009 0.0000
0.488833 0.009 0.0000
0.492375 0.009 0.0000
0.495943 0.009 0.0000
0.499537 0.009 0.0000
0.503157 0.009 0.0000
0.506803 0.009 0.0000
0.510475 0.009 0.0000
0.514175 0.010 0.0000
0.517900 0.010 0.0000
0.521653 0.010 0.0000
0.525434 0.010 0.0000
0.529241 0.010 0.0000
0.533076 0.010 0.0000
0.536939 0.010 0.0000
0.540830 0.010 0.0000
0.544749 0.010 0.0000
0.548696 0.010 0.0000
0.552673 0.010 0.0000
0.556677 0.010 0.0000
0.560711 0.011 0.0000
0.564774 0.011 0.0000
0.568867 0.011 0.0000
0.572989 0.011 0.0000
0.577141 0.011 0.0000
0.581324 0.011 0.0000
0.585536 0.011 0.0000
0.589779 0.011 0.0000
0.594053 0.011 0.0000
0.598358 0.011 0.0000
0.602694 0.011 0.0000
0.607061 0.012 0.0000
0.611460 0.012 0.0000
0.615891 0.012 0.0000
0.620354 0.012 0.0000
0.624849 0.012 0.0001
0.629377 0.012 0.0001
0.633938 0.012 0.0001
0.638532 0.012 0.0001
0.643159 0.012 0.0001
0.647819 0.012 0.0001
0.652514 0.013 0.0001
0.657242 0.013 0.0001
0.662005 0.013 0.0001
0.666802 0.013 0.0001
0.671634 0.013 0.0001
0.676501 0.013 0.0001
0.681403 0.013 0.0001
0.686341 0.013 0.0001
0.691314 0.013 0.0001
0.696324 0.014 0.0001
0.701370 0.014 0.0001
0.706452 0.014 0.0001
0.711571 0.014 0.0001
0.716728 0.014 0.0001
0.721921 0.014 0.0001
0.727153 0.014 0.0001
0.732422 0.014 0.0001
0.737729 0.014 0.0001
0.743075 0.014 0.0001
0.748460 0.014 0.0001
0.753883 0.014 0.0001
0.759346 0.014 0.0001
0.764849 0.014 0.0001
0.770391 0.014 0.0001
0.775974 0.014 0.0001
0.781597 0.014 0.0001
0.787261 0.014 0.0001
0.792966 0.014 0.0001
0.798712 0.014 0.0000
0.804500 0.014 0.0000
0.810329 0.013 0.0000
0.816201 0.013 0.0000
0.822116 0.013 0.0000
0.828073 0.013 0.0000
0.834074 0.013 0.0000
0.840118 0.013 0.0000
0.846206 0.012 0.0000
0.852338 0.012 0.0000
0.858514 0.012 0.0000
0.864735 0.012 0.0000
0.871001 0.012 0.0000
0.877313 0.012 0.0000
0.883670 0.011 0.0000
0.890074 0.011 0.0000
0.896524 0.011 0.0000
0.903020 0.011 0.0000
0.909564 0.010 0.0000
0.916155 0.010 -0.0000
0.922794 0.010 -0.0000
0.929481 0.010 -0.0000
0.936216 0.010 -0.0000
0.943000 0.009 -0.0000
0.949834 0.009 -0.0000
0.956717 0.009 -0.0000
0.963649 0.009 -0.0000
0.970632 0.009 -0.0000
0.977666 0.008 -0.0000
0.984750 0.008 -0.0000
0.991886 0.008 -0.0000
0.999074 0.008 -0.0000
1.006314 0.008 -0.0000
1.013606 0.007 -0.0000
1.020951 0.007 -0.0000
1.028349 0.007 -0.0000
1.035801 0.007 -0.0001
1.043307 0.007 -0.0001
1.050867 0.007 -0.0001
1.058482 0.007 -0.0001
1.066152 0.006 -0.0001
1.073878 0.006 -0.0001
1.081660 0.006 -0.0001
1.089498 0.006 -0.0001
1.097393 0.006 -0.0001
1.105345 0.006 -0.0001
1.113355 0.006 -0.0001
1.121423 0.006 -0.0001
1.129549 0.006 -0.0001
1.137734 0.007 -0.0001
1.145979 0.007 -0.0001
1.154283 0.007 -0.0001
1.162647 0.007 -0.0001
1.171072 0.007 -0.0001
1.179558 0.007 -0.0001
1.188106 0.007 -0.0000
1.196715 0.008 -0.0000
1.205387 0.008 -0.0000
1.214122 0.008 -0.0000
1.222920 0.008 -0.0000
1.231782 0.009 -0.0000
1.240708 0.009 -0.0000
1.249699 0.009 -0.0000
1.258754 0.010 -0.0000
1.267876 0.010 -0.0000
1.277063 0.010 -0.0000
1.286318 0.010 -0.0000
1.295639 0.011 -0.0000
1.305027 0.011 -0.0000
1.314484 0.011 0.0000
1.324009 0.012 0.0000
1.333604 0.012 0.0000
1.343268 0.012 0.0000
1.353002 0.013 0.0000
1.362806 0.013 0.0000
1.372681 0.013 0.0000
1.382628 0.013 0.0000
1.392647 0.013 0.0000
1.402739 0.014 0.0000
1.412904 0.014 0.0000
1.423142 0.014 0.0000
1.433455 0.014 0.0000
1.443843 0.014 0.0000
1.454305 0.014 0.0000
1.464844 0.014 0.0000
1.475459 0.014 0.0000
1.486150 0.014 0.0000
1.496920 0.014 0.0000
1.507767 0.014 0.0000
1.518693 0.014 0.0000
1.529698 0.014 0.0000
1.540783 0.013 0.0000
1.551948 0.013 0.0000
1.563194 0.013 0.0000
1.574521 0.013 0.0000
1.585931 0.012 0.0000
1.597423 0.012 0.0000
1.608999 0.012 0.0000
1.620658 0.011 0.0000
1.632402 0.011 0.0000
1.644232 0.010 0.0000
1.656146 0.010 0.0000
1.668147 0.010 0.0000
1.680235 0.009 -0.0000
1.692411 0.009 -0.0000
1.704675 0.009 -0.0000
1.717028 0.008 -0.0000
1.729470 0.008 -0.0000
1.742003 0.007 -0.0000
1.754626 0.007 -0.0000
1.767341 0.007 -0.0000
1.780147 0.007 -0.0000
1.793047 0.007 -0.0000
1.806040 0.006 -0.0000
1.819128 0.006 -0.0000
1.832310 0.006 -0.0000
1.845587 0.006 -0.0000
1.858961 0.006 -0.0000
1.872432 0.007 -0.0000
1.886001 0.007 -0.0000
1.899667 0.007 -0.0000
1.913433 0.007 -0.0000
1.927299 0.008 -0.0000
1.941265 0.008 -0.0000
1.955332 0.008 -0.0000
1.969501 0.009 -0.0000
1.983773 0.009 -0.0000
1.998148 0.010 -0.0000
2.012627 0.010 -0.0000
2.027212 0.011 -0.0000
2.041902 0.011 0.0000
2.056698 0.012 0.0000
2.071602 0.012 0.0000
2.086614 0.013 0.0000
2.101734 0.013 0.0000
2.116964 0.013 0.0000
2.132304 0.014 0.0000
2.147756 0.014 0.0000
2.163320 0.014 0.0000
2.178996 0.014 0.0000
2.194786 0.014 0.0000
2.210690 0.014 0.0000
2.226710 0.014 0.0000
2.242845 0.014 0.0000
2.259098 0.014 0.0000
2.275468 0.013 0.0000
2.291957 0.013 0.0000
2.308566 0.013 0.0000
2.325295 0.012 0.0000
2.342145 0.012 0.0000
2.359117 0.011 0.0000
2.376212 0.010 0.0000
2.393431 0.010 0.0000
2.410775 0.009 0.0000
2.428244 0.009 0.0000
2.445840 0.008 -0.0000
2.463564 0.008 -0.0000
2.481416 0.007 -0.0000
2.499397 0.007 -0.0000
2.517509 0.007 -0.0000
2.535752 0.006 -0.0000
2.554127 0.006 -0.0000
2.572635 0.006 -0.0000
2.591277 0.006 -0.0000
2.610055 0.007 -0.0000
2.628968 0.007 -0.0000
2.648019 0.007 -0.0000
2.667208 0.008 -0.0000
2.686535 0.008 -0.0000
2.706003 0.009 -0.0000
2.725612 0.010 -0.0000
2.745363 0.010 -0.0000
2.765257 0.011 -0.0000
2.785295 0.012 -0.0000
2.805478 0.012 -0.0000
2.825808 0.013 -0.0000
2.846285 0.013 -0.0000
2.866910 0.014 -0.0000
2.887685 0.014 -0.0000
2.908611 0.014 -0.0000
2.929688 0.014 0.0000
2.950917 0.014 0.0000
2.972301 0.014 0.0000
2.993839 0.014 0.0000
3.015534 0.013 0.0000
3.037386 0.013 0.0000
3.059396 0.012 0.0000
3.081565 0.011 0.0000
3.103896 0.011 0.0000
3.126388 0.010 0.0000
3.149043 0.009 0.0000
3.171862 0.008 0.0000
3.194847 0.008 0.0000
3.217998 0.007 0.0000
3.241317 0.007 0.0000
3.264805 0.007 0.0000
3.288463 0.006 0.0000
3.312293 0.006 0.0000
3.336295 0.007 0.0000
3.360471 0.007 0.0000
3.384822 0.008 0.0000
3.409350 0.008 0.0000
3.434056 0.009 0.0000
3.458940 0.010 0.0000
3.484005 0.010 0.0000
3.509252 0.011 -0.0000
3.534681 0.012 -0.0000
3.560295 0.013 -0.0000
3.586094 0.013 -0.0000
3.612081 0.014 -0.0000
3.638255 0.014 -0.0000
3.664620 0.014 -0.0000
3.691175 0.014 -0.0000
3.717923 0.014 -0.0000
3.744864 0.013 -0.0000
3.772001 0.013 -0.0000
3.799335 0.012 -0.0000
3.826866 0.011 -0.0000
3.854597 0.010 -0.0000
3.882529 0.009 0.0000
3.910664 0.008 0.0000
3.939002 0.008 0.0000
3.967546 0.007 0.0000
3.996296 0.007 0.0000
4.025255 0.006 0.0000
4.054423 0.007 0.0000
4.083804 0.007 0.0000
4.113396 0.007 0.0000
4.143204 0.008 0.0000
4.173227 0.009 0.0000
4.203468 0.010 0.0000
4.233928 0.011 0.0000
4.264609 0.012 0.0000
4.295512 0.013 0.0000
4.326639 0.013 -0.0000
4.357992 0.014 -0.0000
4.389572 0.014 -0.0000
4.421380 0.014 -0.0000
4.453419 0.014 -0.0000
4.485691 0.013 -0.0000
4.518196 0.012 -0.0000
4.550936 0.011 0.0000
4.583914 0.010 0.0000
4.617131 0.009 0.0000
4.650589 0.008 0.0000
4.684289 0.007 0.0000
4.718233 0.007 0.0000
4.752424 0.006 0.0000
4.786862 0.007 0.0000
4.821549 0.007 0.0000
4.856488 0.008 0.0000
4.891680 0.009 0.0000
4.927127 0.010 -0.0000
4.962831 0.011 -0.0000
4.998794 0.012 -0.0000
5.035017 0.013 -0.0000
5.071503 0.014 -0.0000
5.108253 0.014 -0.0000
5.145270 0.014 -0.0000
5.182555 0.014 -0.0000
5.220110 0.013 -0.0000
5.257937 0.012 -0.0000
5.296038 0.011 -0.0000
5.334415 0.010 -0.0000
5.373071 0.008 -0.0000
5.412006 0.007 -0.0000
5.451224 0.007 -0.0000
5.490725 0.007 -0.0000
5.530514 0.007 -0.0000
5.570590 0.007 -0.0000
5.610957 0.008 -0.0000
5.651616 0.010 0.0000
5.692570 0.011 0.0000
5.733821 0.012 0.0000
5.775370 0.013 0.0000
5.817221 0.014 0.0000
5.859375 0.014 0.0000
5.901834 0.014 0.0000
5.944602 0.013 0.0000
5.987679 0.012 0.0000
6.031068 0.011 0.0000
6.074771 0.009 0.0000
6.118792 0.008 0.0000
6.163131 0.007 0.0000
6.207792 0.007 0.0000
6.252776 0.007 0.0000
6.298086 0.007 -0.0000
6.343725 0.008 -0.0000
6.389694 0.010 -0.0000
6.435996 0.011 -0.0000
6.482634 0.012 -0.0000
6.529610 0.013 -0.0000
6.576926 0.014 -0.0000
6.624585 0.014 -0.0000
6.672590 0.013 -0.0000
6.720942 0.012 -0.0000
6.769645 0.010 0.0000
6.818700 0.009 0.0000
6.868111 0.008 0.0000
6.917881 0.007 0.0000
6.968010 0.007 0.0000
7.018504 0.007 0.0000
7.069362 0.008 -0.0000
7.120590 0.010 -0.0000
7.172189 0.011 -0.0000
7.224161 0.013 -0.0000
7.276511 0.014 -0.0000
7.329239 0.014 -0.0000
7.382350 0.013 -0.0000
7.435845 0.012 -0.0000
7.489729 0.011 0.0000
7.544002 0.009 0.0000
7.598669 0.008 0.0000
7.653732 0.007 0.0000
7.709194 0.007 0.0000
7.765058 0.008 0.0000
7.821327 0.009 0.0000
7.878004 0.010 -0.0000
7.935091 0.012 -0.0000
7.992592 0.013 -0.0000
8.050510 0.014 -0.0000
8.108847 0.013 -0.0000
8.167607 0.012 -0.0000
8.226793 0.011 0.0000
8.286408 0.009 0.0000
8.346454 0.008 0.0000
8.406936 0.007 0.0000
8.467856 0.007 0.0000
8.529218 0.008 0.0000
8.591024 0.010 -0.0000
8.653278 0.012 -0.0000
8.715983 0.013 -0.0000
8.779143 0.014 -0.0001
8.842760 0.013 -0.0000
8.906839 0.012 -0.0000
8.971381 0.010 0.0000
9.036392 0.009 0.0000
9.101873 0.007 0.0001
9.167829 0.007 0.0001
9.234263 0.008 0.0001
9.301178 0.009 0.0000
9.368578 0.011 -0.0000
9.436467 0.013 -0.0000
9.504847 0.014 -0.0001
9.573723 0.013 -0.0001
9.643099 0.012 -0.0000
9.712976 0.010 -0.0000
9.783361 0.008 -0.0000
9.854255 0.007 0.0000
9.925663 0.007 0.0000
9.997588 0.008 0.0001
10.070035 0.010 0.0001
10.143007 0.012 0.0001
10.216507 0.013 0.0001
10.290540 0.013 0.0001
10.365109 0.012 -0.0000
10.440219 0.010 -0.0002
10.515873 0.008 -0.0003
10.592076 0.007 -0.0003
10.668830 0.007 -0.0002
10.746141 0.009 0.0000
10.824012 0.011 0.0003
10.902447 0.013 0.0006
10.981451 0.013 0.0006
11.061027 0.013 0.0004
11.141180 0.011 -0.0002
11.221913 0.009 -0.0008
11.303232 0.008 -0.0012
11.385140 0.007 -0.0011
11.467641 0.009 -0.0004
11.550741 0.011 0.0006
11.634442 0.012 0.0015
11.718750 0.013 0.0018
11.803669 0.012 0.0012
11.889203 0.011 0.0000
11.975357 0.009 -0.0012
12.062136 0.007 -0.0021
12.149543 0.008 -0.0020
12.237583 0.010 -0.0015
12.326262 0.012 -0.0005
12.415583 0.013 0.0005
12.505552 0.013 0.0018
12.596172 0.011 0.0042
12.687449 0.009 0.0063
12.779387 0.008 0.0064
12.871992 0.008 0.0015
12.965268 0.009 -0.0108
13.059220 0.012 -0.0231
13.153852 0.013 -0.0269
13.249170 0.013 -0.0096
13.345179 0.011 0.0317
13.441884 0.009 0.0708
13.539289 0.008 0.0790
13.637401 0.008 0.0713
13.736223 0.010 0.0602
13.835761 0.012 -0.0272
13.936021 0.013 -0.2658
14.037007 0.012 -0.6545
14.138725 0.010 -1.1705
14.241180 0.008 -1.8120
14.344377 0.008 -2.5888
14.448323 0.010 -3.5237
14.553021 0.012 -4.5657
14.658478 0.013 -5.6564
14.764700 0.012 -6.8124
14.871691 0.010 -8.0383
14.979457 0.008 -9.2882
15.088005 0.008 -10.5448
15.197339 0.010 -11.8441
15.307465 0.012 -13.1178
15.418389 0.012 -14.2902
15.530117 0.011 -15.3631
15.642655 0.009 -16.3686
15.756008 0.009 -17.3310
15.870182 0.009 -18.2152
15.985184 0.011 -19.0525
16.101019 0.012 -19.9429
16.217694 0.011 -20.9410
16.335214 0.010 -22.0043
16.453586 0.009 -23.1110
16.572815 0.009 -24.2468
16.692909 0.010 -25.4216
16.813872 0.011 -26.6420
16.935713 0.011 -27.9155
17.058436 0.010 -29.2425
17.182048 0.009 -30.6172
17.306556 0.009 -32.0746
17.431967 0.010 -33.6159
17.558286 0.011 -35.0581
17.685521 0.011 -36.2979
17.813677 0.010 -37.3970
17.942762 0.010 -38.3245
18.072783 0.010 -38.9988
18.203746 0.011 -39.5041
18.335658 0.011 -40.0623
18.468526 0.010 -40.6753
18.602356 0.010 -41.3431
18.737156 0.010 -42.1538
18.872934 0.010 -43.1336
19.009695 0.011 -44.1363
19.147447 0.011 -45.0705
19.286197 0.010 -45.9755
19.425953 0.010 -46.7292
19.566721 0.010 -47.2548
19.708510 0.010 -47.6588
19.851326 0.010 -48.0424
19.995177 0.010 -48.3510
20.140070 0.010 -48.7999
20.286013 0.010 -49.5228
20.433014 0.010 -50.4255
20.581080 0.010 -51.4799
20.730219 0.010 -52.7583
20.880439 0.011 -53.8325
21.031747 0.010 -54.5951
21.184152 0.010 -54.9849
21.337661 0.010 -54.6592
21.492282 0.010 -53.6781
21.648024 0.011 -52.4021
21.804895 0.010 -50.7230
21.962902 0.010 -49.1030
22.122054 0.010 -47.9359
22.282360 0.010 -47.0482
22.443827 0.010 -46.4758
22.606464 0.010 -46.2012
22.770280 0.010 -45.8507
22.935283 0.010 -45.4045
23.101481 0.010 -44.9609
23.268884 0.010 -44.5486
23.437500 0.010 -44.1208
23.607338 0.010 -43.7196
23.778406 0.010 -43.1838
23.950714 0.010 -42.2204
24.124271 0.010 -41.0029
24.299086 0.010 -39.7433
24.475167 0.010 -38.4636
24.652524 0.010 -37.5504
24.831166 0.010 -36.8845
25.011103 0.010 -35.9816
25.192344 0.010 -34.8542
25.374898 0.010 -33.1033
25.558775 0.011 -30.7987
25.743984 0.010 -28.5590
25.930536 0.010 -26.4184
26.118439 0.010 -25.1663
26.307704 0.011 -24.7130
26.498341 0.011 -25.0060
26.690359 0.010 -25.8147
26.883768 0.010 -26.2269
27.078579 0.011 -26.1513
27.274801 0.010 -24.9031
27.472446 0.010 -22.8288
27.671522 0.011 -20.0039
27.872042 0.011 -16.9898
28.074014 0.010 -13.9101
28.277450 0.010 -12.1734
28.482360 0.011 -12.0645
28.688755 0.011 -15.7208
28.896645 0.009 -23.2588
29.106042 0.009 -34.6259
29.316957 0.010 -47.0367
29.529400 0.011 -56.9693
29.743382 0.011 -62.7109
29.958915 0.010 -63.9297
30.176009 0.010 -62.6273
30.394677 0.011 -59.5625
30.614929 0.010 -56.6922
30.836778 0.010 -54.2485
31.060234 0.010 -52.5363
31.285309 0.010 -51.3848
31.512015 0.010 -50.6545
31.740364 0.010 -50.1432
31.970368 0.010 -49.5709
32.202039 0.010 -48.8552
32.435388 0.010 -47.9323
32.670428 0.010 -46.9905
32.907171 0.010 -46.1410
33.145630 0.010 -45.5969
33.385817 0.010 -45.0761
33.627745 0.010 -44.3460
33.871425 0.010 -42.5599
34.116871 0.010 -39.5968
34.364096 0.010 -35.2800
34.613113 0.010 -30.2722
34.863934 0.010 -25.1142
35.116572 0.011 -20.3323
35.371041 0.010 -16.5192
35.627354 0.010 -13.8118
35.885525 0.011 -12.2948
36.145566 0.010 -11.8702
36.407492 0.010 -12.2069
36.671316 0.011 -12.9948
36.937051 0.010 -13.8376
37.204712 0.010 -14.5059
37.474313 0.010 -15.2245
37.745867 0.010 -16.1462
38.019389 0.010 -17.3835
38.294893 0.010 -18.5225
38.572394 0.010 -19.4709
38.851905 0.011 -20.3811
39.133442 0.010 -21.8080
39.417019 0.010 -24.5897
39.702651 0.010 -29.1183
39.990353 0.010 -35.1816
40.280140 0.010 -41.8648
40.572026 0.011 -47.1762
40.866028 0.010 -50.8778
41.162160 0.010 -54.3464
41.460438 0.010 -58.4588
41.760877 0.010 -62.8132
42.063494 0.011 -65.0862
42.368303 0.010 -65.1179
42.675322 0.010 -65.0912
42.984565 0.010 -65.8715
43.296048 0.010 -68.1070
43.609789 0.010 -70.8554
43.925804 0.010 -73.3983
44.244108 0.010 -75.3591
44.564719 0.010 -76.6468
44.887654 0.010 -77.3325
45.212928 0.010 -77.3897
45.540560 0.009 -76.8581
45.870565 0.007 -76.1111
46.202962 -0.007 -75.8019
46.537768 -0.054 -76.2002
46.875000 -0.200 -76.5550
47.214676 -0.555 -75.2759
47.556813 -1.142 -71.1514
47.901429 -1.556 -65.2845
48.248542 -1.715 -60.5678
48.598171 -1.927 -58.0091
48.950334 -2.318 -56.3242
49.305048 -2.800 -54.2215
49.662333 -3.366 -51.1453
50.022206 -4.014 -46.5008
50.384688 -4.576 -39.6318
50.749796 -4.845 -31.0702
51.117550 -4.779 -22.4149
51.487969 -4.454 -14.5601
51.861072 -3.914 -7.5829
52.236879 -3.204 -1.6184
52.615409 -2.394 3.1201
52.996681 -1.565 6.5312
53.380717 -0.837 8.5111
53.767536 -0.347 8.8601
54.157158 -0.109 7.4796
54.549603 -0.023 4.6943
54.944892 0.003 1.2224
55.343045 0.009 -2.1211
55.744084 0.010 -4.5892
56.148028 0.010 -5.9466
56.554900 0.010 -6.6668
56.964720 0.010 -7.0984
57.377510 0.010 -7.0551
57.793291 0.010 -6.6116
58.212085 0.010 -6.4755
58.633914 0.010 -7.2649
59.058799 0.010 -8.8432
59.486764 0.010 -10.6381
59.917829 0.010 -12.3255
60.352019 0.010 -13.5297
60.789354 0.010 -13.4611
61.229859 0.010 -11.6451
61.673556 0.010 -8.3586
62.120468 0.010 -4.2498
62.570618 0.010 -0.1076
63.024031 0.010 3.1530
63.480729 0.010 4.9945
63.940736 0.010 5.6670
64.404077 0.010 5.8361
64.870776 0.010 6.0412
65.340856 0.010 6.9207
65.814343 0.010 8.9493
66.291261 0.010 10.6059
66.771635 0.010 8.6592
67.255489 0.010 1.6768
67.742850 0.010 -7.4824
68.233743 0.010 -14.6252
68.728193 0.010 -18.1428
69.226226 0.010 -18.9981
69.727867 0.010 -18.6970
70.233144 0.010 -18.2049
70.742083 0.010 -17.8986
71.254709 0.010 -17.5772
71.771050 0.010 -16.6987
72.291132 0.010 -15.5690
72.814984 0.010 -16.4423
73.342631 0.010 -22.4065
73.874102 0.010 -34.8187
74.409424 0.010 -51.6311
74.948626 0.010 -67.7142
75.491734 0.007 -79.8208
76.038779 -0.004 -89.9006
76.589787 -0.056 -99.0320
77.144788 -0.231 -104.3164
77.703811 -0.705 -103.6356
78.266885 -1.609 -97.7030
78.834039 -2.768 -88.3305
79.405303 -3.848 -77.5978
79.980706 -4.623 -67.1056
80.560280 -5.037 -57.6064
81.144053 -5.177 -49.6335
81.732056 -5.158 -42.8806
82.324320 -5.026 -36.8416
82.920876 -4.805 -31.8066
83.521755 -4.572 -28.1308
84.126988 -4.399 -24.9924
84.736607 -4.230 -21.4951
85.350643 -4.008 -18.1767
85.969129 -3.779 -15.5082
86.592097 -3.575 -13.3189
87.219579 -3.435 -11.3541
87.851608 -3.355 -8.9851
88.488217 -3.264 -5.4336
89.129439 -3.019 -0.2576
89.775308 -2.481 6.2873
90.425856 -1.664 12.4501
91.081119 -0.845 15.7277
91.741131 -0.316 15.0067
92.405925 -0.086 10.4672
93.075536 -0.013 3.3672
93.750000 0.006 -4.8407
94.429351 0.009 -13.9867
95.113625 0.009 -24.6432
95.802858 0.006 -36.0753
96.497085 -0.009 -45.6171
97.196342 -0.068 -51.1205
97.900667 -0.244 -52.7583
98.610096 -0.632 -52.3917
99.324665 -1.270 -51.9963
100.044413 -2.156 -51.9816
100.769376 -3.270 -50.6988
101.499592 -4.466 -46.2537
102.235100 -5.485 -38.2764
102.975938 -6.047 -27.9579
103.722144 -6.006 -17.5748
104.473757 -5.467 -9.5676
105.230817 -4.727 -5.5259
105.993363 -4.098 -5.0905
106.761435 -3.758 -6.3221
107.535072 -3.695 -7.0347
108.314315 -3.762 -6.0114
109.099206 -3.787 -3.4034
109.889783 -3.670 -0.3366
110.686090 -3.422 2.3442
111.488167 -3.071 4.8192
112.296056 -2.610 6.9044
113.109800 -2.069 8.2136
113.929440 -1.477 9.1268
114.755020 -0.874 9.0613
115.586582 -0.399 5.7385
116.424170 -0.164 -2.3073
117.267827 -0.166 -12.7727
118.117598 -0.430 -21.3723
118.973527 -1.033 -26.2214
119.835658 -1.967 -28.0733
120.704037 -3.118 -27.4570
121.578708 -4.313 -23.6673
122.459718 -5.322 -16.9924
123.347111 -5.994 -9.4083
124.240935 -6.338 -1.9066
125.141236 -6.391 5.8307
126.048061 -6.134 13.7192
126.961458 -5.549 21.0484
127.881473 -4.670 26.9513
128.808154 -3.607 30.3956
129.741551 -2.539 30.6639
130.681712 -1.649 28.0052
131.628686 -1.052 23.8051
132.582521 -0.756 19.4176
133.543269 -0.721 15.4308
134.510979 -0.920 12.0484
135.485701 -1.338 9.8822
136.467486 -1.887 10.3819
137.456386 -2.315 14.8555
138.452451 -2.313 21.1991
139.455735 -1.905 24.7007
140.466288 -1.443 24.4778
141.484165 -1.185 22.9406
142.509418 -1.134 22.6708
143.542100 -1.092 25.3315
144.582265 -0.849 29.2522
145.629968 -0.473 30.1184
146.685262 -0.185 26.6819
147.748204 -0.049 22.3385
148.818849 -0.005 20.5601
149.897251 0.003 19.7811
150.983469 -0.011 16.0190
152.077557 -0.076 9.7873
153.179574 -0.267 5.2928
154.289576 -0.676 4.6209
155.407622 -1.278 7.3473
156.533770 -1.887 12.5223
157.668078 -2.301 18.8571
158.810606 -2.408 25.9566
159.961413 -2.152 33.2394
161.120559 -1.597 39.3072
162.288105 -0.943 43.0890
163.464112 -0.424 44.1383
164.648640 -0.141 42.9697
165.841752 -0.031 40.5619
167.043510 0.001 38.1543
168.253976 0.009 36.9950
169.473213 0.010 36.6428
170.701286 0.010 35.1265
171.938258 0.010 31.1292
173.184194 0.010 25.0480
174.439158 0.010 19.6920
175.703216 0.010 17.7181
176.976434 0.010 19.1861
178.258878 0.010 22.2353
179.550615 0.010 25.1280
180.851713 0.010 27.9462
182.162239 0.010 28.6166
183.482262 0.010 17.1672
184.811850 0.010 -11.1396
186.151073 0.010 -28.2602
187.500000 0.010 -25.9524
188.858702 0.010 -16.6794
190.227250 0.010 -9.5768
191.605715 0.010 -8.8333
192.994169 0.009 -15.6367
194.392685 0.003 -26.0003
195.801334 -0.022 -32.1335
197.220191 -0.106 -32.1698
198.649330 -0.317 -29.1566
200.088825 -0.691 -25.4613
201.538751 -1.160 -21.3887
202.999184 -1.594 -16.9170
204.470200 -1.905 -12.5735
205.951875 -2.088 -8.7610
207.444287 -2.177 -5.3221
208.947514 -2.203 -2.3219
210.461634 -2.189 0.5217
211.986726 -2.116 3.6154
213.522869 -1.944 6.6910
215.070144 -1.671 8.9359
216.628631 -1.361 9.8135
218.198411 -1.109 9.4928
219.779567 -1.003 8.3076
221.372180 -1.086 7.6187
222.976334 -1.295 8.8768
224.592112 -1.469 12.2845
226.219600 -1.445 16.9618
227.858880 -1.171 21.5639
229.510039 -0.746 24.7134
231.173164 -0.358 24.4752
232.848340 -0.126 20.4519
234.535655 -0.029 15.6084
236.235197 0.001 13.1780
237.947054 0.008 13.1738
239.671317 0.010 13.6321
241.408074 0.010 13.4780
243.157416 0.010 13.6057
244.919435 0.010 15.1811
246.694223 0.010 18.3835
248.481871 0.010 21.8060
250.282473 0.010 23.2406
252.096123 0.010 19.7023
253.922915 0.010 7.8245
255.762945 0.010 -5.0013
257.616309 0.010 -11.0940
259.483103 0.010 -13.3315
261.363424 0.010 -12.9768
263.257372 0.010 -10.8766
265.165043 0.010 -8.4424
267.086538 0.010 -6.3011
269.021957 0.010 -4.6651
270.971401 0.010 -4.0960
272.934972 0.010 -4.6565
274.912771 0.010 -5.4084
276.904902 0.010 -5.7043
278.911469 0.009 -5.5963
280.932577 0.007 -5.1391
282.968330 0.003 -4.3290
285.018835 -0.000 -3.4795
287.084199 -0.004 -3.0477
289.164530 -0.020 -3.0035
291.259935 -0.062 -2.9836
293.370525 -0.131 -2.7568
295.496408 -0.209 -2.1859
297.637697 -0.264 -1.2323
299.794503 -0.266 -0.1861
301.966937 -0.216 0.4644
304.155114 -0.146 0.5716
306.359147 -0.089 0.4500
308.579152 -0.055 0.3610
310.815244 -0.033 0.3333
313.067539 -0.015 0.2679
315.336156 -0.002 0.1369
317.621211 0.006 0.0384
319.922826 0.009 0.0058
322.241118 0.010 0.0005
324.576210 0.010 0.0000
326.928223 0.010 0.0000
329.297280 0.010 -0.0000
331.683504 0.010 -0.0000
334.087019 0.010 0.0000
336.507952 0.010 0.0000
338.946427 0.010 0.0000
341.402572 0.010 0.0000
343.876516 0.010 0.0000
346.368387 0.010 0.0000
348.878315 0.010 0.0000
351.406431 0.010 -0.0000
353.952867 0.010 -0.0000
356.517756 0.010 0.0000
359.101230 0.010 0.0000
361.703426 0.010 0.0000
364.324478 0.010 -0.0000
366.964523 0.010 -0.0000
369.623699 0.010 0.0000
372.302145 0.010 0.0000
375.000000 0.010 0.0000
377.717405 0.010 -0.0000
380.454501 0.010 -0.0000
383.211431 0.010 -0.0000
385.988339 0.010 0.0000
388.785369 0.010 0.0000
391.602668 0.010 -0.0000
394.440383 0.010 -0.0000
397.298660 0.010 0.0000
400.177650 0.010 0.0000
403.077502 0.010 -0.0000
405.998368 0.010 -0.0000
408.940400 0.010 -0.0000
411.903750 0.010 -0.0000
414.888575 0.010 -0.0000
417.895028 0.010 0.0000
420.923268 0.010 0.0000
423.973452 0.010 0.0000
427.045738 0.010 -0.0000
430.140287 0.010 0.0000
433.257261 0.010 0.0000
436.396822 0.010 0.0000
439.559133 0.010 0.0000
442.744360 0.010 0.0000
445.952668 0.010 0.0000
449.184225 0.010 -0.0000
452.439199 0.010 -0.0000
455.717760 0.010 -0.0000
459.020079 0.010 0.0000
462.346327 0.010 0.0000
465.696680 0.010 0.0000
469.071310 0.010 0.0000
472.470394 0.010 -0.0000
475.894109 0.010 -0.0000
479.342634 0.010 -0.0000
482.816148 0.010 -0.0000
486.314833 0.010 -0.0000
489.838871 0.010 -0.0000
493.388445 0.010 -0.0000
496.963741 0.010 -0.0000
500.564945 0.010 0.0000
504.192245 0.010 0.0000
507.845830 0.010 -0.0000
511.525890 0.010 -0.0000
515.232618 0.010 -0.0000
518.966206 0.010 -0.0000
522.726849 0.010 0.0000
526.514743 0.010 0.0000
530.330086 0.010 0.0000
534.173076 0.010 0.0000
538.043915 0.010 -0.0000
541.942803 0.010 -0.0000
545.869944 0.010 -0.0000
549.825542 0.010 -0.0000
553.809805 0.010 -0.0000
557.822939 0.010 -0.0000
561.865154 0.010 -0.0000
565.936660 0.010 -0.0000
570.037671 0.010 0.0000
574.168399 0.010 0.0000
578.329060 0.010 0.0000
582.519870 0.010 0.0000
586.741049 0.010 0.0000
590.992817 0.010 -0.0000
595.275394 0.010 -0.0000
599.589005 0.010 -0.0000
603.933874 0.010 0.0000
608.310228 0.010 0.0000
612.718295 0.010 -0.0000
617.158304 0.010 -0.0000
621.630488 0.010 -0.0000
626.135079 0.010 0.0000
630.672311 0.010 0.0000
635.242423 0.010 -0.0000
639.845651 0.010 -0.0000
644.482237 0.010 0.0000
649.152421 0.010 0.0000
653.856447 0.010 0.0000
658.594560 0.010 -0.0000
663.367008 0.010 -0.0000
668.174039 0.010 0.0000
673.015903 0.010 0.0000
677.892854 0.010 0.0000
682.805145 0.010 0.0000
687.753032 0.010 0.0000
692.736774 0.010 -0.0000
697.756631 0.010 0.0000
702.812863 0.010 -0.0000
707.905735 0.010 -0.0000
713.035511 0.010 0.0000
718.202461 0.010 0.0000
723.406852 0.010 0.0000
728.648956 0.010 -0.0000
733.929047 0.010 -0.0000
739.247399 0.010 -0.0000
744.604290 0.010 0.0000
750.000000 0.010 0.0000
755.434809 0.010 0.0000
760.909001 0.010 0.0000
766.422861 0.010 0.0000
771.976677 0.010 0.0000
777.570739 0.010 -0.0000
783.205337 0.010 -0.0000
788.880766 0.010 -0.0000
794.597321 0.010 0.0000
800.355301 0.010 0.0000
806.155005 0.010 0.0000
811.996736 0.010 -0.0000
817.880799 0.010 -0.0000
823.807501 0.010 -0.0000
829.777150 0.010 0.0000
835.790057 0.010 0.0000
841.846536 0.010 0.0000
847.946903 0.010 -0.0000
854.091476 0.010 -0.0000
860.280575 0.010 0.0000
866.514523 0.010 -0.0000
872.793644 0.010 -0.0000
879.118267 0.010 -0.0000
885.488720 0.010 0.0000
891.905336 0.010 -0.0000
898.368450 0.010 0.0000
904.878398 0.010 0.0000
911.435520 0.010 0.0000
918.040157 0.010 -0.0000
924.692655 0.010 -0.0000
931.393359 0.010 -0.0000
938.142619 0.010 -0.0000
944.940787 0.010 -0.0000
951.788218 0.010 0.0000
958.685268 0.010 0.0000
965.632296 0.010 -0.0000
972.629666 0.010 -0.0000
979.677741 0.010 0.0000
986.776890 0.010 0.0000
993.927482 0.010 0.0000
1001.129891 0.010 0.0000
1008.384491 0.010 0.0000
1015.691660 0.010 0.0000
1023.051781 0.010 0.0000
1030.465236 0.010 -0.0000
1037.932411 0.010 -0.0000
1045.453698 0.010 0.0000
1053.029486 0.010 0.0000
1060.660172 0.010 0.0000
1068.346153 0.010 0.0000
1076.087829 0.010 -0.0000
1083.885605 0.010 0.0000
1091.739887 0.010 0.0000
1099.651084 0.010 0.0000
1107.619609 0.010 -0.0000
1115.645878 0.010 -0.0000
1123.730308 0.010 0.0000
1131.873321 0.010 0.0000
1140.075341 0.010 0.0000
1148.336797 0.010 0.0000
1156.658119 0.010 -0.0000
1165.039741 0.010 -0.0000
1173.482099 0.010 0.0000
1181.985634 0.010 -0.0000
1190.550789 0.010 -0.0000
1199.178011 0.010 -0.0000
1207.867749 0.010 0.0000
1216.620457 0.010 0.0000
1225.436590 0.010 -0.0000
1234.316609 0.010 -0.0000
1243.260976 0.010 -0.0000
1252.270157 0.010 -0.0000
1261.344623 0.010 0.0000
1270.484846 0.010 0.0000
1279.691303 0.010 0.0000
1288.964474 0.010 -0.0000
1298.304842 0.010 -0.0000
1307.712894 0.010 -0.0000
1317.189120 0.010 0.0000
1326.734016 0.010 0.0000
1336.348077 0.010 0.0000
1346.031806 0.010 0.0000
1355.785708 0.010 0.0000
1365.610290 0.010 0.0000
1375.506065 0.010 0.0000
1385.473549 0.010 0.0000
1395.513261 0.010 0.0000
1405.625726 0.010 0.0000
1415.811469 0.010 0.0000
1426.071023 0.010 0.0000
1436.404921 0.010 0.0000
1446.813703 0.010 0.0000
1457.297912 0.010 0.0000
1467.858093 0.010 0.0000
1478.494798 0.010 0.0000
1489.208581 0.010 0.0000
1500.000000 0.010 -0.0000
1510.869618 0.010 -0.0000
1521.818002 0.010 -0.0000
1532.845723 0.010 -0.0000
1543.953355 0.010 -0.0000
1555.141477 0.010 -0.0000
1566.410674 0.010 -0.0000
1577.761531 0.010 -0.0000
1589.194642 0.010 -0.0000
1600.710601 0.010 -0.0000
1612.310010 0.010 -0.0000
1623.993473 0.010 -0.0000
1635.761599 0.010 -0.0000
1647.615002 0.010 -0.0000
1659.554299 0.010 -0.0000
1671.580114 0.010 -0.0000
1683.693072 0.010 -0.0000
1695.893807 0.010 0.0000
1708.182952 0.010 0.0000
1720.561150 0.010 -0.0000
1733.029045 0.010 -0.0000
1745.587288 0.010 0.0000
1758.236533 0.010 0.0000
1770.977440 0.010 -0.0000
1783.810673 0.010 -0.0000
1796.736900 0.010 0.0000
1809.756796 0.010 0.0000
1822.871040 0.010 0.0000
1836.080315 0.010 0.0000
1849.385310 0.010 0.0000
1862.786718 0.010 0.0000
1876.285239 0.010 0.0000
1889.881575 0.010 0.0000
1903.576436 0.010 -0.0000
1917.370535 0.010 -0.0000
1931.264593 0.010 0.0000
1945.259332 0.010 0.0000
1959.355483 0.010 0.0000
1973.553781 0.010 -0.0000
1987.854965 0.010 -0.0000
2002.259781 0.010 -0.0000
2016.768981 0.010 -0.0000
2031.383320 0.010 -0.0000
2046.103561 0.010 -0.0000
2060.930471 0.010 0.0000
2075.864823 0.010 0.0000
2090.907395 0.010 0.0000
2106.058972 0.010 -0.0000
2121.320344 0.010 0.0000
2136.692305 0.010 0.0000
2152.175658 0.010 0.0000
2167.771210 0.010 0.0000
2183.479774 0.010 0.0000
2199.302169 0.010 0.0000
2215.239219 0.010 0.0000
2231.291755 0.010 0.0000
2247.460615 0.010 0.0000
2263.746641 0.010 -0.0000
2280.150683 0.010 -0.0000
2296.673595 0.010 -0.0000
2313.316238 0.010 -0.0000
2330.079481 0.010 -0.0000
2346.964198 0.010 -0.0000
2363.971268 0.010 -0.0000
2381.101578 0.010 -0.0000
2398.356022 0.010 -0.0000
2415.735498 0.010 -0.0000
2433.240913 0.010 -0.0000
2450.873180 0.010 0.0000
2468.633217 0.010 0.0000
2486.521951 0.010 0.0000
2504.540314 0.010 0.0000
2522.689246 0.010 0.0000
2540.969692 0.010 0.0000
2559.382606 0.010 0.0000
2577.928947 0.010 0.0000
2596.609683 0.010 0.0000
2615.425787 0.010 0.0000
2634.378241 0.010 0.0000
2653.468031 0.010 0.0000
2672.696154 0.010 0.0000
2692.063613 0.010 0.0000
2711.571415 0.010 0.0000
2731.220579 0.010 0.0000
2751.012130 0.010 -0.0000
2770.947098 0.010 -0.0000
2791.026522 0.010 -0.0000
2811.251451 0.010 -0.0000
2831.622938 0.010 -0.0000
2852.142045 0.010 -0.0000
2872.809842 0.010 0.0000
2893.627406 0.010 0.0000
2914.595823 0.010 0.0000
2935.716186 0.010 0.0000
2956.989596 0.010 0.0000
2978.417161 0.010 0.0000
3000.000000 0.010 0.0000
3021.739237 0.010 0.0000
3043.636005 0.010 -0.0000
3065.691446 0.010 -0.0000
3087.906710 0.010 -0.0000
3110.282955 0.010 -0.0000
3132.821347 0.010 -0.0000
3155.523062 0.010 0.0000
3178.389283 0.010 0.0000
3201.421202 0.010 0.0000
3224.620020 0.010 0.0000
3247.986946 0.010 0.0000
3271.523198 0.010 -0.0000
3295.230004 0.010 0.0000
3319.108599 0.010 0.0000
3343.160228 0.010 0.0000
3367.386145 0.010 -0.0000
3391.787613 0.010 -0.0000
3416.365904 0.010 -0.0000
3441.122300 0.010 -0.0000
3466.058091 0.010 -0.0000
3491.174576 0.010 -0.0000
3516.473066 0.010 -0.0000
3541.954880 0.010 0.0000
3567.621345 0.010 0.0000
3593.473800 0.010 -0.0000
3619.513592 0.010 -0.0000
3645.742080 0.010 0.0000
3672.160630 0.010 -0.0000
3698.770620 0.010 0.0000
3725.573436 0.010 0.0000
3752.570477 0.010 -0.0000
3779.763150 0.010 -0.0000
3807.152872 0.010 -0.0000
3834.741071 0.010 -0.0000
3862.529185 0.010 -0.0000
3890.518664 0.010 -0.0000
3918.710966 0.010 -0.0000
3947.107561 0.010 0.0000
3975.709929 0.010 0.0000
4004.519563 0.010 0.0000
4033.537962 0.010 0.0000
4062.766641 0.010 0.0000
4092.207123 0.010 0.0000
4121.860942 0.010 0.0000
4151.729646 0.010 -0.0000
4181.814790 0.010 -0.0000
4212.117944 0.010 0.0000
4242.640687 0.010 0.0000
4273.384610 0.010 0.0000
4304.351317 0.010 0.0000
4335.542421 0.010 0.0000
4366.959549 0.010 0.0000
4398.604338 0.010 0.0000
4430.478438 0.010 0.0000
4462.583511 0.010 0.0000
4494.921231 0.010 -0.0000
4527.493283 0.010 -0.0000
4560.301365 0.010 -0.0000
4593.347189 0.010 -0.0000
4626.632476 0.010 -0.0000
4660.158962 0.010 -0.0000
4693.928395 0.010 -0.0000
4727.942535 0.010 -0.0000
4762.203156 0.010 -0.0000
4796.712043 0.010 0.0000
4831.470996 0.010 0.0000
4866.481826 0.010 -0.0000
4901.746360 0.010 -0.0000
4937.266434 0.010 -0.0000
4973.043902 0.010 -0.0000
5009.080628 0.010 -0.0000
5045.378492 0.010 -0.0000
5081.939384 0.010 0.0000
5118.765212 0.010 0.0000
5155.857894 0.010 -0.0000
5193.219366 0.010 -0.0000
5230.851574 0.010 -0.0000
5268.756481 0.010 -0.0000
5306.936062 0.010 -0.0000
5345.392309 0.010 -0.0000
5384.127225 0.010 -0.0000
5423.142830 0.010 -0.0000
5462.441159 0.010 0.0000
5502.024259 0.010 0.0000
5541.894195 0.010 0.0000
5582.053045 0.010 0.0000
5622.502902 0.010 0.0000
5663.245876 0.010 -0.0000
5704.284090 0.010 -0.0000
5745.619684 0.010 -0.0000
5787.254813 0.010 0.0000
5829.191647 0.010 0.0000
5871.432373 0.010 0.0000
5913.979192 0.010 0.0000
5956.834323 0.010 0.0000
6000.000000 0.010 0.0000
6043.478473 0.010 -0.0000
6087.272010 0.010 -0.0000
6131.382892 0.010 -0.0000
6175.813420 0.010 -0.0000
6220.565910 0.010 -0.0000
6265.642695 0.010 0.0000
6311.046124 0.010 0.0000
6356.778566 0.010 0.0000
6402.842404 0.010 -0.0000
6449.240040 0.010 -0.0000
6495.973891 0.010 -0.0000
6543.046396 0.010 -0.0000
6590.460007 0.010 0.0000
6638.217197 0.010 0.0000
6686.320456 0.010 0.0000
6734.772290 0.010 0.0000
6783.575226 0.010 0.0000
6832.731809 0.010 0.0000
6882.244600 0.010 -0.0000
6932.116181 0.010 0.0000
6982.349153 0.010 0.0000
7032.946133 0.010 0.0000
7083.909760 0.010 -0.0000
7135.242690 0.010 -0.0000
7186.947600 0.010 -0.0000
7239.027185 0.010 -0.0000
7291.484160 0.010 -0.0000
7344.321260 0.010 -0.0000
7397.541239 0.010 -0.0000
7451.146872 0.010 -0.0000
7505.140954 0.010 -0.0000
7559.526299 0.010 -0.0000
7614.305743 0.010 -0.0000
7669.482141 0.010 0.0000
7725.058371 0.010 0.0000
7781.037328 0.010 0.0000
7837.421932 0.010 0.0000
7894.215122 0.010 0.0000
7951.419859 0.010 -0.0000
8009.039125 0.010 -0.0000
8067.075924 0.010 -0.0000
8125.533282 0.010 0.0000
8184.414245 0.010 0.0000
8243.721885 0.010 0.0000
8303.459292 0.010 -0.0000
8363.629581 0.010 -0.0000
8424.235888 0.010 -0.0000
8485.281374 0.010 0.0000
8546.769221 0.010 0.0000
8608.702634 0.010 0.0000
8671.084842 0.010 0.0000
8733.919097 0.010 -0.0000
8797.208675 0.010 -0.0000
8860.956876 0.010 0.0000
8925.167022 0.010 0.0000
8989.842461 0.010 0.0000
9054.986566 0.010 -0.0000
9120.602731 0.010 -0.0000
9186.694378 0.010 0.0000
9253.264952 0.010 0.0000
9320.317925 0.010 0.0000
9387.856790 0.010 0.0000
9455.885071 0.010 0.0000
9524.406312 0.010 -0.0000
9593.424086 0.010 -0.0000
9662.941992 0.010 -0.0000
9732.963653 0.010 -0.0000
9803.492719 0.010 -0.0000
9874.532869 0.010 -0.0000
9946.087805 0.010 -0.0000
10018.161257 0.010 0.0000
10090.756983 0.010 0.0000
10163.878768 0.010 -0.0000
10237.530423 0.010 -0.0000
10311.715789 0.010 -0.0000
10386.438732 0.010 -0.0000
10461.703149 0.010 -0.0000
10537.512962 0.010 -0.0000
10613.872125 0.010 -0.0000
10690.784618 0.010 -0.0000
10768.254450 0.010 0.0000
10846.285661 0.010 0.0000
10924.882318 0.010 0.0000
11004.048518 0.010 0.0000
11083.788390 0.010 0.0000
11164.106090 0.010 0.0000
11245.005805 0.010 0.0000
11326.491752 0.010 0.0000
11408.568180 0.010 -0.0000
11491.239368 0.010 -0.0000
11574.509626 0.010 -0.0000
11658.383294 0.010 -0.0000
11742.864745 0.010 -0.0000
11827.958384 0.010 -0.0000
11913.668646 0.010 -0.0000
12000.000000 0.010 -0.0000
12086.956947 0.010 -0.0000
12174.544019 0.010 -0.0000
12262.765784 0.010 -0.0000
12351.626840 0.010 -0.0000
12441.131819 0.010 -0.0000
12531.285389 0.010 0.0000
12622.092249 0.010 0.0000
12713.557132 0.010 0.0000
12805.684808 0.010 0.0000
12898.480079 0.010 -0.0000
12991.947783 0.010 -0.0000
13086.092792 0.010 -0.0000
13180.920015 0.010 0.0000
13276.434395 0.010 0.0000
13372.640911 0.010 0.0000
13469.544580 0.010 0.0000
13567.150452 0.010 0.0000
13665.463617 0.010 0.0000
13764.489200 0.010 -0.0000
13864.232362 0.010 -0.0000
13964.698305 0.010 -0.0000
14065.892266 0.010 -0.0000
14167.819519 0.010 -0.0000
14270.485380 0.010 -0.0000
14373.895200 0.010 -0.0000
14478.054370 0.010 -0.0000
14582.968320 0.010 -0.0000
14688.642520 0.010 -0.0000
14795.082478 0.010 -0.0000
14902.293745 0.010 -0.0000
15010.281908 0.010 -0.0000
15119.052599 0.010 0.0000
15228.611486 0.010 0.0000
15338.964283 0.010 0.0000
15450.116741 0.010 -0.0000
15562.074656 0.010 -0.0000
15674.843864 0.010 -0.0000
15788.430244 0.010 0.0000
15902.839718 0.010 0.0000
16018.078250 0.010 -0.0000
16134.151848 0.010 0.0000
16251.066563 0.010 0.0000
16368.828491 0.010 0.0000
16487.443769 0.010 0.0000
16606.918584 0.010 0.0000
16727.259161 0.010 0.0000
16848.471777 0.010 0.0000
16970.562748 0.010 0.0000
17093.538442 0.010 0.0000
17217.405268 0.010 -0.0000
17342.169684 0.010 0.0000
17467.838194 0.010 -0.0000
17594.417350 0.010 -0.0000
17721.913751 0.010 -0.0000
17850.334044 0.010 -0.0000
17979.684923 0.010 -0.0000
18109.973131 0.010 0.0000
18241.205462 0.010 0.0000
18373.388756 0.010 0.0000
18506.529905 0.010 0.0000
18640.635849 0.010 0.0000
18775.713581 0.010 0.0000
18911.770141 0.010 0.0000
19048.812624 0.010 0.0000
19186.848172 0.010 0.0000
19325.883983 0.010 -0.0000
19465.927305 0.010 -0.0000
19606.985439 0.010 0.0000
19749.065738 0.010 -0.0000
19892.175609 0.010 -0.0000
20036.322514 0.010 -0.0000
20181.513966 0.010 -0.0000
20327.757536 0.010 0.0000
20475.060846 0.010 -0.0000
20623.431577 0.010 -0.0000
20772.877464 0.010 -0.0000
20923.406297 0.010 -0.0000
21075.025924 0.010 -0.0000
21227.744250 0.010 0.0000
21381.569235 0.010 0.0000
21536.508900 0.010 0.0000
21692.571321 0.010 0.0000
21849.764635 0.010 0.0000
22008.097037 0.010 -0.0000
22167.576780 0.010 -0.0000
22328.212180 0.010 -0.0000
22490.011609 0.010 -0.0000
22652.983504 0.010 -0.0000
22817.136361 0.010 -0.0000
22982.478737 0.010 -0.0000
23149.019252 0.010 -0.0000
23316.766588 0.010 -0.0000
23485.729490 0.010 0.0000
23655.916767 0.010 0.0000
23827.337292 0.010 0.0000
24000.000000 0.010 0.0000
