* Measurement data measured by REW V5.40 beta 122
* Source: U18dB [plughw:3,0], Mic (Mic), R, volume: 1.000. Timing signal peak level -28.0 dBFS, measurement signal peak level -15.1 dBFS
* Format: 512k Log Swept Sine, 1 sweep at -12.0 dBFS using an acoustic timing reference
* Dated: Aug 10, 2026, 4:21:50 PM
* REW Settings:
*  C-weighting compensation: Off
*  Target level: 75.0 dB
* Note: ; L -12dBFS OKTO@-29dB mic - speakers 3.48m mic - front wall 4.34 MIC centered Screen panels prolong the 1.75 half wall LEFT Screen panels as traditional Foam panels moved back into the room Delay -0.0328 ms (-11 mm, -0.44 in) using estimated IR delay relative to Acoustic reference played from DAC8STEREO R with no timing offset Clock adjustment: -14.8 ppm
* Measurement: L 120.Rscreen
* Smoothing: 1/48 octave
* Frequency Step: 96 ppo
* Start Frequency: 15.014648 Hz
*
* Freq(Hz) SPL(dB) Phase(degrees)
15.014648 69.500 -160.1606
15.123451 69.585 -161.8467
15.233042 69.699 -163.4741
15.343426 69.830 -164.9949
15.454611 69.975 -166.3751
15.566602 70.131 -167.6344
15.679404 70.292 -168.7708
15.793023 70.453 -169.7769
15.907466 70.614 -170.6351
16.022738 70.771 -171.4062
16.138845 70.920 -172.1565
16.255794 71.061 -172.8470
16.373590 71.193 -173.5294
16.492240 71.317 -174.3064
16.611750 71.432 -175.1704
16.732125 71.540 -176.1221
16.853373 71.646 -177.2178
16.975500 71.752 -178.4733
17.098511 71.860 -179.8629
17.222414 71.973 178.6359
17.347215 72.096 177.0218
17.472920 72.227 175.3108
17.599536 72.367 173.5440
17.727069 72.517 171.7415
17.855527 72.677 169.8854
17.984915 72.846 167.9580
18.115241 73.024 165.9960
18.246512 73.212 163.9439
18.378734 73.412 161.7400
18.511914 73.627 159.4313
18.646058 73.860 156.9855
18.781175 74.116 154.3714
18.917272 74.396 151.6465
19.054354 74.695 148.8909
19.192430 75.015 146.0815
19.331506 75.345 143.3217
19.471590 75.670 140.7420
19.612689 75.987 138.2615
19.754811 76.277 136.0226
19.897962 76.526 134.0564
20.042151 76.731 132.2953
20.187385 76.878 130.8341
20.333671 76.965 129.6246
20.481017 76.996 128.6347
20.629431 76.972 127.8814
20.778920 76.898 127.3221
20.929493 76.796 126.8566
21.081157 76.668 126.5222
21.233919 76.536 126.1737
21.387789 76.421 125.6726
21.542774 76.318 125.1412
21.698882 76.243 124.4526
21.856121 76.210 123.4661
22.014499 76.216 122.2050
22.174025 76.265 120.6660
22.334708 76.343 118.8961
22.496554 76.447 116.8973
22.659573 76.568 114.7227
22.823774 76.694 112.4147
22.989164 76.820 109.9799
23.155753 76.935 107.4861
23.323549 77.034 104.9046
23.492562 77.112 102.3126
23.662798 77.164 99.6700
23.834269 77.188 97.0455
24.006982 77.181 94.4141
24.180946 77.144 91.8179
24.356171 77.075 89.2590
24.532666 76.977 86.7504
24.710440 76.851 84.3154
24.889502 76.700 81.9500
25.069862 76.528 79.6854
25.251528 76.338 77.5148
25.434511 76.137 75.4659
25.618820 75.928 73.5360
25.804465 75.717 71.7425
25.991454 75.507 70.0844
26.179799 75.304 68.5653
26.369509 75.110 67.1798
26.560593 74.929 65.9195
26.753062 74.761 64.7698
26.946926 74.609 63.7184
27.142194 74.470 62.7434
27.338878 74.342 61.8349
27.536987 74.219 60.9765
27.736531 74.097 60.1642
27.937521 73.970 59.3996
28.139968 73.833 58.6866
28.343882 73.681 58.0449
28.549273 73.514 57.4834
28.756153 73.330 57.0234
28.964532 73.134 56.6710
29.174421 72.929 56.4386
29.385831 72.722 56.3163
29.598773 72.517 56.3099
29.813258 72.321 56.4043
30.029297 72.136 56.6133
30.246902 71.967 56.9419
30.466083 71.821 57.4188
30.686853 71.704 58.0591
30.909222 71.629 58.8709
31.133203 71.606 59.8235
31.358807 71.647 60.8650
31.586046 71.756 61.8595
31.814932 71.935 62.7293
32.045476 72.174 63.3034
32.277691 72.460 63.5153
32.511588 72.778 63.3093
32.747180 73.109 62.6483
32.984480 73.441 61.5635
33.223499 73.765 60.0701
33.464250 74.069 58.2232
33.706746 74.352 56.0641
33.950999 74.610 53.6341
34.197022 74.839 50.9978
34.444828 75.037 48.1866
34.694429 75.203 45.2394
34.945839 75.334 42.2166
35.199071 75.428 39.1478
35.454138 75.481 36.0760
35.711054 75.493 33.0665
35.969831 75.463 30.1445
36.230483 75.390 27.3400
36.493024 75.274 24.7107
36.757467 75.115 22.2878
37.023827 74.914 20.0967
37.292117 74.671 18.1683
37.562351 74.390 16.5186
37.834543 74.074 15.1495
38.108708 73.726 14.0637
38.384859 73.350 13.2493
38.663012 72.954 12.6806
38.943180 72.543 12.3428
39.225378 72.125 12.2211
39.509622 71.706 12.2994
39.795925 71.294 12.5684
40.084302 70.896 13.0367
40.374770 70.521 13.7159
40.667342 70.173 14.6201
40.962034 69.861 15.7607
41.258862 69.592 17.1425
41.557841 69.370 18.7524
41.858986 69.200 20.5601
42.162313 69.087 22.5172
42.467839 69.030 24.5623
42.775578 69.028 26.6266
43.085548 69.077 28.6494
43.397763 69.171 30.5856
43.712242 69.306 32.4099
44.028998 69.477 34.1163
44.348051 69.685 35.7135
44.669415 69.930 37.2175
44.993108 70.219 38.6385
45.319147 70.556 39.9622
45.647548 70.948 41.1434
45.978329 71.395 42.1057
46.311507 71.893 42.7526
46.647099 72.434 42.9836
46.985123 73.003 42.7124
47.325597 73.584 41.8800
47.668537 74.162 40.4614
48.013963 74.721 38.4629
48.361892 75.251 35.9178
48.712342 75.744 32.8776
49.065332 76.193 29.4051
49.420880 76.595 25.5699
49.779004 76.948 21.4415
50.139723 77.248 17.0839
50.503056 77.496 12.5558
50.869022 77.690 7.9074
51.237640 77.829 3.1814
51.608929 77.914 -1.5866
51.982909 77.947 -6.3666
52.359598 77.930 -11.1331
52.739018 77.868 -15.8645
53.121186 77.766 -20.5449
53.506124 77.629 -25.1629
53.893852 77.462 -29.7154
54.284389 77.272 -34.2068
54.677756 77.064 -38.6499
55.073973 76.841 -43.0661
55.473062 76.608 -47.4838
55.875043 76.368 -51.9348
56.279936 76.123 -56.4518
56.687764 75.873 -61.0648
57.098547 75.619 -65.8007
57.512306 75.358 -70.6825
57.929064 75.084 -75.7347
58.348842 74.791 -80.9883
58.771662 74.468 -86.4869
59.197546 74.106 -92.2969
59.626515 73.692 -98.5166
60.058594 73.215 -105.2825
60.493803 72.673 -112.7753
60.932166 72.068 -121.2184
61.373706 71.421 -130.8523
61.818445 70.769 -141.8849
62.266407 70.174 -154.3922
62.717615 69.707 -168.2103
63.172093 69.429 177.1447
63.629864 69.356 162.3787
64.090952 69.454 148.1442
64.555381 69.657 134.8157
65.023176 69.895 122.4971
65.494361 70.117 111.1430
65.968960 70.288 100.6429
66.446998 70.388 90.8573
66.928501 70.402 81.6912
67.413492 70.326 73.0739
67.901998 70.152 64.9270
68.394044 69.875 57.1975
68.889655 69.490 49.8479
69.388858 68.983 42.8306
69.891679 68.340 36.1201
70.398142 67.534 29.7076
70.908276 66.522 23.5923
71.422107 65.238 17.8300
71.939661 63.568 12.5543
72.460965 61.309 8.1470
72.986047 58.083 5.9319
73.514934 53.470 13.9525
74.047654 52.312 116.5632
74.584234 57.572 143.1872
75.124702 61.803 143.1294
75.669086 64.900 139.6044
76.217416 67.315 135.0086
76.769719 69.296 129.9433
77.326024 70.975 124.6089
77.886360 72.430 119.0793
78.450757 73.707 113.3753
79.019243 74.836 107.5003
79.591849 75.833 101.4559
80.168605 76.710 95.2491
80.749539 77.475 88.9010
81.334684 78.134 82.4449
81.924068 78.688 75.9200
82.517724 79.145 69.3832
83.115681 79.508 62.8796
83.717972 79.781 56.4623
84.324627 79.970 50.1724
84.935678 80.082 44.0356
85.551157 80.120 38.0760
86.171096 80.091 32.3025
86.795527 80.000 26.7180
87.424483 79.850 21.3269
88.057997 79.647 16.1368
88.696102 79.391 11.1613
89.338830 79.083 6.4249
89.986216 78.725 1.9661
90.638293 78.314 -2.1661
91.295096 77.851 -5.9107
91.956658 77.336 -9.1952
92.623013 76.774 -11.9363
93.294198 76.172 -14.0452
93.970246 75.542 -15.4332
94.651193 74.905 -16.0231
95.337075 74.286 -15.7670
96.027927 73.717 -14.6696
96.723785 73.229 -12.8136
97.424685 72.855 -10.3734
98.130664 72.613 -7.6021
98.841760 72.506 -4.7870
99.558008 72.521 -2.1893
100.279446 72.630 0.0073
101.006112 72.803 1.7188
101.738044 73.010 2.9533
102.475280 73.230 3.7882
103.217858 73.449 4.3403
103.965817 73.667 4.7352
104.719197 73.889 5.0764
105.478035 74.129 5.4163
106.242372 74.403 5.7345
107.012248 74.725 5.9346
107.787703 75.095 5.8679
108.568777 75.506 5.3793
109.355511 75.938 4.3563
110.147947 76.366 2.7541
110.946124 76.768 0.5984
111.750085 77.123 -2.0309
112.559873 77.417 -5.0232
113.375528 77.644 -8.2537
114.197094 77.799 -11.5967
115.024613 77.887 -14.9333
115.858129 77.912 -18.1591
116.697684 77.884 -21.1866
117.543324 77.815 -23.9519
118.395091 77.718 -26.4202
119.253031 77.608 -28.5887
120.117188 77.496 -30.4890
120.987606 77.394 -32.1806
121.864332 77.306 -33.7416
122.747411 77.234 -35.2531
123.636890 77.174 -36.7821
124.532814 77.118 -38.3712
125.435230 77.060 -40.0308
126.344185 76.991 -41.7410
127.259727 76.908 -43.4573
128.181904 76.809 -45.1201
129.110763 76.696 -46.6671
130.046352 76.577 -48.0464
130.988722 76.461 -49.2291
131.937920 76.360 -50.2186
132.893997 76.284 -51.0538
133.857001 76.239 -51.8058
134.826984 76.229 -52.5643
135.803996 76.250 -53.4211
136.788088 76.295 -54.4550
137.779311 76.354 -55.7218
138.777717 76.417 -57.2512
139.783357 76.471 -59.0488
140.796285 76.506 -61.0980
141.816553 76.512 -63.3617
142.844214 76.483 -65.7839
143.879322 76.412 -68.2910
144.921931 76.296 -70.7954
145.972095 76.138 -73.2028
147.029869 75.943 -75.4213
148.095308 75.720 -77.3751
149.168468 75.484 -79.0168
150.249404 75.253 -80.3403
151.338173 75.041 -81.3857
152.434832 74.862 -82.2377
153.539437 74.724 -83.0126
154.652047 74.628 -83.8409
155.772720 74.568 -84.8432
156.901513 74.531 -86.1117
158.038486 74.501 -87.6991
159.183698 74.463 -89.6163
160.337209 74.402 -91.8383
161.499079 74.304 -94.3126
162.669367 74.162 -96.9698
163.848137 73.971 -99.7326
165.035448 73.728 -102.5225
166.231363 73.436 -105.2642
167.435944 73.098 -107.8908
168.649254 72.724 -110.3497
169.871356 72.322 -112.6136
171.102314 71.906 -114.6941
172.342191 71.485 -116.6513
173.591054 71.063 -118.5983
174.848966 70.636 -120.6891
176.115994 70.187 -123.0903
177.392203 69.684 -125.9495
178.677660 69.082 -129.3718
179.972432 68.323 -133.4097
181.276587 67.331 -138.0712
182.590191 65.998 -143.3390
183.913315 64.160 -149.2056
185.246027 61.522 -155.7698
186.588396 57.522 -163.7104
187.940492 52.580 173.3425
189.302387 55.743 13.2638
190.674150 60.828 3.2137
192.055853 64.308 -4.4078
193.447569 66.806 -11.5020
194.849370 68.702 -18.3544
196.261329 70.193 -25.0399
197.683519 71.390 -31.5835
199.116016 72.364 -37.9954
200.558892 73.160 -44.2795
202.012225 73.810 -50.4353
203.476089 74.337 -56.4567
204.950560 74.758 -62.3322
206.435716 75.089 -68.0482
207.931635 75.341 -73.5939
209.438393 75.526 -78.9640
210.956070 75.654 -84.1628
212.484745 75.731 -89.2047
214.024497 75.764 -94.1105
215.575406 75.758 -98.9030
217.137555 75.714 -103.6014
218.711023 75.633 -108.2170
220.295893 75.515 -112.7520
221.892248 75.359 -117.1987
223.500171 75.166 -121.5414
225.119745 74.934 -125.7563
226.751056 74.665 -129.8126
228.394187 74.361 -133.6769
230.049226 74.029 -137.3190
231.716257 73.674 -140.7188
233.395369 73.307 -143.8748
235.086648 72.935 -146.8099
236.790182 72.567 -149.5697
238.506062 72.206 -152.2145
240.234375 71.852 -154.8093
241.975212 71.502 -157.4088
243.728664 71.149 -160.0493
245.494823 70.785 -162.7421
247.273780 70.403 -165.4766
249.065627 70.000 -168.2286
250.870459 69.572 -170.9729
252.688370 69.123 -173.6992
254.519454 68.653 -176.4263
256.363807 68.162 -179.2061
258.221525 67.644 177.8820
260.092705 67.087 174.7520
261.977444 66.466 171.3380
263.875840 65.753 167.6163
265.787993 64.913 163.6185
267.714003 63.903 159.4342
269.653969 62.672 155.2120
271.607992 61.156 151.1694
273.576176 59.260 147.6434
275.558622 56.826 145.2723
277.555433 53.577 145.7560
279.566714 49.201 156.5408
281.592570 46.247 -138.2103
283.633106 49.832 -91.2338
285.688428 53.712 -84.2657
287.758644 56.502 -84.4142
289.843862 58.561 -86.7482
291.944190 60.136 -90.0040
294.059738 61.368 -93.6764
296.190616 62.344 -97.4847
298.336935 63.126 -101.2418
300.498808 63.760 -104.8257
302.676346 64.289 -108.1818
304.869664 64.745 -111.3291
307.078875 65.155 -114.3549
309.304095 65.531 -117.3888
311.545440 65.872 -120.5634
313.803027 66.168 -123.9745
316.076973 66.402 -127.6572
318.367397 66.555 -131.5796
320.674418 66.611 -135.6514
322.998157 66.556 -139.7368
325.338735 66.382 -143.6678
327.696273 66.086 -147.2512
330.070896 65.672 -150.2689
332.462726 65.146 -152.4685
334.871888 64.528 -153.5464
337.298507 63.856 -153.1350
339.742711 63.201 -150.8370
342.204627 62.690 -146.3951
344.684383 62.490 -140.0680
347.182108 62.734 -132.9718
349.697933 63.425 -126.7458
352.231988 64.420 -122.6031
354.784406 65.543 -120.8584
357.355320 66.658 -121.2197
359.944864 67.691 -123.2024
362.553173 68.607 -126.3445
365.180383 69.394 -130.2694
367.826630 70.056 -134.6866
370.492054 70.602 -139.3772
373.176792 71.042 -144.1792
375.880985 71.392 -148.9769
378.604773 71.664 -153.6919
381.348300 71.872 -158.2760
384.111707 72.027 -162.7052
386.895138 72.138 -166.9703
389.698740 72.215 -171.0707
392.522658 72.263 -175.0079
395.367039 72.290 -178.7871
398.232031 72.300 177.5835
401.117785 72.300 174.0880
404.024450 72.294 170.7015
406.952177 72.285 167.3910
409.901120 72.275 164.1161
412.871433 72.263 160.8324
415.863270 72.246 157.4950
418.876786 72.217 154.0640
421.912140 72.166 150.5155
424.969489 72.082 146.8529
428.048993 71.951 143.1145
431.150813 71.762 139.3768
434.275109 71.506 135.7485
437.422046 71.180 132.3607
440.591786 70.786 129.3591
443.784496 70.332 126.8920
447.000341 69.834 125.0978
450.239490 69.315 124.0929
453.502111 68.803 123.9546
456.788374 68.336 124.6975
460.098451 67.951 126.2550
463.432514 67.680 128.4702
466.790737 67.551 131.1196
470.173295 67.575 133.9550
473.580365 67.753 136.7385
477.012124 68.079 139.2521
480.468750 68.541 141.2826
483.950425 69.116 142.6228
487.457329 69.773 143.1006
490.989646 70.474 142.6166
494.547559 71.179 141.1660
498.131254 71.856 138.8302
501.740919 72.478 135.7478
505.376740 73.030 132.0829
509.038909 73.506 127.9987
512.727614 73.906 123.6394
516.443050 74.233 119.1198
520.185409 74.497 114.5201
523.954887 74.705 109.8882
527.751680 74.865 105.2452
531.575987 74.981 100.5957
535.428005 75.057 95.9344
539.307937 75.093 91.2543
543.215985 75.091 86.5498
547.152352 75.046 81.8188
551.117243 74.958 77.0643
555.110866 74.822 72.2948
559.133428 74.634 67.5275
563.185140 74.391 62.7882
567.266211 74.088 58.1123
571.376856 73.721 53.5468
575.517288 73.286 49.1523
579.687724 72.780 45.0084
583.888380 72.200 41.2190
588.119476 71.548 37.9156
592.381232 70.832 35.2583
596.673871 70.068 33.4249
600.997615 69.286 32.5864
605.352692 68.532 32.8529
609.739327 67.867 34.1902
614.157750 67.350 36.3358
618.608190 67.021 38.7928
623.090880 66.877 40.9645
627.606053 66.872 42.3644
632.153945 66.937 42.7505
636.734793 67.004 42.1146
641.348836 67.015 40.5991
645.996314 66.928 38.4180
650.677470 66.712 35.8148
655.392547 66.343 33.0514
660.141792 65.799 30.4241
664.925451 65.066 28.2965
669.743775 64.134 27.1543
674.597014 63.012 27.6816
679.485423 61.757 30.8387
684.409254 60.536 37.7465
689.368766 59.686 48.8396
694.364216 59.582 62.2002
699.395865 60.261 74.0138
704.463976 61.381 82.0671
709.568812 62.603 86.6071
714.710640 63.755 88.6969
719.889728 64.787 89.2581
725.106346 65.701 88.9044
730.360766 66.518 87.9956
735.653261 67.264 86.7096
740.984108 67.958 85.1011
746.353584 68.612 83.1528
751.761970 69.227 80.8223
757.209547 69.800 78.0779
762.696599 70.318 74.9222
768.223413 70.772 71.3986
773.790277 71.151 67.5814
779.397480 71.452 63.5640
785.045315 71.670 59.4440
790.734077 71.807 55.3180
796.464062 71.864 51.2800
802.235569 71.845 47.4275
808.048899 71.758 43.8630
813.904354 71.614 40.6925
819.802241 71.433 38.0118
825.742866 71.238 35.8801
831.726539 71.062 34.2848
837.753572 70.934 33.1115
843.824280 70.875 32.1445
849.938979 70.888 31.1125
856.097987 70.960 29.7609
862.301626 71.062 27.9175
868.550219 71.157 25.5188
874.844092 71.214 22.6003
881.183573 71.205 19.2698
887.568992 71.108 15.6815
894.000683 70.912 12.0192
900.478980 70.610 8.4847
907.004222 70.205 5.2964
913.576749 69.708 2.6836
920.196903 69.144 0.8730
926.865029 68.555 0.0485
933.581475 67.996 0.2721
940.346591 67.532 1.3865
947.160730 67.209 2.9695
954.024247 67.035 4.4385
960.937500 66.970 5.2834
967.900849 66.941 5.2606
974.914658 66.874 4.4266
981.979291 66.708 3.0635
989.095118 66.410 1.5880
996.262509 65.966 0.4916
1003.481838 65.398 0.3041
1010.753481 64.760 1.5353
1018.077817 64.153 4.5319
1025.455229 63.708 9.2174
1032.886100 63.543 14.8793
1040.370819 63.691 20.3684
1047.909774 64.080 24.7186
1055.503361 64.590 27.5597
1063.151973 65.117 29.0267
1070.856010 65.598 29.4778
1078.615875 66.004 29.2950
1086.431970 66.332 28.8022
1094.304704 66.594 28.2432
1102.234487 66.809 27.7777
1110.221732 67.000 27.4873
1118.266856 67.188 27.3820
1126.370279 67.393 27.4132
1134.532422 67.628 27.4968
1142.753712 67.900 27.5338
1151.034577 68.209 27.4236
1159.375448 68.554 27.0663
1167.776760 68.926 26.3643
1176.238952 69.311 25.2310
1184.762464 69.692 23.6134
1193.347741 70.045 21.5082
1201.995231 70.352 18.9684
1210.705384 70.595 16.0973
1219.478654 70.765 13.0344
1228.315499 70.859 9.9325
1237.216380 70.884 6.9348
1246.181760 70.853 4.1571
1255.212106 70.781 1.6691
1264.307891 70.690 -0.5144
1273.469587 70.593 -2.4293
1282.697672 70.504 -4.1498
1291.992628 70.429 -5.7668
1301.354940 70.366 -7.3687
1310.785094 70.310 -9.0231
1320.283583 70.252 -10.7686
1329.850902 70.185 -12.6108
1339.487550 70.100 -14.5327
1349.194029 69.993 -16.5045
1358.970845 69.860 -18.4989
1368.818508 69.702 -20.5002
1378.737531 69.516 -22.5079
1388.728432 69.297 -24.5308
1398.791730 69.038 -26.5718
1408.927952 68.725 -28.6057
1419.137625 68.346 -30.5603
1429.421281 67.884 -32.2977
1439.779457 67.331 -33.6049
1450.212692 66.689 -34.1871
1460.721531 65.976 -33.6746
1471.306521 65.245 -31.6707
1481.968215 64.587 -27.8932
1492.707168 64.132 -22.4393
1503.523939 63.997 -16.0270
1514.419093 64.216 -9.8374
1525.393198 64.720 -4.9094
1536.446826 65.383 -1.6978
1547.580553 66.094 -0.1460
1558.794960 66.781 0.0291
1570.090631 67.405 -0.8608
1581.468155 67.946 -2.5507
1592.928125 68.395 -4.8313
1604.471139 68.748 -7.5348
1616.097798 69.003 -10.5166
1627.808709 69.160 -13.6420
1639.604482 69.220 -16.7776
1651.485732 69.189 -19.7911
1663.453078 69.073 -22.5518
1675.507145 68.885 -24.9351
1687.648560 68.642 -26.8308
1699.877958 68.364 -28.1550
1712.195974 68.077 -28.8644
1724.603252 67.809 -28.9727
1737.100438 67.585 -28.5603
1749.688184 67.425 -27.7687
1762.367146 67.341 -26.7766
1775.137984 67.333 -25.7650
1788.001366 67.392 -24.8883
1800.957961 67.504 -24.2555
1814.008445 67.650 -23.9247
1827.153498 67.815 -23.9059
1840.393805 67.984 -24.1700
1853.730057 68.147 -24.6646
1867.162949 68.300 -25.3306
1880.693182 68.442 -26.1213
1894.321460 68.574 -27.0082
1908.048494 68.698 -27.9806
1921.875000 68.814 -29.0363
1935.801698 68.924 -30.1725
1949.829316 69.024 -31.3813
1963.958583 69.115 -32.6520
1978.190236 69.197 -33.9761
1992.525018 69.270 -35.3497
2006.963676 69.336 -36.7751
2021.506962 69.394 -38.2588
2036.155634 69.441 -39.8098
2050.910458 69.477 -41.4386
2065.772200 69.498 -43.1545
2080.741637 69.499 -44.9612
2095.819549 69.476 -46.8533
2111.006721 69.422 -48.8114
2126.303946 69.329 -50.7974
2141.712021 69.193 -52.7522
2157.231749 69.010 -54.5951
2172.863940 68.777 -56.2218
2188.609407 68.500 -57.5078
2204.468973 68.192 -58.3191
2220.443464 67.871 -58.5354
2236.533713 67.572 -58.0898
2252.740558 67.330 -57.0150
2269.064845 67.182 -55.4760
2285.507424 67.149 -53.7566
2302.069153 67.231 -52.1879
2318.750895 67.405 -51.0507
2335.553520 67.636 -50.5050
2352.477904 67.883 -50.5768
2369.524928 68.116 -51.1837
2386.695483 68.311 -52.1787
2403.990462 68.458 -53.3872
2421.410768 68.557 -54.6350
2438.957308 68.619 -55.7731
2456.630998 68.660 -56.6989
2474.432759 68.704 -57.3759
2492.363519 68.773 -57.8455
2510.424213 68.883 -58.2220
2528.615781 69.040 -58.6644
2546.939174 69.242 -59.3363
2565.395345 69.471 -60.3651
2583.985257 69.707 -61.8177
2602.709879 69.929 -63.6957
2621.570188 70.117 -65.9438
2640.567166 70.257 -68.4685
2659.701804 70.340 -71.1581
2678.975100 70.366 -73.8990
2698.388058 70.337 -76.5913
2717.941690 70.260 -79.1569
2737.637016 70.143 -81.5432
2757.475062 69.995 -83.7223
2777.456863 69.824 -85.6838
2797.583461 69.635 -87.4238
2817.855904 69.434 -88.9364
2838.275249 69.222 -90.2047
2858.842562 69.008 -91.2000
2879.558913 68.797 -91.8879
2900.425384 68.603 -92.2433
2921.443062 68.442 -92.2699
2942.613043 68.330 -92.0188
2963.936430 68.283 -91.5985
2985.414335 68.309 -91.1649
3007.047878 68.407 -90.8917
3028.838187 68.563 -90.9316
3050.786397 68.761 -91.3875
3072.893653 68.979 -92.3053
3095.161107 69.197 -93.6842
3117.589920 69.401 -95.4929
3140.181262 69.575 -97.6824
3162.936310 69.710 -100.1958
3185.856250 69.797 -102.9720
3208.942278 69.830 -105.9490
3232.195596 69.804 -109.0641
3255.617418 69.713 -112.2527
3279.208964 69.554 -115.4443
3302.971464 69.324 -118.5605
3326.906156 69.020 -121.5121
3351.014290 68.642 -124.1973
3375.297121 68.191 -126.4993
3399.755915 67.671 -128.2850
3424.391948 67.093 -129.4015
3449.206504 66.472 -129.6744
3474.200876 65.839 -128.9221
3499.376367 65.239 -126.9943
3524.734291 64.736 -123.8529
3550.275969 64.406 -119.6879
3576.002732 64.307 -114.9838
3601.915922 64.458 -110.4265
3628.016889 64.819 -106.6567
3654.306995 65.319 -104.0566
3680.787610 65.881 -102.7133
3707.460115 66.441 -102.5120
3734.325899 66.956 -103.2451
3761.386364 67.401 -104.6816
3788.642920 67.762 -106.5988
3816.096988 68.032 -108.7899
3843.750000 68.214 -111.0651
3871.603397 68.314 -113.2468
3899.658631 68.345 -115.1733
3927.917165 68.328 -116.7070
3956.380472 68.288 -117.7517
3985.050036 68.257 -118.2789
4013.927351 68.267 -118.3475
4043.013923 68.344 -118.1071
4072.311269 68.503 -117.7762
4101.820915 68.744 -117.5930
4131.544400 69.053 -117.7620
4161.483274 69.407 -118.4185
4191.639097 69.781 -119.6232
4222.013442 70.150 -121.3739
4252.607892 70.494 -123.6274
4283.424042 70.799 -126.3169
4314.463498 71.052 -129.3660
4345.727879 71.244 -132.6942
4377.218815 71.370 -136.2218
4408.937947 71.423 -139.8676
4440.886929 71.398 -143.5431
4473.067426 71.293 -147.1448
4505.481116 71.105 -150.5428
4538.129690 70.840 -153.5776
4571.014848 70.508 -156.0663
4604.138306 70.134 -157.8291
4637.501790 69.758 -158.7428
4671.107040 69.430 -158.8145
4704.955807 69.199 -158.2456
4739.049856 69.097 -157.4205
4773.390965 69.120 -156.7931
4807.980924 69.234 -156.7251
4842.821536 69.388 -157.3855
4877.914617 69.532 -158.7548
4913.261997 69.627 -160.6866
4948.865519 69.646 -162.9761
4984.727038 69.580 -165.4016
5020.848425 69.425 -167.7488
5057.231563 69.191 -169.8212
5093.878347 68.892 -171.4478
5130.790689 68.552 -172.4949
5167.970514 68.202 -172.8867
5205.419759 67.875 -172.6320
5243.140376 67.605 -171.8461
5281.134332 67.413 -170.7428
5319.403609 67.303 -169.5812
5357.950200 67.260 -168.5875
5396.776116 67.257 -167.8862
5435.883380 67.263 -167.4772
5475.274032 67.255 -167.2561
5514.950125 67.224 -167.0587
5554.913727 67.169 -166.7081
5595.166922 67.109 -166.0603
5635.711808 67.066 -165.0410
5676.550498 67.072 -163.6758
5717.685123 67.152 -162.0964
5759.117827 67.319 -160.5167
5800.850769 67.573 -159.1794
5842.886124 67.896 -158.2960
5885.226086 68.259 -158.0021
5927.872860 68.632 -158.3406
5970.828671 68.985 -159.2717
6014.095756 69.294 -160.6936
6057.676373 69.543 -162.4667
6101.572794 69.726 -164.4358
6145.787305 69.842 -166.4502
6190.322213 69.899 -168.3798
6235.179840 69.909 -170.1295
6280.362523 69.888 -171.6483
6325.872619 69.850 -172.9307
6371.712500 69.808 -174.0131
6417.884555 69.769 -174.9568
6464.391192 69.735 -175.8279
6511.234836 69.704 -176.6779
6558.417927 69.670 -177.5292
6605.942927 69.626 -178.3733
6653.812313 69.569 -179.1740
6702.028580 69.498 -179.8801
6750.594241 69.417 179.5564
6799.511830 69.334 179.1642
6848.783896 69.258 178.9369
6898.413007 69.196 178.8333
6948.401751 69.153 178.7880
6998.752735 69.126 178.7354
7049.468582 69.109 178.6304
7100.551937 69.094 178.4612
7152.005464 69.073 178.2490
7203.831844 69.041 178.0439
7256.033779 68.998 177.9116
7308.613991 68.948 177.9170
7361.575220 68.901 178.1045
7414.920229 68.871 178.4775
7468.651798 68.870 178.9836
7522.772727 68.906 179.5203
7577.285840 68.978 179.9640
7632.193976 69.074 -179.7871
7687.500000 69.180 -179.7786
7743.206794 69.278 -179.9873
7799.317262 69.357 179.6632
7855.834330 69.415 179.2705
7912.760944 69.454 178.9185
7970.100072 69.485 178.6494
8027.854702 69.516 178.4553
8086.027847 69.552 178.2910
8144.622538 69.593 178.1010
8203.641830 69.634 177.8511
8263.088801 69.667 177.5487
8322.966548 69.688 177.2406
8383.278195 69.699 176.9886
8444.026884 69.704 176.8401
8505.215784 69.715 176.8022
8566.848084 69.737 176.8352
8628.926996 69.776 176.8733
8691.455758 69.827 176.8563
8754.437630 69.884 176.7583
8817.875894 69.941 176.5907
8881.773857 69.995 176.3889
8946.134852 70.048 176.1832
9010.962233 70.104 175.9773
9076.259380 70.167 175.7399
9142.029697 70.234 175.4221
9208.276612 70.300 174.9841
9275.003581 70.356 174.4240
9342.214080 70.394 173.7830
9409.911614 70.412 173.1323
9478.099713 70.412 172.5420
9546.781930 70.403 172.0488
9615.961848 70.393 171.6393
9685.643071 70.390 171.2577
9755.829233 70.391 170.8359
9826.523994 70.389 170.3295
9897.731037 70.375 169.7410
9969.454076 70.341 169.1166
10041.696850 70.285 168.5261
10114.463125 70.209 168.0332
10187.756694 70.120 167.6755
10261.581379 70.026 167.4590
10335.941028 69.931 167.3694
10410.839517 69.837 167.3905
10486.280752 69.747 167.5189
10562.268665 69.663 167.7664
10638.807218 69.588 168.1470
10715.900400 69.532 168.6578
10793.552232 69.501 169.2644
10871.766761 69.502 169.9005
10950.548064 69.534 170.4858
11029.900250 69.593 170.9493
11109.827454 69.672 171.2432
11190.333843 69.763 171.3440
11271.423615 69.856 171.2444
11353.100997 69.945 170.9481
11435.370247 70.021 170.4711
11518.235653 70.079 169.8441
11601.701537 70.114 169.1104
11685.772249 70.123 168.3179
11770.452172 70.107 167.5089
11855.745720 70.067 166.7134
11941.657341 70.005 165.9528
12028.191513 69.920 165.2482
12115.352747 69.814 164.6300
12203.145587 69.688 164.1382
12291.574610 69.548 163.8124
12380.644427 69.401 163.6783
12470.359680 69.254 163.7402
12560.725047 69.115 163.9823
12651.745238 68.990 164.3805
12743.425000 68.884 164.9109
12835.769110 68.801 165.5491
12928.782385 68.746 166.2616
13022.469671 68.722 166.9979
13116.835855 68.730 167.6923
13211.885854 68.767 168.2771
13307.624625 68.829 168.6957
13404.057159 68.907 168.9087
13501.188483 68.991 168.8942
13599.023660 69.072 168.6460
13697.567791 69.143 168.1731
13796.826014 69.192 167.5015
13896.803503 69.215 166.6720
13997.505470 69.204 165.7380
14098.937164 69.157 164.7584
14201.103875 69.074 163.7958
14304.010928 68.954 162.9170
14407.663687 68.803 162.1907
14512.067557 68.625 161.6842
14617.227981 68.434 161.4536
14723.150441 68.241 161.5338
14829.840458 68.064 161.9292
14937.303595 67.918 162.6025
15045.545455 67.818 163.4688
15154.571679 67.775 164.4026
15264.387953 67.786 165.2588
15375.000000 67.847 165.9033
15486.413588 67.939 166.2417
15598.634525 68.048 166.2339
15711.668661 68.153 165.8905
15825.521888 68.243 165.2592
15940.200144 68.306 164.4110
16055.709405 68.338 163.4261
16172.055694 68.338 162.3843
16289.245076 68.309 161.3564
16407.283660 68.255 160.4000
16526.177601 68.183 159.5588
16645.933097 68.103 158.8616
16766.556390 68.024 158.3203
16888.053769 67.956 157.9281
17010.431568 67.909 157.6552
17133.696167 67.891 157.4476
17257.853993 67.908 157.2294
17382.911517 67.961 156.9164
17508.875259 68.046 156.4270
17635.751787 68.154 155.6785
17763.547714 68.272 154.6348
17892.269704 68.390 153.3376
18021.924466 68.502 151.7971
18152.518759 68.603 150.0305
18284.059393 68.687 148.0824
18416.553225 68.752 145.9990
18550.007161 68.801 143.8228
18684.428160 68.837 141.5881
18819.823228 68.866 139.3170
18956.199425 68.893 137.0131
19093.563861 68.924 134.6615
19231.923695 68.965 132.2312
19371.286142 69.018 129.6780
19511.658467 69.085 126.9521
19653.047987 69.163 124.0063
19795.462074 69.249 120.8000
19938.908153 69.337 117.2952
20083.393701 69.414 113.6014
20228.926250 69.480 109.7572
20375.513389 69.533 105.6252
20523.162758 69.572 101.2141
20671.882055 69.591 96.5344
20821.679034 69.589 91.5989
20972.561504 69.559 86.4221
21124.537330 69.494 81.0234
21277.614435 69.384 75.4288
21431.800801 69.214 69.6733
21587.104464 68.964 63.8013
21743.533521 68.620 57.8652
21901.096129 68.249 51.9224
