* Measurement data measured by REW V5.40 beta 122
* Source: U18dB [plughw:3,0], Mic (Mic), R, volume: 1.000. Timing signal peak level -28.0 dBFS, measurement signal peak level -15.1 dBFS
* Format: 512k Log Swept Sine, 1 sweep at -12.0 dBFS using an acoustic timing reference
* Dated: Aug 10, 2026, 4:21:50 PM
* REW Settings:
*  C-weighting compensation: Off
*  Target level: 75.0 dB
* Note: L -12dBFS OKTO@-29dB mic - speakers 3.48m mic - front wall 4.34 MIC centered Screen panels prolong the 1.75 half wall LEFT Screen panels as traditional Foam panels moved back into the room Delay -0.0328 ms (-11 mm, -0.44 in) using estimated IR delay relative to Acoustic reference played from DAC8STEREO R with no timing offset Clock adjustment: -14.8 ppm
* Measurement: L 120.Rscreen
* Smoothing: 1/48 octave
* Frequency Step: 96 ppo
* Start Frequency: 15.014648 Hz
*
* Freq(Hz) SPL(dB) Phase(degrees)
15.014648 69.489 -160.1606
15.123451 69.574 -161.8467
15.233042 69.689 -163.4741
15.343426 69.820 -164.9949
15.454611 69.964 -166.3751
15.566602 70.121 -167.6344
15.679404 70.281 -168.7708
15.793023 70.443 -169.7769
15.907466 70.604 -170.6351
16.022738 70.761 -171.4062
16.138845 70.910 -172.1565
16.255794 71.051 -172.8470
16.373590 71.183 -173.5294
16.492240 71.306 -174.3064
16.611750 71.421 -175.1704
16.732125 71.530 -176.1221
16.853373 71.636 -177.2178
16.975500 71.742 -178.4733
17.098511 71.849 -179.8629
17.222414 71.963 178.6359
17.347215 72.085 177.0218
17.472920 72.216 175.3108
17.599536 72.357 173.5440
17.727069 72.507 171.7415
17.855527 72.667 169.8854
17.984915 72.835 167.9580
18.115241 73.013 165.9960
18.246512 73.201 163.9439
18.378734 73.402 161.7400
18.511914 73.617 159.4313
18.646058 73.850 156.9855
18.781175 74.106 154.3714
18.917272 74.385 151.6465
19.054354 74.684 148.8909
19.192430 75.004 146.0815
19.331506 75.335 143.3217
19.471590 75.660 140.7420
19.612689 75.977 138.2615
19.754811 76.267 136.0226
19.897962 76.516 134.0564
20.042151 76.720 132.2953
20.187385 76.868 130.8341
20.333671 76.955 129.6246
20.481017 76.985 128.6347
20.629431 76.961 127.8814
20.778920 76.888 127.3221
20.929493 76.785 126.8566
21.081157 76.658 126.5222
21.233919 76.526 126.1737
21.387789 76.411 125.6726
21.542774 76.308 125.1412
21.698882 76.232 124.4526
21.856121 76.199 123.4661
22.014499 76.206 122.2050
22.174025 76.254 120.6660
22.334708 76.333 118.8961
22.496554 76.437 116.8973
22.659573 76.558 114.7227
22.823774 76.684 112.4147
22.989164 76.810 109.9799
23.155753 76.924 107.4861
23.323549 77.024 104.9046
23.492562 77.101 102.3126
23.662798 77.153 99.6700
23.834269 77.178 97.0455
24.006982 77.171 94.4141
24.180946 77.133 91.8179
24.356171 77.065 89.2590
24.532666 76.966 86.7504
24.710440 76.840 84.3154
24.889502 76.689 81.9500
25.069862 76.518 79.6854
25.251528 76.328 77.5148
25.434511 76.127 75.4659
25.618820 75.918 73.5360
25.804465 75.706 71.7425
25.991454 75.496 70.0844
26.179799 75.293 68.5653
26.369509 75.100 67.1798
26.560593 74.918 65.9195
26.753062 74.751 64.7698
26.946926 74.599 63.7184
27.142194 74.460 62.7434
27.338878 74.331 61.8349
27.536987 74.208 60.9765
27.736531 74.087 60.1642
27.937521 73.960 59.3996
28.139968 73.823 58.6866
28.343882 73.671 58.0449
28.549273 73.503 57.4834
28.756153 73.320 57.0234
28.964532 73.123 56.6710
29.174421 72.919 56.4386
29.385831 72.712 56.3163
29.598773 72.507 56.3099
29.813258 72.310 56.4043
30.029297 72.126 56.6133
30.246902 71.957 56.9419
30.466083 71.811 57.4188
30.686853 71.694 58.0591
30.909222 71.619 58.8709
31.133203 71.596 59.8235
31.358807 71.636 60.8650
31.586046 71.746 61.8595
31.814932 71.925 62.7293
32.045476 72.164 63.3034
32.277691 72.449 63.5153
32.511588 72.767 63.3093
32.747180 73.098 62.6483
32.984480 73.431 61.5635
33.223499 73.754 60.0701
33.464250 74.059 58.2232
33.706746 74.342 56.0641
33.950999 74.600 53.6341
34.197022 74.828 50.9978
34.444828 75.027 48.1866
34.694429 75.193 45.2394
34.945839 75.324 42.2166
35.199071 75.417 39.1478
35.454138 75.470 36.0760
35.711054 75.482 33.0665
35.969831 75.453 30.1445
36.230483 75.380 27.3400
36.493024 75.264 24.7107
36.757467 75.105 22.2878
37.023827 74.904 20.0967
37.292117 74.661 18.1683
37.562351 74.380 16.5186
37.834543 74.064 15.1495
38.108708 73.715 14.0637
38.384859 73.340 13.2493
38.663012 72.944 12.6806
38.943180 72.533 12.3428
39.225378 72.114 12.2211
39.509622 71.695 12.2994
39.795925 71.284 12.5684
40.084302 70.886 13.0367
40.374770 70.510 13.7159
40.667342 70.163 14.6201
40.962034 69.851 15.7607
41.258862 69.581 17.1425
41.557841 69.359 18.7524
41.858986 69.190 20.5601
42.162313 69.077 22.5172
42.467839 69.020 24.5623
42.775578 69.018 26.6266
43.085548 69.067 28.6494
43.397763 69.161 30.5856
43.712242 69.296 32.4099
44.028998 69.467 34.1163
44.348051 69.674 35.7135
44.669415 69.920 37.2175
44.993108 70.208 38.6385
45.319147 70.546 39.9622
45.647548 70.938 41.1434
45.978329 71.385 42.1057
46.311507 71.883 42.7526
46.647099 72.423 42.9836
46.985123 72.993 42.7124
47.325597 73.574 41.8800
47.668537 74.152 40.4614
48.013963 74.711 38.4629
48.361892 75.241 35.9178
48.712342 75.733 32.8776
49.065332 76.183 29.4051
49.420880 76.585 25.5699
49.779004 76.937 21.4415
50.139723 77.238 17.0839
50.503056 77.486 12.5558
50.869022 77.679 7.9074
51.237640 77.818 3.1814
51.608929 77.904 -1.5866
51.982909 77.937 -6.3666
52.359598 77.920 -11.1331
52.739018 77.858 -15.8645
53.121186 77.756 -20.5449
53.506124 77.618 -25.1629
53.893852 77.452 -29.7154
54.284389 77.262 -34.2068
54.677756 77.053 -38.6499
55.073973 76.831 -43.0661
55.473062 76.598 -47.4838
55.875043 76.358 -51.9348
56.279936 76.112 -56.4518
56.687764 75.863 -61.0648
57.098547 75.609 -65.8007
57.512306 75.347 -70.6825
57.929064 75.074 -75.7347
58.348842 74.781 -80.9883
58.771662 74.458 -86.4869
59.197546 74.096 -92.2969
59.626515 73.681 -98.5166
60.058594 73.205 -105.2825
60.493803 72.662 -112.7753
60.932166 72.058 -121.2184
61.373706 71.411 -130.8523
61.818445 70.759 -141.8849
62.266407 70.164 -154.3922
62.717615 69.697 -168.2103
63.172093 69.419 177.1447
63.629864 69.346 162.3787
64.090952 69.444 148.1442
64.555381 69.646 134.8157
65.023176 69.885 122.4971
65.494361 70.107 111.1430
65.968960 70.278 100.6429
66.446998 70.377 90.8573
66.928501 70.392 81.6912
67.413492 70.315 73.0739
67.901998 70.141 64.9270
68.394044 69.865 57.1975
68.889655 69.479 49.8479
69.388858 68.973 42.8306
69.891679 68.330 36.1201
70.398142 67.524 29.7076
70.908276 66.512 23.5923
71.422107 65.228 17.8300
71.939661 63.557 12.5543
72.460965 61.299 8.1470
72.986047 58.073 5.9319
73.514934 53.460 13.9525
74.047654 52.301 116.5632
74.584234 57.561 143.1872
75.124702 61.793 143.1294
75.669086 64.889 139.6044
76.217416 67.305 135.0086
76.769719 69.286 129.9433
77.326024 70.965 124.6089
77.886360 72.420 119.0793
78.450757 73.697 113.3753
79.019243 74.825 107.5003
79.591849 75.823 101.4559
80.168605 76.700 95.2491
80.749539 77.465 88.9010
81.334684 78.123 82.4449
81.924068 78.678 75.9200
82.517724 79.135 69.3832
83.115681 79.497 62.8796
83.717972 79.771 56.4623
84.324627 79.960 50.1724
84.935678 80.071 44.0356
85.551157 80.110 38.0760
86.171096 80.081 32.3025
86.795527 79.989 26.7180
87.424483 79.840 21.3269
88.057997 79.636 16.1368
88.696102 79.381 11.1613
89.338830 79.073 6.4249
89.986216 78.714 1.9661
90.638293 78.304 -2.1661
91.295096 77.841 -5.9107
91.956658 77.326 -9.1952
92.623013 76.763 -11.9363
93.294198 76.161 -14.0452
93.970246 75.532 -15.4332
94.651193 74.895 -16.0231
95.337075 74.276 -15.7670
96.027927 73.706 -14.6696
96.723785 73.219 -12.8136
97.424685 72.845 -10.3734
98.130664 72.603 -7.6021
98.841760 72.496 -4.7870
99.558008 72.511 -2.1893
100.279446 72.620 0.0073
101.006112 72.793 1.7188
101.738044 73.000 2.9533
102.475280 73.220 3.7882
103.217858 73.439 4.3403
103.965817 73.656 4.7352
104.719197 73.878 5.0764
105.478035 74.119 5.4163
106.242372 74.393 5.7345
107.012248 74.714 5.9346
107.787703 75.085 5.8679
108.568777 75.496 5.3793
109.355511 75.927 4.3563
110.147947 76.356 2.7541
110.946124 76.757 0.5984
111.750085 77.112 -2.0309
112.559873 77.407 -5.0232
113.375528 77.633 -8.2537
114.197094 77.789 -11.5967
115.024613 77.877 -14.9333
115.858129 77.902 -18.1591
116.697684 77.874 -21.1866
117.543324 77.805 -23.9519
118.395091 77.708 -26.4202
119.253031 77.597 -28.5887
120.117188 77.486 -30.4890
120.987606 77.384 -32.1806
121.864332 77.296 -33.7416
122.747411 77.224 -35.2531
123.636890 77.163 -36.7821
124.532814 77.108 -38.3712
125.435230 77.050 -40.0308
126.344185 76.981 -41.7410
127.259727 76.898 -43.4573
128.181904 76.798 -45.1201
129.110763 76.686 -46.6671
130.046352 76.567 -48.0464
130.988722 76.451 -49.2291
131.937920 76.350 -50.2186
132.893997 76.273 -51.0538
133.857001 76.229 -51.8058
134.826984 76.218 -52.5643
135.803996 76.239 -53.4211
136.788088 76.284 -54.4550
137.779311 76.344 -55.7218
138.777717 76.406 -57.2512
139.783357 76.460 -59.0488
140.796285 76.496 -61.0980
141.816553 76.502 -63.3617
142.844214 76.473 -65.7839
143.879322 76.401 -68.2910
144.921931 76.286 -70.7954
145.972095 76.128 -73.2028
147.029869 75.933 -75.4213
148.095308 75.710 -77.3751
149.168468 75.474 -79.0168
150.249404 75.242 -80.3403
151.338173 75.031 -81.3857
152.434832 74.852 -82.2377
153.539437 74.714 -83.0126
154.652047 74.618 -83.8409
155.772720 74.557 -84.8432
156.901513 74.521 -86.1117
158.038486 74.491 -87.6991
159.183698 74.453 -89.6163
160.337209 74.391 -91.8383
161.499079 74.294 -94.3126
162.669367 74.152 -96.9698
163.848137 73.961 -99.7326
165.035448 73.718 -102.5225
166.231363 73.425 -105.2642
167.435944 73.088 -107.8908
168.649254 72.713 -110.3497
169.871356 72.312 -112.6136
171.102314 71.896 -114.6941
172.342191 71.474 -116.6513
173.591054 71.052 -118.5983
174.848966 70.626 -120.6891
176.115994 70.176 -123.0903
177.392203 69.673 -125.9495
178.677660 69.072 -129.3718
179.972432 68.313 -133.4097
181.276587 67.321 -138.0712
182.590191 65.988 -143.3390
183.913315 64.150 -149.2056
185.246027 61.511 -155.7698
186.588396 57.512 -163.7104
187.940492 52.569 173.3425
189.302387 55.732 13.2638
190.674150 60.818 3.2137
192.055853 64.297 -4.4078
193.447569 66.796 -11.5020
194.849370 68.692 -18.3544
196.261329 70.183 -25.0399
197.683519 71.380 -31.5835
199.116016 72.354 -37.9954
200.558892 73.150 -44.2795
202.012225 73.799 -50.4353
203.476089 74.326 -56.4567
204.950560 74.748 -62.3322
206.435716 75.079 -68.0482
207.931635 75.331 -73.5939
209.438393 75.516 -78.9640
210.956070 75.643 -84.1628
212.484745 75.720 -89.2047
214.024497 75.754 -94.1105
215.575406 75.748 -98.9030
217.137555 75.704 -103.6014
218.711023 75.623 -108.2170
220.295893 75.505 -112.7520
221.892248 75.349 -117.1987
223.500171 75.155 -121.5414
225.119745 74.924 -125.7563
226.751056 74.655 -129.8126
228.394187 74.351 -133.6769
230.049226 74.018 -137.3190
231.716257 73.664 -140.7188
233.395369 73.296 -143.8748
235.086648 72.924 -146.8099
236.790182 72.556 -149.5697
238.506062 72.195 -152.2145
240.234375 71.842 -154.8093
241.975212 71.492 -157.4088
243.728664 71.139 -160.0493
245.494823 70.775 -162.7421
247.273780 70.393 -165.4766
249.065627 69.989 -168.2286
250.870459 69.562 -170.9729
252.688370 69.113 -173.6992
254.519454 68.643 -176.4263
256.363807 68.152 -179.2061
258.221525 67.634 177.8820
260.092705 67.076 174.7520
261.977444 66.456 171.3380
263.875840 65.743 167.6163
265.787993 64.903 163.6185
267.714003 63.892 159.4342
269.653969 62.662 155.2120
271.607992 61.146 151.1694
273.576176 59.250 147.6434
275.558622 56.815 145.2723
277.555433 53.567 145.7560
279.566714 49.190 156.5408
281.592570 46.236 -138.2103
283.633106 49.821 -91.2338
285.688428 53.702 -84.2657
287.758644 56.492 -84.4142
289.843862 58.551 -86.7482
291.944190 60.125 -90.0040
294.059738 61.357 -93.6764
296.190616 62.334 -97.4847
298.336935 63.115 -101.2418
300.498808 63.750 -104.8257
302.676346 64.278 -108.1818
304.869664 64.735 -111.3291
307.078875 65.145 -114.3549
309.304095 65.520 -117.3888
311.545440 65.861 -120.5634
313.803027 66.157 -123.9745
316.076973 66.392 -127.6572
318.367397 66.545 -131.5796
320.674418 66.601 -135.6514
322.998157 66.546 -139.7368
325.338735 66.372 -143.6678
327.696273 66.076 -147.2512
330.070896 65.661 -150.2689
332.462726 65.136 -152.4685
334.871888 64.518 -153.5464
337.298507 63.846 -153.1350
339.742711 63.191 -150.8370
342.204627 62.680 -146.3951
344.684383 62.479 -140.0680
347.182108 62.724 -132.9718
349.697933 63.415 -126.7458
352.231988 64.410 -122.6031
354.784406 65.532 -120.8584
357.355320 66.648 -121.2197
359.944864 67.681 -123.2024
362.553173 68.596 -126.3445
365.180383 69.384 -130.2694
367.826630 70.046 -134.6866
370.492054 70.591 -139.3772
373.176792 71.032 -144.1792
375.880985 71.382 -148.9769
378.604773 71.654 -153.6919
381.348300 71.862 -158.2760
384.111707 72.016 -162.7052
386.895138 72.128 -166.9703
389.698740 72.204 -171.0707
392.522658 72.253 -175.0079
395.367039 72.280 -178.7871
398.232031 72.290 177.5835
401.117785 72.290 174.0880
404.024450 72.284 170.7015
406.952177 72.274 167.3910
409.901120 72.265 164.1161
412.871433 72.252 160.8324
415.863270 72.235 157.4950
418.876786 72.206 154.0640
421.912140 72.156 150.5155
424.969489 72.072 146.8529
428.048993 71.941 143.1145
431.150813 71.751 139.3768
434.275109 71.496 135.7485
437.422046 71.170 132.3607
440.591786 70.776 129.3591
443.784496 70.322 126.8920
447.000341 69.824 125.0978
450.239490 69.304 124.0929
453.502111 68.793 123.9546
456.788374 68.326 124.6975
460.098451 67.940 126.2550
463.432514 67.670 128.4702
466.790737 67.541 131.1196
470.173295 67.564 133.9550
473.580365 67.743 136.7385
477.012124 68.069 139.2521
480.468750 68.531 141.2826
483.950425 69.106 142.6228
487.457329 69.763 143.1006
490.989646 70.463 142.6166
494.547559 71.169 141.1660
498.131254 71.846 138.8302
501.740919 72.468 135.7478
505.376740 73.020 132.0829
509.038909 73.496 127.9987
512.727614 73.895 123.6394
516.443050 74.223 119.1198
520.185409 74.487 114.5201
523.954887 74.695 109.8882
527.751680 74.854 105.2452
531.575987 74.971 100.5957
535.428005 75.047 95.9344
539.307937 75.083 91.2543
543.215985 75.080 86.5498
547.152352 75.036 81.8188
551.117243 74.947 77.0643
555.110866 74.811 72.2948
559.133428 74.624 67.5275
563.185140 74.381 62.7882
567.266211 74.078 58.1123
571.376856 73.711 53.5468
575.517288 73.276 49.1523
579.687724 72.770 45.0084
583.888380 72.190 41.2190
588.119476 71.538 37.9156
592.381232 70.822 35.2583
596.673871 70.057 33.4249
600.997615 69.275 32.5864
605.352692 68.522 32.8529
609.739327 67.856 34.1902
614.157750 67.340 36.3358
618.608190 67.011 38.7928
623.090880 66.867 40.9645
627.606053 66.862 42.3644
632.153945 66.927 42.7505
636.734793 66.994 42.1146
641.348836 67.005 40.5991
645.996314 66.918 38.4180
650.677470 66.702 35.8148
655.392547 66.332 33.0514
660.141792 65.789 30.4241
664.925451 65.056 28.2965
669.743775 64.124 27.1543
674.597014 63.002 27.6816
679.485423 61.746 30.8387
684.409254 60.525 37.7465
689.368766 59.676 48.8396
694.364216 59.572 62.2002
699.395865 60.250 74.0138
704.463976 61.370 82.0671
709.568812 62.592 86.6071
714.710640 63.745 88.6969
719.889728 64.777 89.2581
725.106346 65.691 88.9044
730.360766 66.508 87.9956
735.653261 67.254 86.7096
740.984108 67.948 85.1011
746.353584 68.602 83.1528
751.761970 69.217 80.8223
757.209547 69.789 78.0779
762.696599 70.307 74.9222
768.223413 70.761 71.3986
773.790277 71.141 67.5814
779.397480 71.442 63.5640
785.045315 71.660 59.4440
790.734077 71.797 55.3180
796.464062 71.854 51.2800
802.235569 71.835 47.4275
808.048899 71.747 43.8630
813.904354 71.604 40.6925
819.802241 71.422 38.0118
825.742866 71.228 35.8801
831.726539 71.052 34.2848
837.753572 70.924 33.1115
843.824280 70.864 32.1445
849.938979 70.878 31.1125
856.097987 70.950 29.7609
862.301626 71.051 27.9175
868.550219 71.147 25.5188
874.844092 71.204 22.6003
881.183573 71.195 19.2698
887.568992 71.098 15.6815
894.000683 70.902 12.0192
900.478980 70.600 8.4847
907.004222 70.194 5.2964
913.576749 69.697 2.6836
920.196903 69.134 0.8730
926.865029 68.544 0.0485
933.581475 67.986 0.2721
940.346591 67.522 1.3865
947.160730 67.199 2.9695
954.024247 67.025 4.4385
960.937500 66.960 5.2834
967.900849 66.931 5.2606
974.914658 66.863 4.4266
981.979291 66.698 3.0635
989.095118 66.399 1.5880
996.262509 65.956 0.4916
1003.481838 65.387 0.3041
1010.753481 64.750 1.5353
1018.077817 64.142 4.5319
1025.455229 63.697 9.2174
1032.886100 63.533 14.8793
1040.370819 63.681 20.3684
1047.909774 64.070 24.7186
1055.503361 64.579 27.5597
1063.151973 65.106 29.0267
1070.856010 65.587 29.4778
1078.615875 65.994 29.2950
1086.431970 66.322 28.8022
1094.304704 66.584 28.2432
1102.234487 66.799 27.7777
1110.221732 66.989 27.4873
1118.266856 67.178 27.3820
1126.370279 67.383 27.4132
1134.532422 67.618 27.4968
1142.753712 67.889 27.5338
1151.034577 68.199 27.4236
1159.375448 68.544 27.0663
1167.776760 68.916 26.3643
1176.238952 69.301 25.2310
1184.762464 69.681 23.6134
1193.347741 70.035 21.5082
1201.995231 70.342 18.9684
1210.705384 70.585 16.0973
1219.478654 70.754 13.0344
1228.315499 70.849 9.9325
1237.216380 70.874 6.9348
1246.181760 70.842 4.1571
1255.212106 70.771 1.6691
1264.307891 70.679 -0.5144
1273.469587 70.583 -2.4293
1282.697672 70.494 -4.1498
1291.992628 70.418 -5.7668
1301.354940 70.355 -7.3687
1310.785094 70.299 -9.0231
1320.283583 70.242 -10.7686
1329.850902 70.175 -12.6108
1339.487550 70.090 -14.5327
1349.194029 69.982 -16.5045
1358.970845 69.850 -18.4989
1368.818508 69.692 -20.5002
1378.737531 69.505 -22.5079
1388.728432 69.287 -24.5308
1398.791730 69.027 -26.5718
1408.927952 68.715 -28.6057
1419.137625 68.335 -30.5603
1429.421281 67.874 -32.2977
1439.779457 67.321 -33.6049
1450.212692 66.679 -34.1871
1460.721531 65.966 -33.6746
1471.306521 65.234 -31.6707
1481.968215 64.577 -27.8932
1492.707168 64.122 -22.4393
1503.523939 63.986 -16.0270
1514.419093 64.206 -9.8374
1525.393198 64.709 -4.9094
1536.446826 65.372 -1.6978
1547.580553 66.084 -0.1460
1558.794960 66.771 0.0291
1570.090631 67.395 -0.8608
1581.468155 67.936 -2.5507
1592.928125 68.385 -4.8313
1604.471139 68.737 -7.5348
1616.097798 68.992 -10.5166
1627.808709 69.150 -13.6420
1639.604482 69.210 -16.7776
1651.485732 69.178 -19.7911
1663.453078 69.062 -22.5518
1675.507145 68.875 -24.9351
1687.648560 68.631 -26.8308
1699.877958 68.354 -28.1550
1712.195974 68.067 -28.8644
1724.603252 67.799 -28.9727
1737.100438 67.574 -28.5603
1749.688184 67.415 -27.7687
1762.367146 67.331 -26.7766
1775.137984 67.323 -25.7650
1788.001366 67.382 -24.8883
1800.957961 67.494 -24.2555
1814.008445 67.640 -23.9247
1827.153498 67.805 -23.9059
1840.393805 67.974 -24.1700
1853.730057 68.137 -24.6646
1867.162949 68.290 -25.3306
1880.693182 68.431 -26.1213
1894.321460 68.564 -27.0082
1908.048494 68.688 -27.9806
1921.875000 68.804 -29.0363
1935.801698 68.913 -30.1725
1949.829316 69.013 -31.3813
1963.958583 69.104 -32.6520
1978.190236 69.187 -33.9761
1992.525018 69.260 -35.3497
2006.963676 69.326 -36.7751
2021.506962 69.383 -38.2588
2036.155634 69.431 -39.8098
2050.910458 69.467 -41.4386
2065.772200 69.488 -43.1545
2080.741637 69.489 -44.9612
2095.819549 69.466 -46.8533
2111.006721 69.412 -48.8114
2126.303946 69.319 -50.7974
2141.712021 69.183 -52.7522
2157.231749 68.999 -54.5951
2172.863940 68.767 -56.2218
2188.609407 68.490 -57.5078
2204.468973 68.181 -58.3191
2220.443464 67.861 -58.5354
2236.533713 67.561 -58.0898
2252.740558 67.320 -57.0150
2269.064845 67.171 -55.4760
2285.507424 67.139 -53.7566
2302.069153 67.221 -52.1879
2318.750895 67.395 -51.0507
2335.553520 67.625 -50.5050
2352.477904 67.873 -50.5768
2369.524928 68.105 -51.1837
2386.695483 68.300 -52.1787
2403.990462 68.448 -53.3872
2421.410768 68.547 -54.6350
2438.957308 68.608 -55.7731
2456.630998 68.650 -56.6989
2474.432759 68.694 -57.3759
2492.363519 68.763 -57.8455
2510.424213 68.872 -58.2220
2528.615781 69.030 -58.6644
2546.939174 69.231 -59.3363
2565.395345 69.461 -60.3651
2583.985257 69.697 -61.8177
2602.709879 69.919 -63.6957
2621.570188 70.107 -65.9438
2640.567166 70.246 -68.4685
2659.701804 70.330 -71.1581
2678.975100 70.356 -73.8990
2698.388058 70.326 -76.5913
2717.941690 70.249 -79.1569
2737.637016 70.133 -81.5432
2757.475062 69.985 -83.7223
2777.456863 69.814 -85.6838
2797.583461 69.625 -87.4238
2817.855904 69.423 -88.9364
2838.275249 69.212 -90.2047
2858.842562 68.997 -91.2000
2879.558913 68.787 -91.8879
2900.425384 68.593 -92.2433
2921.443062 68.432 -92.2699
2942.613043 68.320 -92.0188
2963.936430 68.273 -91.5985
2985.414335 68.299 -91.1649
3007.047878 68.396 -90.8917
3028.838187 68.553 -90.9316
3050.786397 68.750 -91.3875
3072.893653 68.968 -92.3053
3095.161107 69.187 -93.6842
3117.589920 69.390 -95.4929
3140.181262 69.565 -97.6824
3162.936310 69.700 -100.1958
3185.856250 69.787 -102.9720
3208.942278 69.820 -105.9490
3232.195596 69.793 -109.0641
3255.617418 69.702 -112.2527
3279.208964 69.544 -115.4443
3302.971464 69.314 -118.5605
3326.906156 69.010 -121.5121
3351.014290 68.631 -124.1973
3375.297121 68.180 -126.4993
3399.755915 67.661 -128.2850
3424.391948 67.083 -129.4015
3449.206504 66.462 -129.6744
3474.200876 65.829 -128.9221
3499.376367 65.229 -126.9943
3524.734291 64.726 -123.8529
3550.275969 64.395 -119.6879
3576.002732 64.297 -114.9838
3601.915922 64.447 -110.4265
3628.016889 64.809 -106.6567
3654.306995 65.309 -104.0566
3680.787610 65.871 -102.7133
3707.460115 66.431 -102.5120
3734.325899 66.946 -103.2451
3761.386364 67.391 -104.6816
3788.642920 67.751 -106.5988
3816.096988 68.022 -108.7899
3843.750000 68.203 -111.0651
3871.603397 68.303 -113.2468
3899.658631 68.335 -115.1733
3927.917165 68.318 -116.7070
3956.380472 68.278 -117.7517
3985.050036 68.247 -118.2789
4013.927351 68.257 -118.3475
4043.013923 68.334 -118.1071
4072.311269 68.493 -117.7762
4101.820915 68.734 -117.5930
4131.544400 69.043 -117.7620
4161.483274 69.397 -118.4185
4191.639097 69.771 -119.6232
4222.013442 70.140 -121.3739
4252.607892 70.484 -123.6274
4283.424042 70.789 -126.3169
4314.463498 71.041 -129.3660
4345.727879 71.234 -132.6942
4377.218815 71.359 -136.2218
4408.937947 71.412 -139.8676
4440.886929 71.388 -143.5431
4473.067426 71.283 -147.1448
4505.481116 71.095 -150.5428
4538.129690 70.829 -153.5776
4571.014848 70.497 -156.0663
4604.138306 70.124 -157.8291
4637.501790 69.748 -158.7428
4671.107040 69.420 -158.8145
4704.955807 69.189 -158.2456
4739.049856 69.086 -157.4205
4773.390965 69.110 -156.7931
4807.980924 69.224 -156.7251
4842.821536 69.378 -157.3855
4877.914617 69.522 -158.7548
4913.261997 69.616 -160.6866
4948.865519 69.636 -162.9761
4984.727038 69.569 -165.4016
5020.848425 69.415 -167.7488
5057.231563 69.180 -169.8212
5093.878347 68.881 -171.4478
5130.790689 68.541 -172.4949
5167.970514 68.191 -172.8867
5205.419759 67.865 -172.6320
5243.140376 67.595 -171.8461
5281.134332 67.403 -170.7428
5319.403609 67.293 -169.5812
5357.950200 67.250 -168.5875
5396.776116 67.246 -167.8862
5435.883380 67.252 -167.4772
5475.274032 67.245 -167.2561
5514.950125 67.213 -167.0587
5554.913727 67.159 -166.7081
5595.166922 67.098 -166.0603
5635.711808 67.056 -165.0410
5676.550498 67.062 -163.6758
5717.685123 67.142 -162.0964
5759.117827 67.309 -160.5167
5800.850769 67.563 -159.1794
5842.886124 67.886 -158.2960
5885.226086 68.249 -158.0021
5927.872860 68.622 -158.3406
5970.828671 68.974 -159.2717
6014.095756 69.283 -160.6936
6057.676373 69.533 -162.4667
6101.572794 69.715 -164.4358
6145.787305 69.832 -166.4502
6190.322213 69.889 -168.3798
6235.179840 69.899 -170.1295
6280.362523 69.878 -171.6483
6325.872619 69.840 -172.9307
6371.712500 69.798 -174.0131
6417.884555 69.759 -174.9568
6464.391192 69.725 -175.8279
6511.234836 69.694 -176.6779
6558.417927 69.660 -177.5292
6605.942927 69.616 -178.3733
6653.812313 69.559 -179.1740
6702.028580 69.488 -179.8801
6750.594241 69.407 179.5564
6799.511830 69.324 179.1642
6848.783896 69.248 178.9369
6898.413007 69.186 178.8333
6948.401751 69.142 178.7880
6998.752735 69.115 178.7354
7049.468582 69.099 178.6304
7100.551937 69.084 178.4612
7152.005464 69.063 178.2490
7203.831844 69.031 178.0439
7256.033779 68.987 177.9116
7308.613991 68.938 177.9170
7361.575220 68.891 178.1045
7414.920229 68.861 178.4775
7468.651798 68.860 178.9836
7522.772727 68.896 179.5203
7577.285840 68.968 179.9640
7632.193976 69.064 -179.7871
7687.500000 69.170 -179.7786
7743.206794 69.268 -179.9873
7799.317262 69.347 179.6632
7855.834330 69.404 179.2705
7912.760944 69.444 178.9185
7970.100072 69.475 178.6494
8027.854702 69.506 178.4553
8086.027847 69.542 178.2910
8144.622538 69.583 178.1010
8203.641830 69.623 177.8511
8263.088801 69.657 177.5487
8322.966548 69.678 177.2406
8383.278195 69.688 176.9886
8444.026884 69.694 176.8401
8505.215784 69.704 176.8022
8566.848084 69.727 176.8352
8628.926996 69.766 176.8733
8691.455758 69.817 176.8563
8754.437630 69.874 176.7583
8817.875894 69.931 176.5907
8881.773857 69.985 176.3889
8946.134852 70.038 176.1832
9010.962233 70.094 175.9773
9076.259380 70.156 175.7399
9142.029697 70.224 175.4221
9208.276612 70.290 174.9841
9275.003581 70.346 174.4240
9342.214080 70.384 173.7830
9409.911614 70.401 173.1323
9478.099713 70.401 172.5420
9546.781930 70.392 172.0488
9615.961848 70.383 171.6393
9685.643071 70.380 171.2577
9755.829233 70.381 170.8359
9826.523994 70.379 170.3295
9897.731037 70.364 169.7410
9969.454076 70.330 169.1166
10041.696850 70.274 168.5261
10114.463125 70.199 168.0332
10187.756694 70.110 167.6755
10261.581379 70.015 167.4590
10335.941028 69.920 167.3694
10410.839517 69.827 167.3905
10486.280752 69.737 167.5189
10562.268665 69.652 167.7664
10638.807218 69.578 168.1470
10715.900400 69.522 168.6578
10793.552232 69.491 169.2644
10871.766761 69.492 169.9005
10950.548064 69.524 170.4858
11029.900250 69.583 170.9493
11109.827454 69.662 171.2432
11190.333843 69.752 171.3440
11271.423615 69.846 171.2444
11353.100997 69.935 170.9481
11435.370247 70.011 170.4711
11518.235653 70.069 169.8441
11601.701537 70.103 169.1104
11685.772249 70.113 168.3179
11770.452172 70.097 167.5089
11855.745720 70.057 166.7134
11941.657341 69.994 165.9528
12028.191513 69.910 165.2482
12115.352747 69.804 164.6300
12203.145587 69.678 164.1382
12291.574610 69.537 163.8124
12380.644427 69.390 163.6783
12470.359680 69.243 163.7402
12560.725047 69.105 163.9823
12651.745238 68.980 164.3805
12743.425000 68.874 164.9109
12835.769110 68.790 165.5491
12928.782385 68.735 166.2616
13022.469671 68.711 166.9979
13116.835855 68.719 167.6923
13211.885854 68.757 168.2771
13307.624625 68.819 168.6957
13404.057159 68.896 168.9087
13501.188483 68.981 168.8942
13599.023660 69.062 168.6460
13697.567791 69.132 168.1731
13796.826014 69.182 167.5015
13896.803503 69.204 166.6720
13997.505470 69.194 165.7380
14098.937164 69.147 164.7584
14201.103875 69.063 163.7958
14304.010928 68.944 162.9170
14407.663687 68.792 162.1907
14512.067557 68.615 161.6842
14617.227981 68.424 161.4536
14723.150441 68.231 161.5338
14829.840458 68.053 161.9292
14937.303595 67.907 162.6025
15045.545455 67.808 163.4688
15154.571679 67.764 164.4026
15264.387953 67.776 165.2588
15375.000000 67.836 165.9033
15486.413588 67.929 166.2417
15598.634525 68.037 166.2339
15711.668661 68.143 165.8905
15825.521888 68.233 165.2592
15940.200144 68.296 164.4110
16055.709405 68.328 163.4261
16172.055694 68.328 162.3843
16289.245076 68.299 161.3564
16407.283660 68.244 160.4000
16526.177601 68.173 159.5588
16645.933097 68.093 158.8616
16766.556390 68.014 158.3203
16888.053769 67.946 157.9281
17010.431568 67.899 157.6552
17133.696167 67.881 157.4476
17257.853993 67.898 157.2294
17382.911517 67.951 156.9164
17508.875259 68.036 156.4270
17635.751787 68.144 155.6785
17763.547714 68.262 154.6348
17892.269704 68.380 153.3376
18021.924466 68.492 151.7971
18152.518759 68.592 150.0305
18284.059393 68.676 148.0824
18416.553225 68.742 145.9990
18550.007161 68.791 143.8228
18684.428160 68.827 141.5881
18819.823228 68.856 139.3170
18956.199425 68.882 137.0131
19093.563861 68.913 134.6615
19231.923695 68.954 132.2312
19371.286142 69.008 129.6780
19511.658467 69.075 126.9521
19653.047987 69.153 124.0063
19795.462074 69.239 120.8000
19938.908153 69.326 117.2952
20083.393701 69.404 113.6014
20228.926250 69.470 109.7572
20375.513389 69.523 105.6252
20523.162758 69.561 101.2141
20671.882055 69.581 96.5344
20821.679034 69.579 91.5989
20972.561504 69.549 86.4221
21124.537330 69.484 81.0234
21277.614435 69.374 75.4288
21431.800801 69.203 69.6733
21587.104464 68.953 63.8013
21743.533521 68.610 57.8652
21901.096129 68.239 51.9224
