* Measurement data measured by REW V5.40 beta 122
* Source: U18dB [plughw:3,0], Mic (Mic), R, volume: 1.000. Timing signal peak level -29.0 dBFS, measurement signal peak level -14.8 dBFS
* Format: 512k Log Swept Sine, 1 sweep at -12.0 dBFS using an acoustic timing reference
* Dated: Aug 10, 2026, 4:22:17 PM
* REW Settings:
*  C-weighting compensation: Off
*  Target level: 75.0 dB
* Note: ; L -12dBFS OKTO@-29dB mic - speakers 3.48m mic - front wall 4.34 MIC centered Screen panels prolong the 1.75 half wall LEFT Screen panels as traditional Foam panels moved back into the room Delay -0.0009 ms (-0.31 mm, -0.01 in) using estimated IR delay relative to Acoustic reference played from DAC8STEREO R with no timing offset Clock adjustment: -14.8 ppm
* Measurement: R 120.Rscreen
* Smoothing: 1/48 octave
* Frequency Step: 96 ppo
* Start Frequency: 15.014648 Hz
*
* Freq(Hz) SPL(dB) Phase(degrees)
15.014648 68.550 -161.6764
15.123451 68.768 -162.6772
15.233042 69.034 -163.5009
15.343426 69.304 -164.2380
15.454611 69.566 -164.9303
15.566602 69.822 -165.5345
15.679404 70.066 -166.1422
15.793023 70.294 -166.8329
15.907466 70.510 -167.5577
16.022738 70.711 -168.3587
16.138845 70.897 -169.3009
16.255794 71.071 -170.3740
16.373590 71.233 -171.5723
16.492240 71.382 -172.9117
16.611750 71.523 -174.4072
16.732125 71.654 -176.0404
16.853373 71.777 -177.7803
16.975500 71.894 -179.6434
17.098511 72.005 178.3804
17.222414 72.109 176.3428
17.347215 72.208 174.2283
17.472920 72.304 172.0420
17.599536 72.395 169.8376
17.727069 72.482 167.5927
17.855527 72.568 165.3223
17.984915 72.654 163.0791
18.115241 72.741 160.8382
18.246512 72.831 158.6266
18.378734 72.926 156.4910
18.511914 73.026 154.4115
18.646058 73.132 152.4119
18.781175 73.247 150.5161
18.917272 73.367 148.7126
19.054354 73.492 146.9966
19.192430 73.622 145.3735
19.331506 73.752 143.8281
19.471590 73.880 142.3304
19.612689 74.005 140.8837
19.754811 74.123 139.4665
19.897962 74.232 138.0556
20.042151 74.332 136.6533
20.187385 74.422 135.2525
20.333671 74.503 133.8412
20.481017 74.578 132.4288
20.629431 74.649 131.0193
20.778920 74.717 129.6079
20.929493 74.790 128.2073
21.081157 74.867 126.8198
21.233919 74.951 125.4379
21.387789 75.047 124.0676
21.542774 75.151 122.7010
21.698882 75.265 121.3121
21.856121 75.389 119.9123
22.014499 75.516 118.4565
22.174025 75.648 116.9470
22.334708 75.777 115.3607
22.496554 75.903 113.6699
22.659573 76.022 111.8828
22.823774 76.130 109.9763
22.989164 76.227 107.9527
23.155753 76.310 105.8328
23.323549 76.380 103.5952
23.492562 76.434 101.3053
23.662798 76.474 98.9355
23.834269 76.499 96.5602
24.006982 76.510 94.1729
24.180946 76.509 91.8209
24.356171 76.495 89.5244
24.532666 76.471 87.2951
24.710440 76.441 85.1608
24.889502 76.405 83.1110
25.069862 76.368 81.1593
25.251528 76.333 79.2889
25.434511 76.303 77.4906
25.618820 76.283 75.7484
25.804465 76.274 74.0358
25.991454 76.278 72.3380
26.179799 76.296 70.6212
26.369509 76.328 68.8711
26.560593 76.372 67.0559
26.753062 76.425 65.1644
26.946926 76.486 63.1725
27.142194 76.548 61.0780
27.338878 76.610 58.8642
27.536987 76.665 56.5468
27.736531 76.711 54.1122
27.937521 76.743 51.5977
28.139968 76.758 48.9930
28.343882 76.752 46.3478
28.549273 76.723 43.6617
28.756153 76.667 40.9738
28.964532 76.584 38.3047
29.174421 76.473 35.6673
29.385831 76.334 33.0988
29.598773 76.168 30.5950
29.813258 75.979 28.1864
30.029297 75.768 25.8658
30.246902 75.540 23.6467
30.466083 75.300 21.5187
30.686853 75.052 19.4863
30.909222 74.802 17.5312
31.133203 74.553 15.6536
31.358807 74.309 13.8391
31.586046 74.069 12.0786
31.814932 73.834 10.3728
32.045476 73.603 8.7086
32.277691 73.375 7.0896
32.511588 73.148 5.5137
32.747180 72.919 3.9767
32.984480 72.687 2.4794
33.223499 72.451 1.0174
33.464250 72.211 -0.4176
33.706746 71.967 -1.8290
33.950999 71.719 -3.2267
34.197022 71.465 -4.6198
34.444828 71.205 -6.0114
34.694429 70.937 -7.4094
34.945839 70.659 -8.8131
35.199071 70.367 -10.2107
35.454138 70.057 -11.5822
35.711054 69.730 -12.8956
35.969831 69.384 -14.1219
36.230483 69.018 -15.2228
36.493024 68.635 -16.1411
36.757467 68.236 -16.8288
37.023827 67.827 -17.2408
37.292117 67.415 -17.3369
37.562351 67.012 -17.1178
37.834543 66.631 -16.6096
38.108708 66.285 -15.8665
38.384859 65.983 -14.9957
38.663012 65.731 -14.1479
38.943180 65.522 -13.4514
39.225378 65.346 -13.0226
39.509622 65.186 -12.9554
39.795925 65.016 -13.2819
40.084302 64.817 -13.9689
40.374770 64.568 -14.9504
40.667342 64.257 -16.1249
40.962034 63.872 -17.3378
41.258862 63.415 -18.3765
41.557841 62.899 -19.0139
41.858986 62.352 -18.9900
42.162313 61.822 -18.0353
42.467839 61.385 -15.9548
42.775578 61.138 -12.8021
43.085548 61.161 -9.0145
43.397763 61.486 -5.3319
43.712242 62.072 -2.5126
44.028998 62.831 -1.0479
44.348051 63.667 -1.0977
44.669415 64.506 -2.6042
44.993108 65.297 -5.4270
45.319147 66.012 -9.4124
45.647548 66.640 -14.4302
45.978329 67.177 -20.3821
46.311507 67.628 -27.1932
46.647099 68.002 -34.8018
46.985123 68.312 -43.1476
47.325597 68.571 -52.1606
47.668537 68.796 -61.7493
48.013963 69.000 -71.7929
48.361892 69.196 -82.1409
48.712342 69.389 -92.6261
49.065332 69.575 -103.0879
49.420880 69.743 -113.3976
49.779004 69.878 -123.4835
50.139723 69.964 -133.3408
50.503056 69.987 -143.0227
50.869022 69.939 -152.6268
51.237640 69.823 -162.2657
51.608929 69.650 -172.0325
51.982909 69.441 178.0414
52.359598 69.220 168.0218
52.739018 69.010 158.0828
53.121186 68.822 148.4777
53.506124 68.654 139.4805
53.893852 68.491 131.3209
54.284389 68.314 124.1537
54.677756 68.105 118.0617
55.073973 67.851 113.0816
55.473062 67.550 109.2354
55.875043 67.209 106.5535
56.279936 66.847 105.0846
56.687764 66.494 104.8859
57.098547 66.199 105.9851
57.512306 66.024 108.3116
57.929064 66.034 111.6121
58.348842 66.279 115.4064
58.771662 66.771 119.0685
59.197546 67.476 122.0153
59.626515 68.328 123.8702
60.058594 69.260 124.5004
60.493803 70.211 123.9552
60.932166 71.142 122.3698
61.373706 72.022 119.9010
61.818445 72.836 116.7030
62.266407 73.571 112.9167
62.717615 74.225 108.6658
63.172093 74.794 104.0592
63.629864 75.279 99.2000
64.090952 75.681 94.1852
64.555381 76.000 89.0972
65.023176 76.238 84.0109
65.494361 76.398 79.0034
65.968960 76.480 74.1446
66.446998 76.490 69.4871
66.928501 76.429 65.0911
67.413492 76.303 61.0160
67.901998 76.115 57.3125
68.394044 75.873 54.0388
68.889655 75.585 51.2582
69.388858 75.257 49.0370
69.891679 74.904 47.4515
70.398142 74.541 46.5820
70.908276 74.193 46.5070
71.422107 73.891 47.2723
71.939661 73.678 48.8587
72.460965 73.599 51.1278
72.986047 73.692 53.7813
73.514934 73.977 56.4075
74.047654 74.441 58.5393
74.584234 75.046 59.8175
75.124702 75.741 60.0138
75.669086 76.472 59.0745
76.217416 77.193 57.0424
76.769719 77.874 54.0286
77.326024 78.487 50.1691
77.886360 79.018 45.6010
78.450757 79.455 40.4685
79.019243 79.791 34.8951
79.591849 80.019 29.0172
80.168605 80.139 22.9436
80.749539 80.149 16.7960
81.334684 80.051 10.6768
81.924068 79.845 4.6818
82.517724 79.536 -1.0932
83.115681 79.129 -6.5753
83.717972 78.628 -11.6908
84.324627 78.039 -16.3823
84.935678 77.365 -20.5978
85.551157 76.611 -24.2875
86.171096 75.779 -27.3945
86.795527 74.866 -29.8343
87.424483 73.871 -31.4767
88.057997 72.795 -32.1113
88.696102 71.646 -31.4099
89.338830 70.458 -28.9110
89.986216 69.315 -24.0922
90.638293 68.374 -16.6704
91.295096 67.839 -7.1948
91.956658 67.836 2.6620
92.623013 68.296 11.0098
93.294198 69.016 16.9470
93.970246 69.806 20.6117
94.651193 70.555 22.5664
95.337075 71.215 23.3887
96.027927 71.773 23.5414
96.723785 72.237 23.3672
97.424685 72.624 23.1096
98.130664 72.955 22.9332
98.841760 73.256 22.9363
99.558008 73.552 23.1531
100.279446 73.866 23.5549
101.006112 74.220 24.0554
101.738044 74.625 24.5253
102.475280 75.087 24.8187
103.217858 75.600 24.8005
103.965817 76.155 24.3688
104.719197 76.738 23.4628
105.478035 77.334 22.0607
106.242372 77.930 20.1689
107.012248 78.515 17.8110
107.787703 79.079 15.0186
108.568777 79.614 11.8260
109.355511 80.115 8.2687
110.147947 80.575 4.3811
110.946124 80.991 0.1974
111.750085 81.357 -4.2473
112.559873 81.670 -8.9180
113.375528 81.928 -13.7787
114.197094 82.126 -18.7918
115.024613 82.263 -23.9175
115.858129 82.336 -29.1151
116.697684 82.344 -34.3400
117.543324 82.287 -39.5450
118.395091 82.165 -44.6816
119.253031 81.981 -49.7001
120.117188 81.738 -54.5499
120.987606 81.439 -59.1830
121.864332 81.090 -63.5552
122.747411 80.699 -67.6267
123.636890 80.274 -71.3682
124.532814 79.823 -74.7637
125.435230 79.356 -77.8153
126.344185 78.881 -80.5455
127.259727 78.405 -82.9932
128.181904 77.930 -85.2049
129.110763 77.454 -87.2213
130.046352 76.973 -89.0634
130.988722 76.480 -90.7195
131.937920 75.970 -92.1382
132.893997 75.439 -93.2290
133.857001 74.894 -93.8687
134.826984 74.347 -93.9211
135.803996 73.826 -93.2716
136.788088 73.369 -91.8821
137.779311 73.023 -89.8544
138.777717 72.825 -87.4637
139.783357 72.791 -85.1187
140.796285 72.907 -83.2365
141.816553 73.132 -82.1150
142.844214 73.418 -81.8793
143.879322 73.720 -82.5074
144.921931 74.005 -83.8895
145.972095 74.253 -85.8818
147.029869 74.451 -88.3406
148.095308 74.595 -91.1385
149.168468 74.688 -94.1716
150.249404 74.733 -97.3632
151.338173 74.735 -100.6656
152.434832 74.702 -104.0599
153.539437 74.638 -107.5545
154.652047 74.547 -111.1787
155.772720 74.428 -114.9720
156.901513 74.281 -118.9719
158.038486 74.099 -123.2021
159.183698 73.875 -127.6663
160.337209 73.603 -132.3479
161.499079 73.277 -137.2122
162.669367 72.892 -142.2126
163.848137 72.447 -147.3003
165.035448 71.944 -152.4290
166.231363 71.387 -157.5654
167.435944 70.786 -162.6959
168.649254 70.152 -167.8344
169.871356 69.501 -173.0322
171.102314 68.852 -178.3862
172.342191 68.224 175.9575
173.591054 67.638 169.8049
174.848966 67.117 162.9282
176.115994 66.683 155.0967
177.392203 66.364 146.1212
178.677660 66.187 135.9109
179.972432 66.183 124.5303
181.276587 66.369 112.2231
182.590191 66.747 99.3796
183.913315 67.291 86.4370
185.246027 67.955 73.7661
186.588396 68.685 61.6113
187.940492 69.432 50.0896
189.302387 70.156 39.2297
190.674150 70.829 29.0160
192.055853 71.433 19.4169
193.447569 71.959 10.4011
194.849370 72.406 1.9421
196.261329 72.776 -5.9818
197.683519 73.075 -13.3906
199.116016 73.312 -20.3066
200.558892 73.494 -26.7563
202.012225 73.632 -32.7720
203.476089 73.733 -38.3923
204.950560 73.806 -43.6604
206.435716 73.858 -48.6244
207.931635 73.893 -53.3361
209.438393 73.916 -57.8474
210.956070 73.929 -62.2091
212.484745 73.933 -66.4684
214.024497 73.927 -70.6689
215.575406 73.910 -74.8500
217.137555 73.877 -79.0458
218.711023 73.824 -83.2832
220.295893 73.744 -87.5787
221.892248 73.628 -91.9363
223.500171 73.467 -96.3428
225.119745 73.250 -100.7675
226.751056 72.967 -105.1576
228.394187 72.610 -109.4375
230.049226 72.169 -113.5043
231.716257 71.640 -117.2228
233.395369 71.021 -120.4191
235.086648 70.320 -122.8777
236.790182 69.553 -124.3417
238.506062 68.758 -124.5336
240.234375 67.998 -123.2241
241.975212 67.364 -120.3752
243.728664 66.961 -116.3259
245.494823 66.856 -111.8527
247.273780 67.043 -107.9119
249.065627 67.445 -105.2134
250.870459 67.955 -104.0120
252.688370 68.486 -104.2026
254.519454 68.978 -105.5134
256.363807 69.398 -107.6387
258.221525 69.736 -110.3033
260.092705 69.990 -113.2839
261.977444 70.169 -116.4120
263.875840 70.283 -119.5720
265.787993 70.347 -122.6976
267.714003 70.371 -125.7639
269.653969 70.366 -128.7777
271.607992 70.339 -131.7679
273.576176 70.293 -134.7753
275.558622 70.227 -137.8431
277.555433 70.138 -141.0138
279.566714 70.019 -144.3209
281.592570 69.859 -147.7827
283.633106 69.646 -151.3912
285.688428 69.362 -155.1062
287.758644 68.993 -158.8479
289.843862 68.520 -162.4871
291.944190 67.930 -165.8359
294.059738 67.210 -168.6312
296.190616 66.359 -170.5038
298.336935 65.399 -170.9514
300.498808 64.390 -169.3512
302.676346 63.473 -165.1465
304.869664 62.867 -158.4044
307.078875 62.778 -150.4941
309.304095 63.224 -143.6670
311.545440 64.014 -139.4789
313.803027 64.918 -138.1520
316.076973 65.777 -139.1836
318.367397 66.512 -141.9534
320.674418 67.085 -145.9445
322.998157 67.482 -150.7643
325.338735 67.693 -156.1088
327.696273 67.712 -161.7240
330.070896 67.534 -167.3715
332.462726 67.151 -172.8007
334.871888 66.553 -177.7135
337.298507 65.735 178.2811
339.742711 64.697 175.7382
342.204627 63.471 175.4683
344.684383 62.161 178.5808
347.182108 61.025 -173.8966
349.697933 60.478 -162.4963
352.231988 60.793 -150.6127
354.784406 61.766 -141.8558
357.355320 62.993 -137.0447
359.944864 64.211 -135.2588
362.553173 65.321 -135.4333
365.180383 66.305 -136.8269
367.826630 67.175 -139.0006
370.492054 67.950 -141.7228
373.176792 68.645 -144.8848
375.880985 69.267 -148.4376
378.604773 69.819 -152.3468
381.348300 70.296 -156.5620
384.111707 70.694 -161.0063
386.895138 71.009 -165.5746
389.698740 71.240 -170.1437
392.522658 71.393 -174.5859
395.367039 71.477 -178.7850
398.232031 71.510 177.3485
401.117785 71.510 173.8622
404.024450 71.501 170.7485
406.952177 71.502 167.9454
409.901120 71.530 165.3417
412.871433 71.591 162.7981
415.863270 71.684 160.1709
418.876786 71.801 157.3347
421.912140 71.925 154.1984
424.969489 72.038 150.7137
428.048993 72.119 146.8762
431.150813 72.151 142.7209
434.275109 72.115 138.3119
437.422046 71.995 133.7334
440.591786 71.779 129.0880
443.784496 71.453 124.4972
447.000341 71.004 120.1107
450.239490 70.417 116.1322
453.502111 69.681 112.8563
456.788374 68.792 110.7228
460.098451 67.772 110.3752
463.432514 66.703 112.6576
466.790737 65.777 118.3179
470.173295 65.298 127.0603
473.580365 65.493 136.6348
477.012124 66.279 144.1572
480.468750 67.359 148.4006
483.950425 68.483 149.7449
487.457329 69.527 149.0262
490.989646 70.451 146.9586
494.547559 71.251 144.0356
498.131254 71.938 140.5732
501.740919 72.528 136.7662
505.376740 73.034 132.7318
509.038909 73.470 128.5389
512.727614 73.843 124.2295
516.443050 74.161 119.8291
520.185409 74.429 115.3523
523.954887 74.649 110.8026
527.751680 74.825 106.1744
531.575987 74.955 101.4578
535.428005 75.034 96.6455
539.307937 75.057 91.7417
543.215985 75.018 86.7710
547.152352 74.907 81.7828
551.117243 74.719 76.8524
555.110866 74.447 72.0792
559.133428 74.091 67.5873
563.185140 73.651 63.5226
567.266211 73.137 60.0526
571.376856 72.566 57.3619
575.517288 71.968 55.6332
579.687724 71.389 54.9994
583.888380 70.891 55.4630
588.119476 70.542 56.7982
592.381232 70.391 58.5189
596.673871 70.446 59.9894
600.997615 70.669 60.6360
605.352692 70.993 60.1108
609.739327 71.344 58.3120
614.157750 71.658 55.3123
618.608190 71.886 51.2760
623.090880 71.991 46.4028
627.606053 71.945 40.8995
632.153945 71.724 34.9689
636.734793 71.303 28.8120
641.348836 70.655 22.6437
645.996314 69.741 16.7267
650.677470 68.508 11.4512
655.392547 66.877 7.5201
660.141792 64.750 6.4628
664.925451 62.123 12.1465
669.743775 59.782 33.3154
674.597014 60.097 66.5170
679.485423 62.636 83.8495
684.409254 65.170 87.4473
689.368766 67.161 85.2406
694.364216 68.654 80.5040
699.395865 69.745 74.5946
704.463976 70.510 68.1842
709.568812 71.003 61.6725
714.710640 71.268 55.3395
719.889728 71.342 49.4060
725.106346 71.260 44.0509
730.360766 71.059 39.4048
735.653261 70.779 35.5289
740.984108 70.457 32.3943
746.353584 70.121 29.8828
751.761970 69.790 27.8248
757.209547 69.463 26.0670
762.696599 69.130 24.5359
768.223413 68.782 23.2659
773.790277 68.415 22.3816
779.397480 68.041 22.0436
785.045315 67.690 22.3723
790.734077 67.404 23.3625
796.464062 67.227 24.8206
802.235569 67.184 26.3748
808.048899 67.267 27.5848
813.904354 67.440 28.0969
819.802241 67.646 27.7484
825.742866 67.830 26.5778
831.726539 67.950 24.7686
837.753572 67.980 22.5803
843.824280 67.910 20.2878
849.938979 67.748 18.1318
856.097987 67.508 16.2864
862.301626 67.208 14.8434
868.550219 66.862 13.8358
874.844092 66.479 13.2919
881.183573 66.065 13.2992
887.568992 65.632 14.0396
894.000683 65.215 15.7524
900.478980 64.882 18.5934
907.004222 64.722 22.4037
913.576749 64.806 26.5529
920.196903 65.137 30.1080
926.865029 65.638 32.3009
933.581475 66.195 32.8450
940.346591 66.708 31.8892
947.160730 67.104 29.8093
954.024247 67.346 27.0476
960.937500 67.418 24.0428
967.900849 67.321 21.2156
974.914658 67.072 18.9741
981.979291 66.706 17.7188
989.095118 66.284 17.8087
996.262509 65.897 19.4510
1003.481838 65.657 22.5039
1010.753481 65.659 26.3226
1018.077817 65.924 29.9197
1025.455229 66.389 32.4424
1032.886100 66.946 33.5269
1040.370819 67.497 33.2646
1047.909774 67.976 31.9855
1055.503361 68.350 30.0801
1063.151973 68.612 27.9171
1070.856010 68.772 25.8116
1078.615875 68.854 24.0092
1086.431970 68.891 22.6649
1094.304704 68.922 21.8176
1102.234487 68.985 21.3739
1110.221732 69.100 21.1337
1118.266856 69.276 20.8600
1126.370279 69.498 20.3595
1134.532422 69.747 19.5319
1142.753712 70.003 18.3663
1151.034577 70.250 16.9061
1159.375448 70.481 15.2069
1167.776760 70.692 13.3125
1176.238952 70.879 11.2512
1184.762464 71.041 9.0486
1193.347741 71.175 6.7375
1201.995231 71.282 4.3605
1210.705384 71.366 1.9592
1219.478654 71.430 -0.4407
1228.315499 71.483 -2.8458
1237.216380 71.530 -5.2980
1246.181760 71.571 -7.8615
1255.212106 71.602 -10.6018
1264.307891 71.612 -13.5619
1273.469587 71.590 -16.7479
1282.697672 71.522 -20.1284
1291.992628 71.402 -23.6476
1301.354940 71.223 -27.2429
1310.785094 70.982 -30.8627
1320.283583 70.677 -34.4733
1329.850902 70.304 -38.0531
1339.487550 69.855 -41.5808
1349.194029 69.319 -45.0151
1358.970845 68.682 -48.2789
1368.818508 67.927 -51.2461
1378.737531 67.037 -53.7275
1388.728432 65.997 -55.4480
1398.791730 64.795 -55.9980
1408.927952 63.437 -54.7521
1419.137625 61.972 -50.7792
1429.421281 60.565 -42.9332
1439.779457 59.561 -30.7389
1450.212692 59.359 -16.2432
1460.721531 59.990 -3.5323
1471.306521 61.080 5.1322
1481.968215 62.268 10.1147
1492.707168 63.380 12.5559
1503.523939 64.362 13.3967
1514.419093 65.213 13.2548
1525.393198 65.948 12.5175
1536.446826 66.587 11.4304
1547.580553 67.151 10.1539
1558.794960 67.660 8.7854
1570.090631 68.134 7.3667
1581.468155 68.591 5.8821
1592.928125 69.042 4.2657
1604.471139 69.491 2.4233
1616.097798 69.932 0.2667
1627.808709 70.355 -2.2526
1639.604482 70.743 -5.1309
1651.485732 71.087 -8.3192
1663.453078 71.379 -11.7466
1675.507145 71.618 -15.3438
1687.648560 71.804 -19.0620
1699.877958 71.942 -22.8798
1712.195974 72.030 -26.7975
1724.603252 72.067 -30.8235
1737.100438 72.047 -34.9604
1749.688184 71.962 -39.1925
1762.367146 71.805 -43.4806
1775.137984 71.567 -47.7617
1788.001366 71.240 -51.9504
1800.957961 70.819 -55.9407
1814.008445 70.299 -59.6035
1827.153498 69.680 -62.7831
1840.393805 68.964 -65.2897
1853.730057 68.163 -66.8937
1867.162949 67.300 -67.3291
1880.693182 66.418 -66.3224
1894.321460 65.590 -63.6738
1908.048494 64.912 -59.4186
1921.875000 64.486 -54.0068
1935.801698 64.369 -48.2992
1949.829316 64.533 -43.2303
1963.958583 64.891 -39.3934
1978.190236 65.342 -36.9181
1992.525018 65.809 -35.6255
2006.963676 66.247 -35.2288
2021.506962 66.636 -35.4540
2036.155634 66.972 -36.0845
2050.910458 67.258 -36.9646
2065.772200 67.502 -37.9861
2080.741637 67.714 -39.0780
2095.819549 67.902 -40.2032
2111.006721 68.075 -41.3574
2126.303946 68.239 -42.5624
2141.712021 68.396 -43.8553
2157.231749 68.543 -45.2701
2172.863940 68.675 -46.8225
2188.609407 68.785 -48.5021
2204.468973 68.868 -50.2733
2220.443464 68.919 -52.0803
2236.533713 68.938 -53.8557
2252.740558 68.928 -55.5304
2269.064845 68.898 -57.0459
2285.507424 68.857 -58.3671
2302.069153 68.818 -59.4912
2318.750895 68.792 -60.4515
2335.553520 68.788 -61.3121
2352.477904 68.809 -62.1566
2369.524928 68.857 -63.0723
2386.695483 68.925 -64.1379
2403.990462 69.003 -65.4126
2421.410768 69.081 -66.9269
2438.957308 69.145 -68.6802
2456.630998 69.184 -70.6448
2474.432759 69.190 -72.7728
2492.363519 69.155 -75.0057
2510.424213 69.075 -77.2783
2528.615781 68.945 -79.5194
2546.939174 68.766 -81.6509
2565.395345 68.539 -83.5861
2583.985257 68.267 -85.2314
2602.709879 67.958 -86.4918
2621.570188 67.627 -87.2788
2640.567166 67.290 -87.5223
2659.701804 66.970 -87.1842
2678.975100 66.693 -86.2714
2698.388058 66.485 -84.8491
2717.941690 66.372 -83.0518
2737.637016 66.371 -81.0779
2757.475062 66.488 -79.1669
2777.456863 66.713 -77.5568
2797.583461 67.028 -76.4407
2817.855904 67.406 -75.9435
2838.275249 67.817 -76.1194
2858.842562 68.237 -76.9623
2879.558913 68.641 -78.4221
2900.425384 69.013 -80.4214
2921.443062 69.339 -82.8671
2942.613043 69.611 -85.6632
2963.936430 69.825 -88.7174
2985.414335 69.979 -91.9458
3007.047878 70.073 -95.2772
3028.838187 70.110 -98.6515
3050.786397 70.091 -102.0192
3072.893653 70.018 -105.3374
3095.161107 69.893 -108.5669
3117.589920 69.717 -111.6665
3140.181262 69.492 -114.5878
3162.936310 69.220 -117.2726
3185.856250 68.904 -119.6527
3208.942278 68.551 -121.6522
3232.195596 68.173 -123.1957
3255.617418 67.783 -124.2177
3279.208964 67.403 -124.6781
3302.971464 67.056 -124.5837
3326.906156 66.767 -124.0051
3351.014290 66.558 -123.0820
3375.297121 66.441 -122.0087
3399.755915 66.416 -120.9985
3424.391948 66.472 -120.2415
3449.206504 66.590 -119.8729
3474.200876 66.746 -119.9696
3499.376367 66.919 -120.5568
3524.734291 67.086 -121.6224
3550.275969 67.230 -123.1290
3576.002732 67.333 -125.0195
3601.915922 67.382 -127.2177
3628.016889 67.364 -129.6288
3654.306995 67.269 -132.1400
3680.787610 67.091 -134.6194
3707.460115 66.824 -136.9154
3734.325899 66.469 -138.8511
3761.386364 66.033 -140.2194
3788.642920 65.532 -140.7815
3816.096988 64.997 -140.2820
3843.750000 64.481 -138.4991
3871.603397 64.064 -135.3517
3899.658631 63.836 -131.0491
3927.917165 63.872 -126.1813
3956.380472 64.186 -121.5823
3985.050036 64.729 -117.9998
4013.927351 65.412 -115.8385
4043.013923 66.147 -115.1531
4072.311269 66.864 -115.7833
4101.820915 67.519 -117.4847
4131.544400 68.086 -120.0002
4161.483274 68.552 -123.0875
4191.639097 68.910 -126.5256
4222.013442 69.162 -130.1147
4252.607892 69.316 -133.6758
4283.424042 69.384 -137.0531
4314.463498 69.381 -140.1204
4345.727879 69.330 -142.7887
4377.218815 69.254 -145.0181
4408.937947 69.179 -146.8282
4440.886929 69.125 -148.3018
4473.067426 69.108 -149.5735
4505.481116 69.135 -150.8063
4538.129690 69.201 -152.1583
4571.014848 69.292 -153.7531
4604.138306 69.393 -155.6655
4637.501790 69.482 -157.9192
4671.107040 69.542 -160.4932
4704.955807 69.556 -163.3319
4739.049856 69.510 -166.3522
4773.390965 69.394 -169.4480
4807.980924 69.202 -172.4941
4842.821536 68.931 -175.3472
4877.914617 68.586 -177.8501
4913.261997 68.178 -179.8418
4948.865519 67.728 178.8252
4984.727038 67.264 178.2566
5020.848425 66.826 178.4773
5057.231563 66.453 179.3925
5093.878347 66.177 -179.2249
5130.790689 66.012 -177.6936
5167.970514 65.947 -176.3317
5205.419759 65.952 -175.3608
5243.140376 65.988 -174.8566
5281.134332 66.019 -174.7544
5319.403609 66.020 -174.8904
5357.950200 65.981 -175.0515
5396.776116 65.910 -175.0247
5435.883380 65.827 -174.6460
5475.274032 65.766 -173.8523
5514.950125 65.762 -172.7198
5554.913727 65.838 -171.4629
5595.166922 65.998 -170.3721
5635.711808 66.223 -169.7112
5676.550498 66.479 -169.6328
5717.685123 66.728 -170.1488
5759.117827 66.936 -171.1515
5800.850769 67.082 -172.4553
5842.886124 67.158 -173.8407
5885.226086 67.170 -175.0890
5927.872860 67.136 -176.0164
5970.828671 67.086 -176.5128
6014.095756 67.053 -176.5801
6057.676373 67.068 -176.3489
6101.572794 67.147 -176.0521
6145.787305 67.284 -175.9478
6190.322213 67.459 -176.2284
6235.179840 67.638 -176.9672
6280.362523 67.792 -178.1158
6325.872619 67.900 -179.5420
6371.712500 67.950 178.9248
6417.884555 67.945 177.4529
6464.391192 67.895 176.1772
6511.234836 67.818 175.1766
6558.417927 67.733 174.4644
6605.942927 67.656 173.9915
6653.812313 67.596 173.6689
6702.028580 67.556 173.4014
6750.594241 67.528 173.1188
6799.511830 67.505 172.7980
6848.783896 67.479 172.4608
6898.413007 67.446 172.1584
6948.401751 67.410 171.9445
6998.752735 67.376 171.8497
7049.468582 67.355 171.8658
7100.551937 67.351 171.9452
7152.005464 67.369 172.0140
7203.831844 67.403 172.0016
7256.033779 67.446 171.8627
7308.613991 67.487 171.5897
7361.575220 67.517 171.2134
7414.920229 67.530 170.7917
7468.651798 67.526 170.3931
7522.772727 67.508 170.0767
7577.285840 67.485 169.8766
7632.193976 67.464 169.7916
7687.500000 67.452 169.7867
7743.206794 67.450 169.8104
7799.317262 67.457 169.8170
7855.834330 67.467 169.7877
7912.760944 67.474 169.7394
7970.100072 67.475 169.7178
8027.854702 67.471 169.7798
8086.027847 67.471 169.9690
8144.622538 67.485 170.2903
8203.641830 67.523 170.6967
8263.088801 67.592 171.1008
8322.966548 67.688 171.4053
8383.278195 67.803 171.5363
8444.026884 67.924 171.4684
8505.215784 68.040 171.2238
8566.848084 68.146 170.8529
8628.926996 68.238 170.4121
8691.455758 68.319 169.9415
8754.437630 68.392 169.4554
8817.875894 68.461 168.9443
8881.773857 68.525 168.3887
8946.134852 68.582 167.7732
9010.962233 68.630 167.0973
9076.259380 68.664 166.3756
9142.029697 68.682 165.6320
9208.276612 68.684 164.8909
9275.003581 68.670 164.1736
9342.214080 68.641 163.4972
9409.911614 68.598 162.8795
9478.099713 68.541 162.3429
9546.781930 68.473 161.9153
9615.961848 68.399 161.6221
9685.643071 68.325 161.4767
9755.829233 68.259 161.4700
9826.523994 68.206 161.5720
9897.731037 68.171 161.7396
9969.454076 68.153 161.9312
10041.696850 68.152 162.1156
10114.463125 68.166 162.2742
10187.756694 68.194 162.3905
10261.581379 68.235 162.4412
10335.941028 68.289 162.3921
10410.839517 68.350 162.2059
10486.280752 68.411 161.8545
10562.268665 68.463 161.3335
10638.807218 68.497 160.6659
10715.900400 68.506 159.8993
10793.552232 68.487 159.0959
10871.766761 68.440 158.3195
10950.548064 68.368 157.6257
11029.900250 68.276 157.0573
11109.827454 68.172 156.6403
11190.333843 68.062 156.3850
11271.423615 67.955 156.2831
11353.100997 67.859 156.3096
11435.370247 67.776 156.4249
11518.235653 67.710 156.5813
11601.701537 67.659 156.7321
11685.772249 67.620 156.8427
11770.452172 67.588 156.8961
11855.745720 67.558 156.8922
11941.657341 67.529 156.8416
12028.191513 67.496 156.7587
12115.352747 67.460 156.6595
12203.145587 67.420 156.5587
12291.574610 67.378 156.4675
12380.644427 67.335 156.3894
12470.359680 67.293 156.3203
12560.725047 67.253 156.2483
12651.745238 67.214 156.1603
12743.425000 67.176 156.0470
12835.769110 67.136 155.9060
12928.782385 67.095 155.7399
13022.469671 67.050 155.5525
13116.835855 67.001 155.3468
13211.885854 66.947 155.1263
13307.624625 66.887 154.8972
13404.057159 66.819 154.6700
13501.188483 66.745 154.4586
13599.023660 66.663 154.2794
13697.567791 66.577 154.1458
13796.826014 66.488 154.0664
13896.803503 66.398 154.0439
13997.505470 66.312 154.0732
14098.937164 66.229 154.1411
14201.103875 66.152 154.2316
14304.010928 66.081 154.3314
14407.663687 66.014 154.4354
14512.067557 65.950 154.5464
14617.227981 65.892 154.6698
14723.150441 65.840 154.8087
14829.840458 65.797 154.9595
14937.303595 65.765 155.1085
15045.545455 65.745 155.2321
15154.571679 65.738 155.3021
15264.387953 65.741 155.2910
15375.000000 65.752 155.1771
15486.413588 65.766 154.9498
15598.634525 65.779 154.6104
15711.668661 65.788 154.1699
15825.521888 65.790 153.6462
15940.200144 65.783 153.0590
16055.709405 65.769 152.4279
16172.055694 65.748 151.7695
16289.245076 65.722 151.0972
16407.283660 65.693 150.4176
16526.177601 65.664 149.7322
16645.933097 65.639 149.0341
16766.556390 65.618 148.3073
16888.053769 65.603 147.5286
17010.431568 65.595 146.6738
17133.696167 65.590 145.7190
17257.853993 65.588 144.6464
17382.911517 65.583 143.4500
17508.875259 65.573 142.1334
17635.751787 65.554 140.6899
17763.547714 65.521 139.1395
17892.269704 65.473 137.5542
18021.924466 65.415 135.9498
18152.518759 65.351 134.3291
18284.059393 65.283 132.7028
18416.553225 65.217 131.0685
18550.007161 65.157 129.4082
18684.428160 65.107 127.6925
18819.823228 65.067 125.8846
18956.199425 65.038 123.9476
19093.563861 65.017 121.8513
19231.923695 65.000 119.5765
19371.286142 64.986 117.1136
19511.658467 64.971 114.4580
19653.047987 64.954 111.6057
19795.462074 64.932 108.5499
19938.908153 64.905 105.2721
20083.393701 64.865 101.8857
20228.926250 64.813 98.4213
20375.513389 64.752 94.7262
20523.162758 64.679 90.7920
20671.882055 64.591 86.6161
20821.679034 64.484 82.2057
20972.561504 64.351 77.5791
21124.537330 64.184 72.7671
21277.614435 63.972 67.8124
21431.800801 63.701 62.7690
21587.104464 63.355 57.7004
21743.533521 62.920 52.6768
21901.096129 62.477 47.7701
