* Measurement data measured by REW V5.40 beta 121
* Source: EQ window target shape
* Format: 
* Dated: Aug 12, 2026, 11:32:37 AM
* REW Settings:
*  C-weighting compensation: Off
*  Target level: 75.0 dB
* Note: ; 
* Measurement: Target LRrms+phavg
* Smoothing: 1/48 octave
* Frequency Step: 96 ppo
* Start Frequency: 2.5 Hz
*
* Freq(Hz) SPL(dB)
2.500000 25.065
2.518116 25.268
2.536363 25.512
2.554743 25.762
2.573256 26.013
2.591902 26.264
2.610684 26.515
2.629603 26.766
2.648658 27.017
2.667851 27.267
2.687183 27.518
2.706656 27.769
2.726269 28.020
2.746025 28.271
2.765924 28.522
2.785967 28.773
2.806155 29.023
2.826490 29.274
2.846972 29.525
2.867602 29.776
2.888382 30.027
2.909312 30.278
2.930394 30.529
2.951629 30.779
2.973018 31.030
2.994561 31.281
3.016261 31.532
3.038118 31.783
3.060134 32.034
3.082309 32.284
3.104645 32.535
3.127142 32.786
3.149803 33.037
3.172627 33.288
3.195618 33.539
3.218774 33.789
3.242099 34.040
3.265592 34.291
3.289256 34.542
3.313092 34.793
3.337100 35.044
3.361282 35.294
3.385639 35.545
3.410173 35.796
3.434884 36.047
3.459775 36.298
3.484846 36.548
3.510098 36.799
3.535534 37.050
3.561154 37.301
3.586959 37.552
3.612952 37.802
3.639133 38.053
3.665504 38.304
3.692065 38.555
3.718820 38.805
3.745768 39.056
3.772911 39.307
3.800251 39.558
3.827789 39.808
3.855527 40.059
3.883466 40.310
3.911607 40.561
3.939952 40.811
3.968503 41.062
3.997260 41.313
4.026226 41.564
4.055402 41.814
4.084789 42.065
4.114389 42.316
4.144203 42.566
4.174234 42.817
4.204482 43.067
4.234949 43.318
4.265638 43.569
4.296548 43.819
4.327683 44.070
4.359043 44.320
4.390630 44.571
4.422447 44.821
4.454494 45.072
4.486773 45.322
4.519286 45.573
4.552034 45.823
4.585020 46.073
4.618245 46.324
4.651711 46.574
4.685419 46.824
4.719372 47.075
4.753570 47.325
4.788016 47.575
4.822712 47.825
4.857660 48.075
4.892860 48.325
4.928316 48.575
4.964029 48.825
5.000000 49.075
5.036232 49.325
5.072727 49.575
5.109486 49.825
5.146511 50.074
5.183805 50.324
5.221369 50.573
5.259205 50.823
5.297315 51.072
5.335702 51.321
5.374367 51.571
5.413312 51.820
5.452539 52.069
5.492050 52.318
5.531848 52.566
5.571934 52.815
5.612310 53.063
5.652979 53.312
5.693943 53.560
5.735204 53.808
5.776763 54.056
5.818624 54.303
5.860788 54.551
5.903258 54.798
5.946036 55.045
5.989123 55.292
6.032523 55.539
6.076237 55.785
6.120268 56.031
6.164618 56.277
6.209289 56.523
6.254284 56.768
6.299605 57.013
6.345255 57.258
6.391235 57.502
6.437549 57.746
6.484198 57.989
6.531185 58.232
6.578513 58.475
6.626183 58.717
6.674199 58.958
6.722563 59.199
6.771278 59.440
6.820345 59.680
6.869768 59.919
6.919549 60.158
6.969691 60.396
7.020197 60.633
7.071068 60.869
7.122308 61.105
7.173919 61.340
7.225904 61.574
7.278266 61.807
7.331007 62.039
7.384131 62.270
7.437639 62.500
7.491535 62.728
7.545822 62.956
7.600502 63.182
7.655579 63.407
7.711054 63.631
7.766932 63.853
7.823214 64.074
7.879904 64.293
7.937005 64.511
7.994520 64.726
8.052452 64.940
8.110803 65.152
8.169577 65.363
8.228777 65.571
8.288407 65.777
8.348468 65.981
8.408964 66.183
8.469899 66.382
8.531275 66.579
8.593096 66.774
8.655366 66.966
8.718086 67.155
8.781261 67.342
8.844893 67.526
8.908987 67.707
8.973545 67.885
9.038571 68.060
9.104069 68.232
9.170040 68.400
9.236490 68.566
9.303422 68.728
9.370838 68.887
9.438743 69.043
9.507140 69.195
9.576033 69.343
9.645425 69.488
9.715319 69.630
9.785721 69.768
9.856632 69.902
9.928057 70.033
10.000000 70.160
10.072464 70.284
10.145453 70.403
10.218971 70.519
10.293022 70.632
10.367610 70.741
10.442738 70.846
10.518410 70.948
10.594631 71.046
10.671404 71.141
10.748733 71.233
10.826623 71.321
10.905077 71.406
10.984100 71.488
11.063695 71.567
11.143867 71.642
11.224620 71.715
11.305959 71.784
11.387886 71.850
11.470408 71.914
11.553527 71.975
11.637249 72.033
11.721577 72.089
11.806516 72.143
11.892071 72.194
11.978246 72.242
12.065045 72.289
12.152474 72.333
12.240535 72.375
12.329235 72.415
12.418578 72.453
12.508568 72.489
12.599210 72.524
12.690510 72.557
12.782470 72.588
12.875097 72.618
12.968396 72.646
13.062370 72.672
13.157025 72.698
13.252366 72.722
13.348399 72.744
13.445127 72.766
13.542555 72.786
13.640690 72.805
13.739536 72.823
13.839099 72.840
13.939383 72.856
14.040393 72.872
14.142136 72.886
14.244615 72.900
14.347838 72.912
14.451808 72.925
14.556532 72.936
14.662014 72.947
14.768261 72.957
14.875278 72.967
14.983071 72.976
15.091644 72.984
15.201005 72.992
15.311157 72.999
15.422108 73.006
15.533863 73.012
15.646428 73.018
15.759808 73.024
15.874011 73.029
15.989040 73.033
16.104903 73.038
16.221606 73.042
16.339155 73.046
16.457555 73.049
16.576813 73.052
16.696935 73.055
16.817928 73.058
16.939798 73.060
17.062551 73.062
17.186193 73.064
17.310731 73.066
17.436172 73.067
17.562522 73.068
17.689787 73.070
17.817974 73.070
17.947091 73.071
18.077143 73.071
18.208137 73.071
18.340081 73.071
18.472981 73.071
18.606843 73.071
18.741676 73.071
18.877486 73.071
19.014280 73.070
19.152066 73.070
19.290849 73.069
19.430639 73.067
19.571441 73.066
19.713264 73.065
19.856114 73.063
20.000000 73.062
20.144928 73.060
20.290907 73.059
20.437943 73.057
20.586045 73.055
20.735220 73.053
20.885476 73.051
21.036820 73.048
21.189262 73.046
21.342808 73.043
21.497467 73.040
21.653246 73.038
21.810155 73.035
21.968200 73.032
22.127391 73.029
22.287735 73.026
22.449241 73.022
22.611917 73.019
22.775773 73.015
22.940815 73.011
23.107054 73.008
23.274497 73.004
23.443154 73.000
23.613033 72.996
23.784142 72.991
23.956492 72.987
24.130091 72.982
24.304947 72.978
24.481071 72.973
24.658471 72.968
24.837156 72.963
25.017137 72.958
25.198421 72.953
25.381019 72.947
25.564940 72.941
25.750195 72.936
25.936791 72.930
26.124740 72.924
26.314050 72.918
26.504733 72.911
26.696797 72.905
26.890253 72.898
27.085111 72.891
27.281381 72.884
27.479073 72.877
27.678198 72.870
27.878765 72.862
28.080786 72.855
28.284271 72.847
28.489231 72.839
28.695675 72.830
28.903616 72.822
29.113064 72.813
29.324029 72.805
29.536523 72.796
29.750557 72.787
29.966142 72.777
30.183289 72.768
30.402009 72.758
30.622315 72.748
30.844217 72.738
31.067726 72.727
31.292856 72.716
31.519617 72.705
31.748021 72.694
31.978080 72.683
32.209807 72.671
32.443212 72.660
32.678309 72.648
32.915110 72.635
33.153626 72.623
33.393871 72.610
33.635857 72.597
33.879596 72.583
34.125101 72.570
34.372386 72.556
34.621462 72.542
34.872344 72.527
35.125043 72.512
35.379574 72.498
35.635949 72.482
35.894182 72.467
36.154286 72.451
36.416274 72.434
36.680162 72.418
36.945961 72.401
37.213687 72.384
37.483353 72.367
37.754973 72.350
38.028561 72.332
38.304131 72.313
38.581699 72.295
38.861278 72.276
39.142882 72.257
39.426528 72.237
39.712229 72.217
40.000000 72.197
40.289856 72.176
40.581813 72.155
40.875886 72.134
41.172089 72.113
41.470439 72.091
41.770951 72.069
42.073641 72.047
42.378524 72.024
42.685616 72.000
42.994934 71.977
43.306493 71.953
43.620309 71.929
43.936400 71.904
44.254781 71.879
44.575470 71.854
44.898482 71.829
45.223835 71.803
45.551545 71.777
45.881631 71.750
46.214108 71.723
46.548994 71.696
46.886308 71.668
47.226065 71.640
47.568285 71.612
47.912984 71.583
48.260181 71.554
48.609894 71.525
48.962142 71.495
49.316942 71.465
49.674312 71.434
50.034273 71.404
50.396842 71.373
50.762038 71.341
51.129881 71.309
51.500389 71.278
51.873582 71.245
52.249480 71.212
52.628101 71.179
53.009466 71.146
53.393594 71.112
53.780506 71.077
54.170222 71.043
54.562762 71.009
54.958146 70.973
55.356395 70.938
55.757531 70.902
56.161573 70.866
56.568542 70.830
56.978461 70.793
57.391351 70.756
57.807232 70.719
58.226127 70.682
58.648058 70.644
59.073046 70.605
59.501113 70.567
59.932283 70.528
60.366577 70.489
60.804018 70.450
61.244629 70.411
61.688433 70.371
62.135453 70.331
62.585712 70.291
63.039234 70.251
63.496042 70.210
63.956161 70.169
64.419613 70.128
64.886424 70.086
65.356618 70.045
65.830219 70.002
66.307252 69.960
66.787742 69.918
67.271713 69.876
67.759192 69.833
68.250203 69.790
68.744772 69.748
69.242925 69.704
69.744688 69.661
70.250086 69.618
70.759147 69.574
71.271897 69.531
71.788363 69.487
72.308571 69.444
72.832549 69.400
73.360323 69.356
73.891923 69.312
74.427374 69.268
74.966705 69.224
75.509945 69.181
76.057121 69.137
76.608262 69.093
77.163398 69.050
77.722555 69.006
78.285765 68.963
78.853056 68.920
79.424458 68.876
80.000000 68.834
80.579713 68.791
81.163627 68.748
81.751772 68.706
82.344179 68.664
82.940879 68.623
83.541903 68.581
84.147282 68.540
84.757048 68.500
85.371232 68.460
85.989867 68.420
86.612985 68.380
87.240619 68.341
87.872800 68.303
88.509563 68.264
89.150939 68.226
89.796964 68.190
90.447670 68.153
91.103091 68.117
91.763261 68.082
92.428216 68.048
93.097989 68.014
93.772615 67.980
94.452130 67.947
95.136569 67.916
95.825968 67.885
96.520362 67.854
97.219789 67.824
97.924283 67.796
98.633883 67.768
99.348625 67.741
100.068546 67.715
100.793684 67.690
101.524077 67.666
102.259762 67.642
103.000778 67.619
103.747164 67.599
104.498959 67.578
105.256202 67.558
106.018931 67.539
106.787188 67.522
107.561012 67.506
108.340444 67.490
109.125523 67.475
109.916292 67.463
110.712791 67.451
111.515061 67.439
112.323145 67.428
113.137085 67.420
113.956923 67.412
114.782702 67.404
115.614465 67.397
116.452255 67.393
117.296116 67.389
118.146092 67.386
119.002227 67.383
119.864566 67.383
120.733154 67.384
121.608036 67.384
122.489258 67.386
123.376866 67.389
124.270906 67.394
125.171424 67.398
126.078468 67.403
126.992084 67.410
127.912321 67.418
128.839227 67.427
129.772849 67.436
130.713236 67.446
131.660438 67.458
132.614504 67.470
133.575483 67.482
134.543426 67.496
135.518384 67.510
136.500406 67.524
137.489544 67.539
138.485850 67.556
139.489375 67.573
140.500173 67.590
141.518295 67.608
142.543795 67.627
143.576726 67.646
144.617142 67.665
145.665098 67.685
146.720647 67.706
147.783845 67.727
148.854748 67.748
149.933411 67.770
151.019890 67.792
152.114242 67.814
153.216525 67.836
154.326795 67.859
155.445111 67.882
156.571530 67.906
157.706112 67.929
158.848915 67.952
160.000000 67.976
161.159426 67.999
162.327254 68.023
163.503544 68.047
164.688358 68.070
165.881758 68.094
167.083805 68.118
168.294563 68.142
169.514095 68.165
170.742464 68.189
171.979734 68.212
173.225970 68.236
174.481237 68.259
175.745600 68.282
177.019125 68.304
178.301879 68.327
179.593928 68.349
180.895339 68.371
182.206182 68.392
183.526523 68.414
184.856431 68.435
186.195977 68.456
187.545230 68.477
188.904260 68.498
190.273138 68.517
191.651936 68.537
193.040725 68.556
194.439578 68.576
195.848567 68.594
197.267766 68.612
198.697250 68.631
200.137092 68.648
201.587368 68.665
203.048153 68.682
204.519524 68.699
206.001557 68.715
207.494329 68.730
208.997918 68.745
210.512403 68.760
212.037863 68.775
213.574377 68.789
215.122025 68.803
216.680888 68.816
218.251047 68.829
219.832584 68.842
221.425581 68.854
223.030122 68.866
224.646290 68.878
226.274170 68.889
227.913846 68.900
229.565404 68.911
231.228929 68.921
232.904509 68.930
234.592231 68.940
236.292183 68.949
238.004454 68.958
239.729132 68.967
241.466308 68.975
243.216073 68.983
244.978517 68.991
246.753732 68.998
248.541811 69.005
250.342848 69.012
252.156935 69.019
253.984168 69.025
255.824642 69.031
257.678453 69.037
259.545697 69.042
261.426473 69.048
263.320877 69.053
265.229008 69.058
267.150967 69.062
269.086853 69.067
271.036767 69.071
273.000811 69.075
274.979088 69.079
276.971700 69.083
278.978751 69.086
281.000346 69.090
283.036590 69.093
285.087590 69.096
287.153452 69.098
289.234284 69.101
291.330195 69.104
293.441294 69.106
295.567690 69.108
297.709496 69.110
299.866821 69.112
302.039780 69.115
304.228485 69.117
306.433050 69.118
308.653590 69.120
310.890221 69.122
313.143060 69.123
315.412224 69.125
317.697831 69.126
320.000000 69.127
322.318852 69.128
324.654507 69.129
327.007088 69.130
329.376716 69.131
331.763515 69.132
334.167610 69.133
336.589127 69.134
339.028190 69.135
341.484928 69.135
343.959469 69.136
346.451941 69.137
348.962474 69.137
351.491200 69.138
354.038251 69.138
356.603758 69.139
359.187855 69.139
361.790679 69.139
364.412363 69.140
367.053045 69.140
369.712863 69.140
372.391955 69.141
375.090460 69.141
377.808521 69.142
380.546277 69.142
383.303872 69.142
386.081450 69.142
388.879155 69.142
391.697134 69.142
394.535533 69.142
397.394500 69.142
400.274184 69.143
403.174736 69.143
406.096306 69.143
409.039048 69.143
412.003113 69.143
414.988657 69.143
417.995836 69.143
421.024807 69.143
424.075726 69.144
427.148753 69.144
430.244049 69.144
433.361775 69.144
436.502093 69.144
439.665167 69.144
442.851162 69.144
446.060244 69.144
449.292581 69.144
452.548340 69.144
455.827692 69.144
459.130807 69.144
462.457858 69.144
465.809019 69.144
469.184463 69.144
472.584367 69.144
476.008908 69.144
479.458265 69.144
482.932617 69.144
486.432146 69.144
489.957033 69.144
493.507464 69.144
497.083623 69.144
500.685695 69.144
504.313870 69.143
507.968337 69.143
511.649285 69.143
515.356906 69.143
519.091395 69.143
522.852945 69.143
526.641753 69.143
530.458016 69.143
534.301934 69.143
538.173706 69.143
542.073534 69.143
546.001623 69.143
549.958175 69.143
553.943399 69.143
557.957501 69.143
562.000691 69.143
566.073180 69.143
570.175180 69.143
574.306904 69.143
578.468569 69.143
582.660390 69.143
586.882588 69.143
591.135381 69.143
595.418991 69.143
599.733643 69.143
604.079560 69.143
608.456970 69.143
612.866100 69.143
617.307180 69.143
621.780442 69.143
626.286120 69.143
630.824447 69.143
635.395661 69.143
640.000000 69.143
644.637704 69.143
649.309014 69.143
654.014175 69.143
658.753431 69.143
663.527030 69.143
668.335221 69.143
673.178253 69.143
678.056380 69.143
682.969856 69.143
687.918938 69.143
692.903882 69.143
697.924949 69.143
702.982401 69.143
708.076501 69.143
713.207515 69.143
718.375711 69.143
723.581357 69.143
728.824726 69.143
734.106091 69.143
739.425726 69.143
744.783910 69.143
750.180921 69.143
755.617041 69.143
761.092554 69.143
766.607744 69.143
772.162900 69.143
777.758310 69.143
783.394268 69.143
789.071066 69.143
794.789000 69.143
800.548368 69.143
806.349472 69.143
812.192613 69.143
818.078095 69.143
824.006226 69.143
829.977315 69.143
835.991673 69.143
842.049613 69.143
848.151452 69.143
854.297507 69.143
860.488099 69.143
866.723550 69.143
873.004186 69.143
879.330334 69.143
885.702324 69.143
892.120489 69.143
898.585161 69.143
905.096680 69.143
911.655384 69.143
918.261614 69.143
924.915716 69.143
931.618037 69.143
938.368925 69.143
945.168733 69.143
952.017816 69.143
958.916529 69.143
965.865234 69.143
972.864291 69.143
979.914067 69.143
987.014928 69.143
994.167245 69.143
1001.371391 69.143
1008.627741 69.143
1015.936673 69.143
1023.298569 69.143
1030.713812 69.143
1038.182790 69.143
1045.705890 69.143
1053.283506 69.143
1060.916032 69.143
1068.603867 69.142
1076.347412 69.142
1084.147069 69.142
1092.003245 69.142
1099.916351 69.142
1107.886798 69.142
1115.915003 69.142
1124.001383 69.142
1132.146360 69.142
1140.350359 69.142
1148.613808 69.142
1156.937137 69.142
1165.320781 69.142
1173.765175 69.142
1182.270762 69.142
1190.837983 69.142
1199.467286 69.142
1208.159120 69.142
1216.913939 69.142
1225.732199 69.142
1234.614360 69.142
1243.560885 69.142
1252.572239 69.142
1261.648894 69.142
1270.791322 69.142
1280.000000 69.142
1289.275408 69.142
1298.618029 69.142
1308.028350 69.142
1317.506863 69.142
1327.054061 69.142
1336.670442 69.142
1346.356507 69.142
1356.112761 69.142
1365.939713 69.142
1375.837875 69.142
1385.807763 69.142
1395.849898 69.142
1405.964802 69.142
1416.153002 69.142
1426.415031 69.142
1436.751422 69.142
1447.162715 69.142
1457.649452 69.142
1468.212181 69.142
1478.851452 69.142
1489.567819 69.142
1500.361842 69.142
1511.234082 69.142
1522.185107 69.142
1533.215488 69.142
1544.325799 69.142
1555.516621 69.142
1566.788535 69.142
1578.142131 69.142
1589.577999 69.142
1601.096737 69.142
1612.698944 69.142
1624.385225 69.142
1636.156190 69.142
1648.012452 69.142
1659.954630 69.142
1671.983345 69.142
1684.099226 69.142
1696.302903 69.142
1708.595013 69.142
1720.976197 69.142
1733.447100 69.142
1746.008372 69.142
1758.660669 69.142
1771.404649 69.142
1784.240977 69.142
1797.170323 69.142
1810.193360 69.142
1823.310767 69.142
1836.523229 69.142
1849.831433 69.142
1863.236074 69.142
1876.737851 69.142
1890.337467 69.142
1904.035631 69.142
1917.833058 69.142
1931.730467 69.142
1945.728583 69.142
1959.828134 69.142
1974.029857 69.142
1988.334491 69.142
2002.742782 69.142
2017.255482 69.142
2031.873347 69.142
2046.597138 69.142
2061.427625 69.142
2076.365579 69.142
2091.411780 69.142
2106.567012 69.142
2121.832065 69.142
2137.207735 69.142
2152.694823 69.142
2168.294137 69.142
2184.006490 69.142
2199.832702 69.142
2215.773596 69.142
2231.830005 69.142
2248.002765 69.142
2264.292720 69.142
2280.700718 69.142
2297.227616 69.142
2313.874274 69.142
2330.641561 69.142
2347.530351 69.142
2364.541523 69.142
2381.675966 69.142
2398.934572 69.142
2416.318240 69.142
2433.827878 69.142
2451.464399 69.142
2469.228720 69.142
2487.121769 69.142
2505.144479 69.142
2523.297789 69.142
2541.582644 69.142
2560.000000 69.142
2578.550815 69.142
2597.236057 69.142
2616.056701 69.142
2635.013726 69.142
2654.108121 69.142
2673.340883 69.142
2692.713013 69.142
2712.225522 69.142
2731.879426 69.142
2751.675750 69.142
2771.615527 69.142
2791.699796 69.142
2811.929603 69.142
2832.306004 69.142
2852.830061 69.142
2873.502844 69.142
2894.325430 69.142
2915.298905 69.142
2936.424363 69.142
2957.702904 69.142
2979.135638 69.142
3000.723683 69.142
3022.468164 69.142
3044.370214 69.142
3066.430976 69.142
3088.651599 69.142
3111.033242 69.142
3133.577071 69.142
3156.284262 69.142
3179.155999 69.142
3202.193474 69.142
3225.397888 69.142
3248.770450 69.142
3272.312380 69.142
3296.024905 69.142
3319.909260 69.142
3343.966691 69.142
3368.198452 69.142
3392.605806 69.142
3417.190027 69.142
3441.952394 69.142
3466.894200 69.142
3492.016745 69.142
3517.321337 69.142
3542.809298 69.142
3568.481954 69.142
3594.340646 69.142
3620.386720 69.142
3646.621534 69.142
3673.046457 69.142
3699.662866 69.142
3726.472148 69.142
3753.475701 69.142
3780.674934 69.142
3808.071263 69.142
3835.666117 69.142
3863.460935 69.142
3891.457165 69.142
3919.656268 69.142
3948.059713 69.142
3976.668981 69.142
4005.485564 69.142
4034.510963 69.142
4063.746693 69.142
4093.194277 69.142
4122.855250 69.142
4152.731158 69.142
4182.823560 69.142
4213.134024 69.142
4243.664130 69.142
4274.415470 69.142
4305.389646 69.142
4336.588274 69.142
4368.012981 69.142
4399.665403 69.142
4431.547192 69.142
4463.660010 69.142
4496.005531 69.142
4528.585440 69.142
4561.401437 69.142
4594.455232 69.142
4627.748549 69.142
4661.283122 69.142
4695.060701 69.142
4729.083046 69.142
4763.351932 69.142
4797.869143 69.142
4832.636481 69.142
4867.655757 69.142
4902.928797 69.142
4938.457440 69.142
4974.243539 69.142
5010.288958 69.142
5046.595577 69.142
5083.165289 69.142
5120.000000 69.142
5157.101631 69.142
5194.472115 69.142
5232.113401 69.142
5270.027452 69.142
5308.216243 69.142
5346.681766 69.142
5385.426026 69.142
5424.451043 69.142
5463.758851 69.142
5503.351500 69.142
5543.231054 69.142
5583.399591 69.142
5623.859206 69.142
5664.612008 69.142
5705.660122 69.142
5747.005687 69.142
5788.650860 69.142
5830.597810 69.142
5872.848725 69.142
5915.405808 69.142
5958.271277 69.142
6001.447367 69.142
6044.936328 69.142
6088.740429 69.142
6132.861952 69.142
6177.303198 69.142
6222.066483 69.142
6267.154142 69.142
6312.568524 69.142
6358.311998 69.142
6404.386948 69.142
6450.795775 69.142
6497.540901 69.142
6544.624761 69.142
6592.049809 69.142
6639.818520 69.142
6687.933382 69.142
6736.396904 69.142
6785.211613 69.142
6834.380053 69.142
6883.904789 69.142
6933.788400 69.142
6984.033489 69.142
7034.642675 69.142
7085.618596 69.142
7136.963909 69.142
7188.681291 69.142
7240.773439 69.142
7293.243069 69.142
7346.092914 69.142
7399.325732 69.142
7452.944296 69.142
7506.951403 69.142
7561.349867 69.142
7616.142525 69.142
7671.332234 69.142
7726.921869 69.142
7782.914330 69.142
7839.312536 69.142
7896.119426 69.142
7953.337962 69.142
8010.971128 69.142
8069.021927 69.142
8127.493386 69.142
8186.388553 69.142
8245.710500 69.142
8305.462317 69.142
8365.647121 69.142
8426.268048 69.142
8487.328260 69.142
8548.830939 69.142
8610.779292 69.142
8673.176549 69.142
8736.025961 69.142
8799.330806 69.142
8863.094385 69.142
8927.320020 69.142
8992.011061 69.142
9057.170880 69.142
9122.802874 69.142
9188.910464 69.142
9255.497097 69.142
9322.566244 69.142
9390.121402 69.142
9458.166093 69.142
9526.703863 69.142
9595.738287 69.142
9665.272962 69.142
9735.311514 69.142
9805.857594 69.142
9876.914881 69.142
9948.487077 69.142
10020.577916 69.142
10093.191154 69.142
10166.330578 69.142
10240.000000 69.142
10314.203261 69.142
10388.944230 69.142
10464.226802 69.142
10540.054903 69.142
10616.432486 69.142
10693.363532 69.142
10770.852052 69.142
10848.902086 69.142
10927.517703 69.142
11006.703001 69.142
11086.462108 69.142
11166.799182 69.142
11247.718413 69.142
11329.224017 69.142
11411.320244 69.142
11494.011375 69.142
11577.301719 69.142
11661.195620 69.142
11745.697450 69.142
11830.811616 69.142
11916.542554 69.142
12002.894734 69.142
12089.872657 69.142
12177.480858 69.142
12265.723904 69.142
12354.606395 69.142
12444.132966 69.142
12534.308283 69.142
12625.137048 69.142
12716.623996 69.142
12808.773895 69.142
12901.591551 69.142
12995.081802 69.142
13089.249521 69.142
13184.099619 69.142
13279.637040 69.142
13375.866764 69.142
13472.793808 69.142
13570.423226 69.142
13668.760107 69.142
13767.809577 69.142
13867.576801 69.142
13968.066979 69.142
14069.285350 69.142
14171.237191 69.142
14273.927818 69.142
14377.362583 69.142
14481.546879 69.142
14586.486137 69.142
14692.185828 69.142
14798.651463 69.142
14905.888592 69.142
15013.902806 69.142
15122.699734 69.142
15232.285051 69.142
15342.664467 69.142
15453.843739 69.142
15565.828661 69.142
15678.625072 69.142
15792.238852 69.142
15906.675925 69.142
16021.942256 69.142
16138.043854 69.142
16254.986772 69.142
16372.777107 69.142
16491.420999 69.142
16610.924634 69.142
16731.294241 69.142
16852.536096 69.142
16974.656520 69.142
17097.661878 69.142
17221.558584 69.142
17346.353097 69.142
17472.051922 69.142
17598.661613 69.142
17726.188769 69.142
17854.640040 69.142
17984.022122 69.142
18114.341760 69.142
18245.605748 69.142
18377.820928 69.142
18510.994194 69.142
18645.132489 69.142
18780.242805 69.142
18916.332186 69.142
19053.407727 69.142
19191.476573 69.142
19330.545924 69.142
19470.623028 69.142
19611.715189 69.142
19753.829761 69.142
19896.974155 69.142
20041.155832 69.142
20186.382308 69.142
20332.661156 69.142
20480.000000 69.142
20628.406522 69.142
20777.888460 69.142
20928.453604 69.142
21080.109806 69.142
21232.864972 69.142
21386.727064 69.142
21541.704105 69.142
21697.804172 69.142
21855.035406 69.142
22013.406002 69.142
22172.924216 69.142
22333.598365 69.142
22495.436825 69.142
22658.448034 69.142
22822.640488 69.142
22988.022749 69.142
23154.603438 69.142
23322.391240 69.142
23491.394901 69.142
23661.623232 69.142
23833.085108 69.142
24005.789467 69.142
