* Measurement data measured by REW V5.40 beta 100
* Source: 
* Format: 
* Dated: Sep 23, 2025 2:36:56 PM
* REW Settings:
*  C-weighting compensation: Off
*  Target level: 75.0 dB
* Note: ; 
* Measurement: FLX+2dB-trimmed
* Smoothing: 1/48 octave
* Frequency Step: 96 ppo
* Start Frequency: 1.0986328 Hz
*
* Freq(Hz) SPL(dB) Phase(degrees)
1.098633 0.053 0.7350
1.106594 0.051 0.7404
1.114613 0.048 0.7458
1.122690 0.046 0.7512
1.130825 0.044 0.7567
1.139020 0.041 0.7621
1.147273 0.039 0.7676
1.155587 0.036 0.7731
1.163961 0.034 0.7786
1.172395 0.032 0.7842
1.180891 0.029 0.7898
1.189448 0.027 0.7953
1.198068 0.024 0.8010
1.206749 0.022 0.8066
1.215494 0.019 0.8123
1.224302 0.016 0.8180
1.233174 0.014 0.8237
1.242110 0.011 0.8294
1.251111 0.009 0.8352
1.260177 0.006 0.8410
1.269308 0.003 0.8469
1.278506 0.001 0.8528
1.287771 -0.002 0.8587
1.297103 -0.005 0.8646
1.306502 -0.008 0.8706
1.315969 -0.010 0.8767
1.325505 -0.013 0.8828
1.335111 -0.016 0.8889
1.344785 -0.019 0.8951
1.354530 -0.022 0.9013
1.364346 -0.024 0.9076
1.374232 -0.027 0.9139
1.384191 -0.030 0.9203
1.394221 -0.033 0.9267
1.404324 -0.036 0.9332
1.414500 -0.039 0.9398
1.424750 -0.042 0.9464
1.435075 -0.045 0.9531
1.445474 -0.048 0.9599
1.455948 -0.051 0.9667
1.466499 -0.053 0.9736
1.477126 -0.053 0.9806
1.487830 -0.052 0.9876
1.498611 -0.051 0.9947
1.509471 -0.049 1.0019
1.520409 -0.047 1.0091
1.531426 -0.044 1.0164
1.542524 -0.041 1.0237
1.553701 -0.038 1.0311
1.564960 -0.034 1.0385
1.576301 -0.030 1.0461
1.587723 -0.026 1.0536
1.599228 -0.021 1.0613
1.610817 -0.016 1.0689
1.622490 -0.011 1.0767
1.634247 -0.006 1.0845
1.646089 -0.001 1.0924
1.658018 0.004 1.1003
1.670032 0.009 1.1083
1.682134 0.015 1.1163
1.694323 0.020 1.1245
1.706601 0.024 1.1326
1.718968 0.029 1.1409
1.731424 0.034 1.1491
1.743971 0.038 1.1575
1.756608 0.042 1.1659
1.769338 0.045 1.1744
1.782159 0.048 1.1829
1.795073 0.050 1.1915
1.808081 0.052 1.2001
1.821183 0.053 1.2088
1.834380 0.053 1.2176
1.847673 0.052 1.2264
1.861062 0.051 1.2352
1.874548 0.049 1.2442
1.888132 0.046 1.2532
1.901814 0.043 1.2622
1.915595 0.039 1.2714
1.929476 0.034 1.2805
1.943458 0.029 1.2898
1.957541 0.024 1.2991
1.971726 0.018 1.3085
1.986014 0.012 1.3180
2.000406 0.006 1.3275
2.014901 -0.001 1.3371
2.029502 -0.007 1.3467
2.044209 -0.013 1.3565
2.059022 -0.020 1.3663
2.073943 -0.026 1.3762
2.088971 -0.031 1.3861
2.104109 -0.037 1.3962
2.119356 -0.041 1.4063
2.134714 -0.045 1.4165
2.150183 -0.049 1.4268
2.165764 -0.051 1.4371
2.181458 -0.053 1.4476
2.197266 -0.054 1.4581
2.213188 -0.053 1.4687
2.229226 -0.051 1.4794
2.245379 -0.049 1.4902
2.261650 -0.045 1.5011
2.278039 -0.040 1.5121
2.294547 -0.035 1.5231
2.311174 -0.029 1.5342
2.327922 -0.023 1.5455
2.344791 -0.016 1.5568
2.361782 -0.008 1.5682
2.378897 -0.001 1.5797
2.396135 0.007 1.5912
2.413499 0.014 1.6029
2.430988 0.021 1.6146
2.448604 0.028 1.6265
2.466347 0.035 1.6384
2.484219 0.040 1.6504
2.502221 0.045 1.6625
2.520353 0.049 1.6747
2.538617 0.052 1.6870
2.557013 0.053 1.6993
2.575542 0.053 1.7118
2.594205 0.051 1.7243
2.613004 0.048 1.7370
2.631939 0.043 1.7497
2.651011 0.038 1.7625
2.670221 0.031 1.7754
2.689571 0.024 1.7884
2.709061 0.016 1.8015
2.728691 0.007 1.8147
2.748465 -0.001 1.8280
2.768381 -0.010 1.8414
2.788442 -0.018 1.8549
2.808648 -0.027 1.8685
2.829001 -0.034 1.8822
2.849501 -0.041 1.8960
2.870150 -0.046 1.9099
2.890948 -0.050 1.9239
2.911897 -0.053 1.9380
2.932998 -0.054 1.9522
2.954251 -0.052 1.9664
2.975659 -0.049 1.9808
2.997222 -0.044 1.9953
3.018941 -0.038 2.0099
3.040818 -0.030 2.0246
3.062853 -0.022 2.0394
3.085047 -0.012 2.0543
3.107403 -0.003 2.0693
3.129920 0.007 2.0845
3.152601 0.017 2.0997
3.175446 0.026 2.1151
3.198457 0.035 2.1306
3.221634 0.042 2.1462
3.244979 0.048 2.1619
3.268494 0.051 2.1778
3.292179 0.053 2.1937
3.316035 0.052 2.2099
3.340064 0.049 2.2261
3.364268 0.043 2.2425
3.388647 0.036 2.2590
3.413202 0.027 2.2757
3.437936 0.017 2.2924
3.462849 0.007 2.3093
3.487942 -0.004 2.3264
3.513217 -0.015 2.3435
3.538675 -0.026 2.3608
3.564318 -0.035 2.3782
3.590146 -0.043 2.3958
3.616162 -0.049 2.4134
3.642366 -0.053 2.4312
3.668760 -0.054 2.4491
3.695346 -0.051 2.4672
3.722124 -0.046 2.4853
3.749096 -0.039 2.5036
3.776263 -0.029 2.5220
3.803627 -0.018 2.5406
3.831190 -0.006 2.5593
3.858953 0.006 2.5781
3.886916 0.018 2.5971
3.915082 0.029 2.6162
3.943453 0.039 2.6355
3.972028 0.046 2.6549
4.000811 0.051 2.6745
4.029803 0.053 2.6942
4.059005 0.051 2.7141
4.088418 0.045 2.7342
4.118044 0.037 2.7544
4.147885 0.026 2.7748
4.177942 0.014 2.7954
4.208218 0.001 2.8161
4.238712 -0.012 2.8370
4.269427 -0.025 2.8580
4.300366 -0.036 2.8792
4.331528 -0.046 2.9006
4.362916 -0.052 2.9221
4.394531 -0.054 2.9438
4.426376 -0.051 2.9656
4.458451 -0.045 2.9876
4.490759 -0.036 3.0097
4.523301 -0.023 3.0321
4.556079 -0.010 3.0546
4.589094 0.005 3.0772
4.622348 0.019 3.1001
4.655844 0.032 3.1231
4.689582 0.043 3.1463
4.723564 0.050 3.1697
4.757793 0.053 3.1933
4.792270 0.051 3.2171
4.826997 0.044 3.2410
4.861975 0.033 3.2652
4.897207 0.020 3.2895
4.932695 0.004 3.3141
4.968439 -0.011 3.3388
5.004442 -0.026 3.3638
5.040706 -0.039 3.3889
5.077234 -0.049 3.4142
5.114025 -0.053 3.4397
5.151084 -0.052 3.4655
5.188410 -0.046 3.4914
5.226008 -0.035 3.5175
5.263878 -0.020 3.5439
5.302022 -0.004 3.5704
5.340442 0.013 3.5972
5.379142 0.029 3.6241
5.418121 0.042 3.6513
5.457383 0.050 3.6787
5.496929 0.053 3.7064
5.536762 0.049 3.7343
5.576884 0.039 3.7623
5.617296 0.025 3.7907
5.658002 0.007 3.8192
5.699002 -0.011 3.8480
5.740299 -0.028 3.8770
5.781896 -0.042 3.9063
5.823794 -0.051 3.9358
5.865995 -0.054 3.9655
5.908503 -0.049 3.9955
5.951318 -0.037 4.0257
5.994444 -0.021 4.0562
6.037882 -0.002 4.0869
6.081635 0.017 4.1179
6.125705 0.034 4.1491
6.170095 0.047 4.1806
6.214806 0.053 4.2123
6.259841 0.051 4.2444
6.305202 0.040 4.2767
6.350892 0.024 4.3092
6.396913 0.005 4.3421
6.443268 -0.016 4.3752
6.489959 -0.034 4.4086
6.536988 -0.048 4.4423
6.584357 -0.054 4.4763
6.632070 -0.050 4.5106
6.680129 -0.038 4.5451
6.728536 -0.020 4.5800
6.777294 0.001 4.6151
6.826405 0.022 4.6506
6.875872 0.040 4.6864
6.925697 0.051 4.7225
6.975884 0.052 4.7588
7.026434 0.043 4.7956
7.077350 0.027 4.8326
7.128635 0.005 4.8699
7.180293 -0.018 4.9076
7.232324 -0.038 4.9456
7.284732 -0.051 4.9840
7.337520 -0.053 5.0227
7.390691 -0.045 5.0618
7.444247 -0.027 5.1012
7.498191 -0.004 5.1410
7.552526 0.020 5.1812
7.607255 0.040 5.2217
7.662380 0.052 5.2625
7.717905 0.051 5.3038
7.773832 0.039 5.3454
7.830165 0.018 5.3874
7.886905 -0.007 5.4298
7.944057 -0.030 5.4726
8.001623 -0.048 5.5158
8.059606 -0.054 5.5595
8.118009 -0.046 5.6035
8.176836 -0.027 5.6480
8.236088 -0.002 5.6929
8.295770 0.024 5.7382
8.355885 0.044 5.7840
8.416435 0.053 5.8302
8.477424 0.047 5.8769
8.538855 0.028 5.9240
8.600731 0.002 5.9716
8.663055 -0.025 6.0197
8.725832 -0.046 6.0683
8.789063 -0.054 6.1173
8.852752 -0.045 6.1669
8.916902 -0.024 6.2170
8.981518 0.004 6.2676
9.046602 0.031 6.3187
9.112157 0.049 6.3703
9.178188 0.052 6.4226
9.244696 0.037 6.4753
9.311687 0.011 6.5287
9.379164 -0.018 6.5826
9.447129 -0.043 6.6372
9.515587 -0.054 6.6923
9.584541 -0.046 6.7481
9.653994 -0.022 6.8044
9.723951 0.009 6.8614
9.794415 0.036 6.9191
9.865389 0.052 6.9774
9.936878 0.048 7.0365
10.008884 0.026 7.0962
10.081413 -0.005 7.1567
10.154467 -0.035 7.2179
10.228051 -0.052 7.2798
10.302167 -0.049 7.3426
10.376821 -0.026 7.4061
10.452016 0.007 7.4704
10.527755 0.037 7.5355
10.604044 0.052 7.6015
10.680885 0.045 7.6685
10.758283 0.019 7.7363
10.836242 -0.015 7.8050
10.914766 -0.043 7.8747
10.993859 -0.053 7.9454
11.073525 -0.039 8.0172
11.153768 -0.007 8.0899
11.234593 0.027 8.1638
11.316003 0.050 8.2388
11.398004 0.048 8.3150
11.480599 0.023 8.3923
11.563792 -0.013 8.4709
11.647588 -0.043 8.5508
11.731991 -0.053 8.6322
11.817006 -0.035 8.7151
11.902637 0.000 8.7995
11.988888 0.035 8.8854
12.075764 0.052 8.9729
12.163270 0.040 9.0621
12.251411 0.007 9.1527
12.340189 -0.030 9.2452
12.429611 -0.052 9.3401
12.519681 -0.043 9.4375
12.610404 -0.011 9.5372
12.701784 0.028 9.6395
12.793827 0.051 9.7444
12.886536 0.042 9.8520
12.979917 0.009 9.9618
13.073975 -0.030 10.0749
13.168715 -0.052 10.1924
13.264140 -0.040 10.3136
13.360258 -0.003 10.4375
13.457072 0.035 10.5683
13.554587 0.051 10.7107
13.652809 0.031 10.8660
13.751743 -0.009 11.0322
13.851394 -0.042 11.2078
13.951767 -0.045 11.3922
14.052867 -0.011 11.5916
14.154700 0.039 11.7981
14.257271 0.076 11.9995
14.360585 0.082 12.1900
14.464648 0.065 12.3757
14.569465 0.050 12.5520
14.675041 0.061 12.7132
14.781382 0.108 12.8572
14.888494 0.169 12.9884
14.996382 0.214 13.1124
15.105052 0.222 13.2310
15.214510 0.205 13.3416
15.324760 0.192 13.4469
15.435810 0.213 13.5496
15.547664 0.267 13.6486
15.660329 0.325 13.7434
15.773810 0.357 13.8339
15.888114 0.351 13.9195
16.003246 0.333 14.0009
16.119212 0.336 14.0793
16.236018 0.378 14.1543
16.353671 0.438 14.2260
16.472176 0.481 14.2953
16.591541 0.484 14.3626
16.711770 0.465 14.4275
16.832870 0.462 14.4897
16.954848 0.499 14.5493
17.077710 0.560 14.6063
17.201462 0.605 14.6596
17.326111 0.608 14.7086
17.451663 0.588 14.7538
17.578125 0.588 14.7959
17.705503 0.632 14.8350
17.833805 0.694 14.8711
17.963036 0.731 14.9047
18.093203 0.722 14.9360
18.224314 0.701 14.9647
18.356375 0.715 14.9903
18.489393 0.773 15.0133
18.623375 0.833 15.0323
18.758327 0.847 15.0456
18.894258 0.824 15.0535
19.031174 0.815 15.0575
19.169081 0.859 15.0585
19.307988 0.927 15.0559
19.447902 0.960 15.0502
19.588829 0.940 15.0450
19.730778 0.919 15.0306
19.873756 0.955 14.9937
20.017769 1.028 14.9381
20.162826 1.071 14.8840
20.308934 1.049 14.8442
20.456101 1.020 14.7970
20.604334 1.055 14.7342
20.753642 1.135 14.6604
20.904031 1.177 14.4650
21.055511 1.148 14.0684
21.208087 1.112 13.6378
21.361770 1.134 13.2613
21.516566 1.160 12.9471
21.672484 1.044 13.0704
21.829532 0.777 13.7091
21.987718 0.649 14.4312
22.147050 0.842 15.2128
22.307536 1.113 15.7450
22.469186 1.200 15.4788
22.632007 1.222 14.7170
22.796008 1.230 13.8940
22.961197 1.223 12.9035
23.127583 1.108 12.5345
23.295175 0.788 12.9858
23.463982 0.592 13.8232
23.634011 0.708 15.1216
23.805273 0.909 16.1850
23.977776 1.018 16.4197
24.151529 1.102 16.1626
24.326541 1.229 15.3774
24.502821 1.285 14.3982
24.680379 1.086 13.9183
24.859223 0.788 13.8323
25.039363 0.695 14.4705
25.220808 0.727 15.6592
25.403569 0.672 16.9020
25.587654 0.625 18.1707
25.773072 0.819 19.1245
25.959835 1.105 19.8213
26.147950 1.164 20.3126
26.337429 1.178 20.5318
26.528281 1.481 20.3008
26.720516 1.822 19.7420
26.914144 1.834 18.8875
27.109175 1.781 17.9672
27.305619 1.931 17.3679
27.503487 2.008 16.5693
27.702788 1.848 15.3188
27.903534 1.866 13.6487
28.105735 2.116 11.2923
28.309400 1.849 10.5607
28.514542 1.112 11.8048
28.721170 0.677 16.0117
28.929296 0.831 21.1453
29.138929 1.693 23.3928
29.350082 2.281 23.3726
29.562765 2.064 21.0105
29.776989 2.005 19.1373
29.992765 2.185 17.5180
30.210105 2.045 17.0094
30.429020 1.897 16.9366
30.649521 2.075 16.7578
30.871620 2.097 16.5026
31.095328 1.932 16.1746
31.320658 2.009 15.9440
31.547620 2.091 15.7470
31.776228 1.972 15.5498
32.006491 1.986 15.3532
32.238423 2.069 15.1585
32.472036 1.987 14.9715
32.707342 1.976 14.7783
32.944353 2.055 14.5686
33.183081 1.997 14.3319
33.423540 1.973 13.9478
33.665740 2.024 13.3652
33.909696 1.932 12.5194
34.155420 1.782 11.8893
34.402924 1.604 11.8161
34.652222 1.291 13.0830
34.903326 1.172 15.1146
35.156250 1.361 17.2706
35.411007 1.630 18.1896
35.667609 1.860 18.0260
35.926072 1.982 17.1847
36.186407 1.977 16.3581
36.448628 1.999 15.8634
36.712750 2.013 15.5932
36.978786 1.986 15.4317
37.246749 2.008 15.2557
37.516655 2.008 15.0925
37.788516 1.993 14.9529
38.062347 2.003 14.8474
38.338162 1.994 14.7586
38.615977 1.998 14.6645
38.895804 2.006 14.5615
39.177659 1.997 14.4555
39.461556 1.999 14.3658
39.747511 1.999 14.2818
40.035538 2.000 14.1929
40.325652 2.004 14.0935
40.617868 2.000 13.9883
40.912202 2.001 13.8779
41.208669 2.001 13.7664
41.507284 1.998 13.6641
41.808063 1.995 13.5721
42.111021 1.995 13.4726
42.416175 2.009 13.3355
42.723540 2.000 13.1743
43.033132 2.000 13.0136
43.344968 2.002 12.8567
43.659064 1.996 12.6880
43.975435 2.004 12.4892
44.294099 1.999 12.2628
44.615073 2.002 11.9995
44.938372 1.995 11.6400
45.264014 1.985 11.1925
45.592016 1.949 10.8181
45.922394 1.893 10.6712
46.255167 1.876 10.6723
46.590351 1.929 10.4965
46.927964 1.975 9.9029
47.268023 1.986 8.9437
47.610547 1.985 7.7355
47.955552 1.955 6.3386
48.303058 1.870 4.6530
48.653082 1.718 2.1389
49.005642 1.503 -1.4589
49.360757 0.892 -4.7703
49.718446 -0.250 -5.0206
50.078726 -1.278 -0.8415
50.441617 -1.797 5.2649
50.807138 -2.173 11.6763
51.175307 -2.237 19.2507
51.546145 -1.663 25.4361
51.919669 -0.940 28.2379
52.295901 -0.614 30.2607
52.674858 -0.072 32.3864
53.056562 0.728 32.1635
53.441032 1.023 30.0478
53.828287 0.926 29.1921
54.218349 1.159 30.1162
54.611238 1.552 30.1862
55.006973 1.778 28.6028
55.405577 1.909 26.7273
55.807068 1.968 25.3468
56.211469 1.989 24.3531
56.618801 1.997 23.5768
57.029084 2.000 22.9593
57.442340 2.000 22.4516
57.858591 2.000 22.0195
58.277858 2.000 21.6413
58.700164 2.000 21.3038
59.125529 2.000 20.9988
59.553977 2.000 20.7195
59.985530 2.000 20.4595
60.420210 2.001 20.2138
60.858039 2.000 19.9794
61.299042 2.000 19.7544
61.743240 2.000 19.5358
62.190657 2.000 19.3195
62.641316 2.001 19.1030
63.095241 2.000 18.8847
63.552455 2.000 18.6611
64.012982 1.999 18.4239
64.476847 1.995 18.1435
64.944073 1.982 17.8193
65.414684 1.955 17.6024
65.888706 1.931 17.6201
66.366163 1.952 17.6479
66.847079 1.979 17.4272
67.331481 1.993 17.0465
67.819392 1.999 16.6767
68.310840 2.000 16.3278
68.805848 2.000 15.9673
69.304444 2.000 15.5836
69.806652 2.000 15.1708
70.312500 2.000 14.7227
70.822013 2.000 14.2325
71.335219 2.000 13.6924
71.852143 2.000 13.0929
72.372814 2.000 12.4227
72.897257 2.000 11.6667
73.425500 2.000 10.8063
73.957572 2.000 9.8158
74.493499 2.000 8.6599
75.033309 2.000 7.2887
75.577032 1.999 5.6234
76.124694 1.996 3.5398
76.676325 1.979 0.7811
77.231953 1.904 -3.2391
77.791608 1.644 -9.2561
78.355318 0.946 -16.4817
78.923113 -0.406 -21.4143
79.495022 -2.133 -20.0783
80.071076 -3.677 -12.8690
80.651304 -4.734 -4.3740
81.235736 -5.315 3.6785
81.824404 -5.545 11.1196
82.417337 -5.538 17.6998
83.014567 -5.366 23.8310
83.616125 -5.018 29.4709
84.222042 -4.540 33.6326
84.832350 -4.056 36.3538
85.447080 -3.578 38.4930
86.066265 -3.093 39.8379
86.689936 -2.665 40.1477
87.318127 -2.332 39.6139
87.950871 -2.159 38.0776
88.588199 -2.244 36.5861
89.230145 -2.498 37.1973
89.876744 -2.686 40.0579
90.528028 -2.680 44.1169
91.184031 -2.410 48.6199
91.844788 -1.874 52.6043
92.510333 -1.141 55.3957
93.180701 -0.297 56.4016
93.855927 0.531 55.3229
94.536046 1.226 52.2911
95.221093 1.688 47.9440
95.911104 1.903 43.6154
96.606116 1.976 40.1144
97.306164 1.995 37.2348
98.011284 1.998 34.5844
98.721514 1.995 31.9030
99.436891 1.975 28.9241
100.157452 1.898 25.2278
100.883234 1.665 20.4988
101.614275 1.147 15.4555
102.350614 0.316 11.8942
103.092289 -0.697 11.1846
103.839338 -1.690 13.5948
104.591801 -2.453 18.2882
105.349716 -2.875 23.5497
106.113124 -2.949 28.8923
106.882063 -2.666 33.6778
107.656575 -2.160 35.6104
108.436699 -1.747 33.5519
109.222476 -1.702 29.3214
110.013947 -2.064 25.6146
110.811153 -2.702 24.2790
111.614136 -3.383 26.1204
112.422939 -3.879 29.4038
113.237601 -4.232 31.4492
114.058168 -4.653 32.4990
114.884680 -5.216 34.9590
115.717182 -5.719 40.9662
116.555716 -5.771 50.6242
117.400327 -5.104 60.7975
118.251058 -3.918 66.6428
119.107954 -2.685 66.5141
119.971060 -1.757 61.8649
120.840419 -1.318 54.5156
121.716079 -1.463 46.4774
122.598084 -2.164 40.5552
123.486480 -3.185 39.1530
124.381314 -4.194 41.4545
125.282632 -5.047 44.9565
126.190482 -5.762 49.4972
127.104910 -6.286 56.3144
128.025965 -6.422 65.5760
128.953694 -6.036 74.9385
129.888145 -5.242 81.8401
130.829368 -4.247 86.0795
131.777412 -3.152 88.4601
132.732325 -2.029 88.5281
133.694158 -1.022 85.5900
134.662961 -0.299 79.7109
135.638785 -0.014 71.8556
136.621679 -0.223 64.2079
137.611696 -0.819 58.4665
138.608887 -1.694 54.4608
139.613304 -2.803 52.9428
140.625000 -4.008 55.1512
141.644027 -5.106 60.5339
142.670438 -5.956 67.7976
143.704287 -6.481 76.4967
144.745627 -6.527 87.3539
145.794514 -5.820 100.5372
146.851001 -4.344 112.2570
147.915144 -2.619 116.5841
148.986998 -1.283 112.6846
150.066619 -0.612 105.9618
151.154063 -0.330 102.8547
152.249388 0.124 104.5225
153.352650 0.869 104.0483
154.463906 1.464 98.5645
155.583216 1.641 91.4877
156.710636 1.361 84.5825
157.846226 0.626 79.7570
158.990044 -0.345 80.2597
160.142152 -1.086 86.1169
161.302608 -1.201 94.1119
162.471473 -0.650 100.8843
163.648808 0.212 103.1245
164.834675 0.899 100.0091
166.029135 1.117 94.7946
167.232251 0.945 91.8353
168.444084 0.704 92.4202
169.664700 0.656 94.5938
170.894160 0.841 96.2921
172.132530 1.141 96.4850
173.379873 1.414 95.2988
174.636255 1.588 93.4293
175.901741 1.656 91.4921
177.176398 1.641 89.6226
178.460291 1.522 87.3520
179.753488 1.207 84.3960
181.056056 0.629 82.5333
182.368062 -0.027 85.1389
183.689577 -0.323 91.9661
185.020667 -0.045 98.3173
186.361403 0.550 100.5403
187.711854 1.068 98.8997
189.072092 1.344 96.2439
190.442186 1.438 94.2245
191.822209 1.450 92.7552
193.212232 1.437 91.4578
194.612327 1.412 90.0713
196.022568 1.366 88.3243
197.443029 1.245 85.7478
198.873782 0.930 81.8629
200.314904 0.279 77.9003
201.766468 -0.672 77.2119
203.228551 -1.656 80.6666
204.701229 -2.418 86.0181
206.184578 -2.880 91.8095
207.678677 -3.020 98.1677
209.183602 -2.771 105.2111
210.699433 -2.172 110.3991
212.226248 -1.541 110.6933
213.764127 -1.218 107.5373
215.313149 -1.270 104.8056
216.873397 -1.541 104.1565
218.444951 -1.889 104.5387
220.027894 -2.278 105.5541
221.622306 -2.680 107.7357
223.228273 -3.035 111.0756
224.845877 -3.271 115.5226
226.475203 -3.315 120.7649
228.116336 -3.130 125.9896
229.769361 -2.742 130.4393
231.434364 -2.228 133.5287
233.111433 -1.715 134.6796
234.800654 -1.357 133.7720
236.502117 -1.235 132.4854
238.215909 -1.259 132.8762
239.942119 -1.253 135.0435
241.680839 -1.136 137.2240
243.432158 -0.968 138.4976
245.196168 -0.806 139.5780
246.972960 -0.631 141.0614
248.762628 -0.394 142.7384
250.565264 -0.089 144.0127
252.380964 0.224 144.1620
254.209820 0.451 143.2012
256.051929 0.559 142.2285
257.907387 0.585 141.7624
259.776290 0.571 141.6452
261.658736 0.535 141.7047
263.554824 0.481 141.9986
265.464650 0.431 142.6909
267.388317 0.408 143.6747
269.325923 0.416 144.5646
271.277569 0.429 145.1623
273.243358 0.429 145.7249
275.223392 0.416 146.3809
277.217775 0.397 147.1121
279.226609 0.377 147.8933
281.250000 0.356 148.7120
283.288053 0.335 149.5606
285.340875 0.314 150.4330
287.408573 0.292 151.3204
289.491254 0.266 152.2051
291.589027 0.232 153.0702
293.702001 0.187 154.0176
295.830287 0.147 155.2501
297.973995 0.131 156.6153
300.133238 0.133 157.7725
302.308127 0.133 158.7615
304.498776 0.122 159.7672
306.705300 0.105 160.8284
308.927813 0.085 161.9290
311.166431 0.063 163.0619
313.421271 0.042 164.2418
315.692451 0.024 165.4696
317.980089 0.011 166.7254
320.284304 0.004 167.9904
322.605216 0.001 169.2372
324.942946 0.000 170.4660
327.297617 0.000 171.6864
329.669350 0.000 172.9033
332.058270 0.000 174.1190
334.464501 0.000 175.3349
336.888169 0.000 176.5516
339.329399 -0.000 177.7698
341.788320 0.000 178.9896
344.265059 0.000 -179.7888
346.759746 -0.000 -178.5652
349.272510 0.000 -177.3396
351.803482 0.000 -176.1120
354.352795 0.000 -174.8825
356.920582 0.000 -173.6511
359.506975 0.000 -172.4180
362.112111 0.000 -171.1832
364.736125 0.000 -169.9468
367.379153 0.000 -168.7090
370.041334 0.000 -167.4699
372.722806 0.000 -166.2297
375.423709 0.000 -164.9885
378.144184 0.000 -163.7465
380.884373 0.000 -162.5038
383.644418 0.000 -161.2607
386.424463 0.000 -160.0172
389.224654 0.000 -158.7735
392.045137 0.000 -157.5298
394.886057 0.000 -156.2864
397.747564 0.000 -155.0432
400.629807 0.000 -153.8006
403.532936 -0.000 -152.5587
406.457102 -0.000 -151.3176
409.402458 -0.000 -150.0775
412.369157 -0.000 -148.8386
415.357354 0.000 -147.6010
418.367204 0.000 -146.3650
421.398865 0.000 -145.1306
424.452495 -0.000 -143.8981
427.528253 -0.000 -142.6675
430.626299 -0.000 -141.4391
433.746795 -0.000 -140.2130
436.889903 -0.000 -138.9892
440.055787 -0.000 -137.7681
443.244613 0.000 -136.5497
446.456546 -0.000 -135.3341
449.691754 -0.000 -134.1215
452.950406 -0.000 -132.9120
456.232671 -0.000 -131.7058
459.538721 -0.000 -130.5030
462.868728 -0.000 -129.3036
466.222866 -0.000 -128.1079
469.601309 0.000 -126.9159
473.004234 0.000 -125.7277
476.431817 0.000 -124.5434
479.884239 0.000 -123.3632
483.361678 0.000 -122.1871
486.864316 0.000 -121.0152
490.392335 -0.000 -119.8476
493.945920 -0.000 -118.6844
497.525256 -0.000 -117.5258
501.130529 -0.000 -116.3716
504.761927 -0.000 -115.2221
508.419640 -0.000 -114.0773
512.103859 -0.000 -112.9373
515.814774 -0.000 -111.8021
519.552581 -0.000 -110.6717
523.317473 -0.000 -109.5463
527.109647 -0.000 -108.4259
530.929301 -0.000 -107.3105
534.776633 -0.000 -106.2003
538.651845 -0.000 -105.0951
542.555139 -0.000 -103.9951
546.486717 -0.000 -102.9003
550.446785 -0.000 -101.8106
554.435549 -0.000 -100.7263
558.453218 -0.000 -99.6472
562.500000 -0.000 -98.5734
566.576107 -0.000 -97.5048
570.681751 -0.000 -96.4416
574.817146 -0.000 -95.3837
578.982508 -0.000 -94.3312
583.178054 -0.000 -93.2840
587.404003 -0.000 -92.2421
591.660574 -0.000 -91.2055
595.947991 -0.000 -90.1743
600.266475 -0.000 -89.1485
604.616254 -0.000 -88.1279
608.997552 -0.000 -87.1126
613.410600 -0.000 -86.1027
617.855626 -0.000 -85.0980
622.332862 -0.000 -84.0986
626.842543 -0.000 -83.1044
631.384902 -0.000 -82.1155
635.960177 -0.000 -81.1317
640.568607 -0.000 -80.1531
645.210431 -0.000 -79.1797
649.885892 -0.000 -78.2114
654.595233 -0.000 -77.2482
659.338700 -0.000 -76.2899
664.116540 -0.000 -75.3368
668.929002 -0.000 -74.3886
673.776337 -0.000 -73.4454
678.658799 -0.000 -72.5071
683.576640 -0.000 -71.5736
688.530118 -0.000 -70.6451
693.519491 -0.000 -69.7212
698.545019 -0.000 -68.8021
703.606964 -0.000 -67.8877
708.705591 -0.000 -66.9780
713.841163 -0.000 -66.0729
719.013951 -0.000 -65.1724
724.224222 -0.000 -64.2763
729.472249 -0.000 -63.3848
734.758306 -0.000 -62.4976
740.082668 -0.000 -61.6149
745.445612 -0.000 -60.7364
750.847418 -0.000 -59.8622
756.288368 -0.000 -58.9922
761.768745 -0.000 -58.1264
767.288835 -0.000 -57.2647
772.848927 -0.000 -56.4071
778.449309 -0.000 -55.5535
784.090273 -0.000 -54.7038
789.772115 -0.000 -53.8580
795.495129 -0.000 -53.0160
801.259614 -0.000 -52.1779
807.065872 -0.000 -51.3434
812.914204 -0.000 -50.5127
818.804915 -0.000 -49.6855
824.738313 -0.000 -48.8619
830.714707 -0.000 -48.0418
836.734408 -0.000 -47.2252
842.797731 -0.000 -46.4119
848.904991 -0.000 -45.6020
855.056506 -0.000 -44.7953
861.252598 -0.000 -43.9918
867.493589 -0.000 -43.1916
873.779805 -0.000 -42.3943
880.111574 -0.000 -41.6002
886.489225 -0.000 -40.8090
892.913092 -0.000 -40.0208
899.383508 -0.000 -39.2354
905.900812 -0.000 -38.4528
912.465342 -0.000 -37.6730
919.077442 -0.000 -36.8958
925.737456 -0.000 -36.1213
932.445732 -0.000 -35.3494
939.202618 -0.000 -34.5800
946.008467 -0.000 -33.8130
952.863634 -0.000 -33.0485
959.768477 -0.000 -32.2863
966.723355 -0.000 -31.5263
973.728631 -0.000 -30.7686
980.784670 -0.000 -30.0131
987.891840 -0.000 -29.2596
995.050512 -0.000 -28.5082
1002.261058 -0.000 -27.7588
1009.523855 -0.000 -27.0114
1016.839281 -0.000 -26.2657
1024.207717 -0.000 -25.5220
1031.629549 -0.000 -24.7799
1039.105162 -0.000 -24.0396
1046.634946 -0.000 -23.3009
1054.219294 -0.000 -22.5638
1061.858602 -0.000 -21.8282
1069.553267 -0.000 -21.0941
1077.303691 -0.000 -20.3615
1085.110277 -0.000 -19.6301
1092.973434 -0.000 -18.9001
1100.893570 -0.000 -18.1713
1108.871098 -0.000 -17.4437
1116.906436 -0.000 -16.7173
1125.000000 -0.000 -15.9918
1133.152214 -0.000 -15.2675
1141.363502 -0.000 -14.5439
1149.634292 -0.000 -13.8214
1157.965016 -0.000 -13.0997
1166.356108 -0.000 -12.3788
1174.808005 -0.000 -11.6586
1183.321148 -0.000 -10.9390
1191.895981 -0.000 -10.2201
1200.532951 -0.000 -9.5017
1209.232507 -0.000 -8.7839
1217.995105 -0.000 -8.0664
1226.821199 -0.000 -7.3494
1235.711251 -0.000 -6.6327
1244.665724 -0.000 -5.9163
1253.685085 -0.000 -5.2000
1262.769804 -0.000 -4.4839
1271.920355 -0.000 -3.7679
1281.137214 -0.000 -3.0520
1290.420862 -0.000 -2.3361
1299.771784 -0.000 -1.6200
1309.190466 -0.000 -0.9039
1318.677400 -0.000 -0.1876
1328.233080 -0.000 0.5290
1337.858004 -0.000 1.2458
1347.552675 -0.000 1.9631
1357.317597 -0.000 2.6807
1367.153280 -0.000 3.3988
1377.060236 -0.000 4.1174
1387.038982 -0.000 4.8367
1397.090039 -0.000 5.5565
1407.213929 -0.000 6.2770
1417.411181 -0.000 6.9983
1427.682327 -0.000 7.7204
1438.027902 -0.000 8.4434
1448.448444 -0.000 9.1672
1458.944499 -0.000 9.8921
1469.516612 -0.000 10.6180
1480.165335 -0.000 11.3450
1490.891224 -0.000 12.0731
1501.694836 -0.000 12.8025
1512.576736 -0.000 13.5331
1523.537490 -0.000 14.2650
1534.577671 -0.000 14.9983
1545.697853 -0.000 15.7331
1556.898617 -0.000 16.4694
1568.180546 -0.000 17.2071
1579.544229 -0.000 17.9465
1590.990258 -0.000 18.6875
1602.519229 -0.000 19.4303
1614.131744 -0.000 20.1749
1625.828408 -0.000 20.9213
1637.609831 -0.000 21.6696
1649.476627 -0.000 22.4197
1661.429414 -0.000 23.1719
1673.468817 -0.000 23.9262
1685.595461 -0.000 24.6826
1697.809981 -0.000 25.4412
1710.113012 -0.000 26.2019
1722.505196 -0.000 26.9650
1734.987179 -0.000 27.7303
1747.559611 -0.000 28.4982
1760.223148 -0.000 29.2684
1772.978451 -0.000 30.0411
1785.826183 -0.000 30.8164
1798.767016 -0.000 31.5944
1811.801623 -0.000 32.3749
1824.930685 -0.000 33.1582
1838.154885 -0.000 33.9442
1851.474913 -0.000 34.7331
1864.891463 -0.000 35.5248
1878.405236 -0.000 36.3196
1892.016934 -0.000 37.1172
1905.727269 -0.000 37.9178
1919.536954 -0.000 38.7217
1933.446710 -0.000 39.5286
1947.457262 -0.000 40.3386
1961.569340 -0.000 41.1520
1975.783680 -0.000 41.9686
1990.101023 -0.000 42.7885
2004.522116 -0.000 43.6118
2019.047709 -0.000 44.4385
2033.678561 -0.000 45.2687
2048.415435 -0.000 46.1024
2063.259097 -0.000 46.9396
2078.210323 -0.000 47.7804
2093.269892 -0.000 48.6249
2108.438588 -0.000 49.4730
2123.717204 -0.000 50.3248
2139.106534 -0.000 51.1804
2154.607382 -0.000 52.0399
2170.220555 -0.000 52.9031
2185.946868 -0.000 53.7701
2201.787140 -0.000 54.6411
2217.742197 -0.000 55.5160
2233.812871 -0.000 56.3948
2250.000000 -0.000 57.2776
2266.304428 -0.000 58.1646
2282.727004 -0.000 59.0554
2299.268584 -0.000 59.9503
2315.930032 -0.000 60.8492
2332.712216 -0.000 61.7524
2349.616010 -0.000 62.6595
2366.642297 -0.000 63.5709
2383.791962 -0.000 64.4865
2401.065902 -0.000 65.4060
2418.465015 -0.000 66.3298
2435.990209 -0.000 67.2578
2453.642398 -0.000 68.1899
2471.422503 -0.000 69.1262
2489.331449 -0.000 70.0667
2507.370171 -0.000 71.0114
2525.539609 -0.000 71.9601
2543.840710 -0.000 72.9131
2562.274428 -0.000 73.8702
2580.841725 -0.000 74.8314
2599.543568 -0.000 75.7968
2618.380932 -0.000 76.7662
2637.354800 -0.000 77.7397
2656.466160 -0.000 78.7172
2675.716009 -0.000 79.6987
2695.105350 -0.000 80.6842
2714.635194 -0.000 81.6736
2734.306560 -0.000 82.6669
2754.120472 -0.000 83.6641
2774.077965 -0.000 84.6650
2794.180077 -0.000 85.6697
2814.427858 -0.000 86.6780
2834.822362 -0.000 87.6901
2855.364654 -0.000 88.7056
2876.055803 -0.000 89.7247
2896.896889 -0.000 90.7471
2917.888998 -0.000 91.7729
2939.033224 -0.000 92.8021
2960.330671 -0.000 93.8345
2981.782447 -0.000 94.8699
3003.389672 -0.000 95.9083
3025.153472 -0.000 96.9496
3047.074981 -0.000 97.9938
3069.155342 -0.000 99.0406
3091.395707 -0.000 100.0901
3113.797234 -0.000 101.1421
3136.361093 -0.000 102.1965
3159.088458 -0.000 103.2531
3181.980515 -0.000 104.3119
3205.038458 -0.000 105.3727
3228.263488 -0.000 106.4354
3251.656816 -0.000 107.4998
3275.219661 -0.000 108.5658
3298.953253 -0.000 109.6334
3322.858828 -0.000 110.7023
3346.937633 -0.000 111.7723
3371.190923 -0.000 112.8434
3395.619962 -0.000 113.9154
3420.226024 -0.000 114.9880
3445.010392 -0.000 116.0613
3469.974357 -0.000 117.1349
3495.119222 -0.000 118.2088
3520.446296 -0.000 119.2828
3545.956901 -0.000 120.3566
3571.652367 -0.000 121.4302
3597.534032 -0.000 122.5033
3623.603247 -0.000 123.5758
3649.861370 -0.000 124.6475
3676.309770 -0.000 125.7181
3702.949826 -0.000 126.7877
3729.782927 -0.000 127.8558
3756.810471 -0.000 128.9224
3784.033869 -0.000 129.9873
3811.454538 -0.000 131.0503
3839.073909 -0.000 132.1112
3866.893421 -0.000 133.1698
3894.914525 -0.000 134.2258
3923.138681 -0.000 135.2793
3951.567361 -0.000 136.3299
3980.202047 -0.000 137.3774
4009.044232 -0.000 138.4218
4038.095419 -0.000 139.4626
4067.357123 -0.000 140.4999
4096.830869 -0.000 141.5334
4126.518194 -0.000 142.5629
4156.420646 -0.000 143.5883
4186.539784 -0.000 144.6093
4216.877177 -0.000 145.6259
4247.434407 -0.000 146.6376
4278.213068 -0.000 147.6446
4309.214763 -0.000 148.6465
4340.441110 -0.000 149.6432
4371.893735 -0.000 150.6345
4403.574279 -0.000 151.6202
4435.484394 -0.000 152.6002
4467.625742 -0.000 153.5743
4500.000000 -0.000 154.5424
4532.608855 -0.000 155.5043
4565.454007 -0.000 156.4599
4598.537169 -0.000 157.4089
4631.860065 -0.000 158.3513
4665.424432 -0.000 159.2869
4699.232021 -0.000 160.2156
4733.284593 -0.000 161.1372
4767.583925 -0.000 162.0516
4802.131803 -0.000 162.9587
4836.930030 -0.000 163.8583
4871.980419 -0.000 164.7504
4907.284797 -0.000 165.6347
4942.845006 -0.000 166.5113
4978.662898 -0.000 167.3799
5014.740342 -0.000 168.2404
5051.079217 -0.000 169.0929
5087.681420 -0.000 169.9371
5124.548856 -0.000 170.7730
5161.683450 -0.000 171.6004
5199.087136 -0.000 172.4194
5236.761864 -0.000 173.2297
5274.709600 -0.000 174.0314
5312.932320 -0.000 174.8243
5351.432018 -0.000 175.6083
5390.210700 -0.000 176.3834
5429.270389 -0.000 177.1495
5468.613120 -0.000 177.9067
5508.240945 -0.000 178.6547
5548.155929 -0.000 179.3936
5588.360154 -0.000 -179.8768
5628.855716 -0.000 -179.1564
5669.644725 -0.000 -178.4454
5710.729307 -0.000 -177.7437
5752.111606 -0.000 -177.0514
5793.793778 -0.000 -176.3687
5835.777996 -0.000 -175.6953
5878.066449 -0.000 -175.0314
5920.661342 -0.000 -174.3771
5963.564894 -0.000 -173.7324
6006.779344 -0.000 -173.0973
6050.306943 -0.000 -172.4718
6094.149961 -0.000 -171.8560
6138.310684 -0.000 -171.2498
6182.791414 -0.000 -170.6533
6227.594469 -0.000 -170.0665
6272.722186 -0.000 -169.4895
6318.176916 -0.000 -168.9221
6363.961031 -0.000 -168.3644
6410.076916 -0.000 -167.8165
6456.526975 -0.000 -167.2784
6503.313631 -0.000 -166.7500
6550.439323 -0.000 -166.2313
6597.906506 -0.000 -165.7224
6645.717657 -0.000 -165.2232
6693.875266 -0.000 -164.7338
6742.381846 -0.000 -164.2540
6791.239924 -0.000 -163.7841
6840.452048 -0.000 -163.3239
6890.020784 -0.000 -162.8733
6939.948714 -0.000 -162.4325
6990.238444 -0.000 -162.0013
7040.892593 -0.000 -161.5799
7091.913803 -0.000 -161.1682
7143.304734 -0.000 -160.7660
7195.068065 -0.000 -160.3735
7247.206494 -0.000 -159.9907
7299.722739 -0.000 -159.6175
7352.619540 -0.000 -159.2538
7405.899652 -0.000 -158.8998
7459.565853 -0.000 -158.5554
7513.620943 -0.000 -158.2205
7568.067737 -0.000 -157.8951
7622.909076 -0.000 -157.5792
7678.147817 -0.000 -157.2728
7733.786842 0.000 -156.9760
7789.829049 -0.000 -156.6885
7846.277361 -0.000 -156.4105
7903.134722 -0.000 -156.1419
7960.404094 -0.000 -155.8827
8018.088463 -0.000 -155.6329
8076.190838 -0.000 -155.3925
8134.714246 -0.000 -155.1614
8193.661738 -0.000 -154.9396
8253.036389 -0.000 -154.7272
8312.841293 0.000 -154.5239
8373.079567 0.000 -154.3300
8433.754353 0.000 -154.1453
8494.868814 -0.000 -153.9697
8556.426135 -0.000 -153.8035
8618.429526 -0.000 -153.6464
8680.882219 0.000 -153.4984
8743.787470 -0.000 -153.3596
8807.148559 -0.000 -153.2299
8870.968788 -0.000 -153.1094
8935.251484 -0.000 -152.9979
9000.000000 -0.000 -152.8954
9065.217710 -0.000 -152.8021
9130.908014 -0.000 -152.7178
9197.074338 -0.000 -152.6425
9263.720130 -0.000 -152.5762
9330.848865 -0.000 -152.5188
9398.464042 -0.000 -152.4705
9466.569187 -0.000 -152.4310
9535.167849 -0.000 -152.4006
9604.263606 -0.000 -152.3790
9673.860059 -0.000 -152.3665
9743.960837 -0.000 -152.3627
9814.569594 -0.000 -152.3679
9885.690011 -0.000 -152.3818
9957.325796 -0.000 -152.4048
10029.480683 -0.000 -152.4365
10102.158435 -0.000 -152.4771
10175.362839 -0.000 -152.5264
10249.097713 -0.000 -152.5847
10323.366900 -0.000 -152.6517
10398.174272 -0.000 -152.7275
10473.523729 -0.000 -152.8121
10549.419199 -0.000 -152.9054
10625.864640 -0.000 -153.0076
10702.864035 -0.000 -153.1185
10780.421400 -0.000 -153.2381
10858.540777 -0.000 -153.3666
10937.226240 -0.000 -153.5038
11016.481890 -0.000 -153.6497
11096.311859 -0.000 -153.8043
11176.720309 -0.000 -153.9677
11257.711431 -0.000 -154.1398
11339.289449 0.000 -154.3206
11421.458615 0.000 -154.5102
11504.223212 -0.000 -154.7085
11587.587556 -0.000 -154.9155
11671.555992 -0.000 -155.1312
11756.132898 -0.000 -155.3557
11841.322683 -0.000 -155.5889
11927.129788 -0.000 -155.8308
12013.558688 0.000 -156.0815
12100.613886 0.000 -156.3408
12188.299922 0.000 -156.6089
12276.621368 0.000 -156.8857
12365.582827 -0.000 -157.1713
12455.188938 0.000 -157.4657
12545.444371 0.000 -157.7687
12636.353832 -0.000 -158.0806
12727.922061 -0.000 -158.4012
12820.153831 -0.000 -158.7306
12913.053951 -0.000 -159.0687
13006.627263 -0.000 -159.4158
13100.878646 -0.000 -159.7715
13195.813013 0.000 -160.1360
13291.435313 0.000 -160.5094
13387.750533 0.000 -160.8915
13484.763692 0.000 -161.2827
13582.479848 0.000 -161.6825
13680.904096 0.000 -162.0912
13780.041567 0.000 -162.5090
13879.897429 0.000 -162.9355
13980.476887 0.000 -163.3709
14081.785186 0.000 -163.8153
14183.827606 0.000 -164.2687
14286.609468 0.000 -164.7309
14390.136129 0.000 -165.2021
14494.412988 0.000 -165.6823
14599.445479 0.000 -166.1715
14705.239079 0.000 -166.6698
14811.799303 0.000 -167.1771
14919.131707 0.000 -167.6934
15027.241885 -0.000 -168.2188
15136.135475 0.000 -168.7534
15245.818152 0.000 -169.2971
15356.295635 0.000 -169.8499
15467.573683 0.000 -170.4119
15579.658098 -0.000 -170.9830
15692.554723 -0.000 -171.5635
15806.269443 -0.000 -172.1531
15920.808187 0.000 -172.7520
16036.176927 -0.000 -173.3602
16152.381675 -0.000 -173.9777
16269.428491 0.000 -174.6045
16387.323477 0.000 -175.2408
16506.072778 0.000 -175.8864
16625.682585 0.000 -176.5414
16746.159135 0.000 -177.2061
16867.508707 0.000 -177.8800
16989.737628 0.000 -178.5635
17112.852271 0.000 -179.2566
17236.859053 0.000 -179.9592
17361.764439 0.000 179.3285
17487.574941 0.000 178.6066
17614.297118 0.000 177.8750
17741.937576 0.000 177.1337
17870.502969 -0.000 176.3826
18000.000000 -0.000 175.6218
18130.435420 -0.000 174.8511
18261.816029 -0.000 174.0706
18394.148676 -0.000 173.2803
18527.440260 -0.000 172.4799
18661.697729 -0.000 171.6696
18796.928084 -0.000 170.8494
18933.138373 0.000 170.0190
19070.335698 0.000 169.1786
19208.527212 0.000 168.3281
19347.720119 0.000 167.4674
19487.921674 -0.000 166.5965
19629.139188 -0.000 165.7153
19771.380022 -0.000 164.8239
19914.651592 -0.000 163.9221
20058.961367 -0.000 163.0100
20204.316870 -0.000 162.0875
20350.725678 -0.000 161.1544
20498.195426 -0.000 160.2109
20646.733800 -0.000 159.2567
20796.348544 -0.000 158.2921
20947.047458 -0.000 157.3167
21098.838399 -0.000 156.3306
21251.729279 -0.000 155.3337
21405.728070 -0.000 154.3262
21560.842800 0.000 153.3077
21717.081554 -0.000 152.2784
21874.452480 -0.000 151.2380
22032.963779 -0.000 150.1868
22192.623718 -0.000 149.1244
22353.440617 -0.000 148.0509
22515.422863 -0.000 146.9663
22678.578898 -0.000 145.8704
22842.917229 -0.000 144.7633
23008.446424 -0.000 143.6449
23175.175112 -0.000 142.5157
23343.111984 -0.003 141.3835
23512.265796 -0.019 140.3057
23682.645366 -0.082 139.4598
23854.259577 -0.243 138.9733
24027.117375 -0.403 138.7603
