* Measurement data measured by REW V5.40 beta 100
* Source: 
* Format: 
* Dated: Sep 23, 2025 2:37:02 PM
* REW Settings:
*  C-weighting compensation: Off
*  Target level: 75.0 dB
* Note: ; 
* Measurement: FRX+2dB-trimmed
* Smoothing: 1/48 octave
* Frequency Step: 96 ppo
* Start Frequency: 1.0986328 Hz
*
* Freq(Hz) SPL(dB) Phase(degrees)
1.098633 -0.010 0.7210
1.106594 -0.010 0.7263
1.114613 -0.010 0.7316
1.122690 -0.009 0.7369
1.130825 -0.009 0.7423
1.139020 -0.008 0.7477
1.147273 -0.008 0.7530
1.155587 -0.007 0.7585
1.163961 -0.007 0.7639
1.172395 -0.006 0.7693
1.180891 -0.006 0.7748
1.189448 -0.005 0.7803
1.198068 -0.005 0.7858
1.206749 -0.004 0.7914
1.215494 -0.004 0.7969
1.224302 -0.003 0.8025
1.233174 -0.003 0.8081
1.242110 -0.002 0.8138
1.251111 -0.002 0.8195
1.260177 -0.001 0.8252
1.269308 -0.001 0.8309
1.278506 -0.000 0.8367
1.287771 0.000 0.8425
1.297103 0.001 0.8483
1.306502 0.001 0.8542
1.315969 0.002 0.8602
1.325505 0.002 0.8661
1.335111 0.003 0.8721
1.344785 0.004 0.8782
1.354530 0.004 0.8843
1.364346 0.005 0.8905
1.374232 0.005 0.8967
1.384191 0.006 0.9029
1.394221 0.006 0.9092
1.404324 0.007 0.9156
1.414500 0.008 0.9220
1.424750 0.008 0.9285
1.435075 0.009 0.9351
1.445474 0.009 0.9417
1.455948 0.010 0.9484
1.466499 0.010 0.9552
1.477126 0.010 0.9620
1.487830 0.010 0.9689
1.498611 0.010 0.9759
1.509471 0.010 0.9829
1.520409 0.009 0.9899
1.531426 0.009 0.9970
1.542524 0.008 1.0042
1.553701 0.007 1.0114
1.564960 0.007 1.0187
1.576301 0.006 1.0261
1.587723 0.005 1.0335
1.599228 0.004 1.0409
1.610817 0.003 1.0484
1.622490 0.002 1.0560
1.634247 0.001 1.0636
1.646089 0.000 1.0713
1.658018 -0.001 1.0791
1.670032 -0.002 1.0869
1.682134 -0.003 1.0948
1.694323 -0.004 1.1027
1.706601 -0.005 1.1107
1.718968 -0.006 1.1187
1.731424 -0.007 1.1268
1.743971 -0.007 1.1350
1.756608 -0.008 1.1432
1.769338 -0.009 1.1515
1.782159 -0.009 1.1598
1.795073 -0.010 1.1682
1.808081 -0.010 1.1767
1.821183 -0.010 1.1852
1.834380 -0.010 1.1938
1.847673 -0.010 1.2025
1.861062 -0.010 1.2112
1.874548 -0.010 1.2200
1.888132 -0.009 1.2288
1.901814 -0.008 1.2377
1.915595 -0.008 1.2467
1.929476 -0.007 1.2557
1.943458 -0.006 1.2649
1.957541 -0.005 1.2740
1.971726 -0.004 1.2833
1.986014 -0.002 1.2926
2.000406 -0.001 1.3020
2.014901 0.000 1.3115
2.029502 0.001 1.3210
2.044209 0.002 1.3306
2.059022 0.004 1.3403
2.073943 0.005 1.3500
2.088971 0.006 1.3598
2.104109 0.007 1.3697
2.119356 0.008 1.3797
2.134714 0.009 1.3897
2.150183 0.009 1.3998
2.165764 0.010 1.4100
2.181458 0.010 1.4203
2.197266 0.010 1.4306
2.213188 0.010 1.4410
2.229226 0.010 1.4515
2.245379 0.009 1.4621
2.261650 0.009 1.4727
2.278039 0.008 1.4835
2.294547 0.007 1.4943
2.311174 0.006 1.5052
2.327922 0.004 1.5161
2.344791 0.003 1.5272
2.361782 0.002 1.5383
2.378897 0.000 1.5495
2.396135 -0.001 1.5608
2.413499 -0.003 1.5722
2.430988 -0.004 1.5836
2.448604 -0.005 1.5952
2.466347 -0.007 1.6068
2.484219 -0.008 1.6186
2.502221 -0.009 1.6304
2.520353 -0.009 1.6423
2.538617 -0.010 1.6543
2.557013 -0.010 1.6664
2.575542 -0.010 1.6786
2.594205 -0.010 1.6909
2.613004 -0.009 1.7033
2.631939 -0.008 1.7158
2.651011 -0.007 1.7284
2.670221 -0.006 1.7411
2.689571 -0.005 1.7539
2.709061 -0.003 1.7668
2.728691 -0.002 1.7798
2.748465 0.000 1.7929
2.768381 0.002 1.8061
2.788442 0.003 1.8194
2.808648 0.005 1.8328
2.829001 0.006 1.8463
2.849501 0.008 1.8598
2.870150 0.009 1.8735
2.890948 0.010 1.8873
2.911897 0.010 1.9011
2.932998 0.010 1.9150
2.954251 0.010 1.9290
2.975659 0.009 1.9432
2.997222 0.008 1.9574
3.018941 0.007 1.9716
3.040818 0.006 1.9860
3.062853 0.004 2.0005
3.085047 0.002 2.0151
3.107403 0.000 2.0298
3.129920 -0.001 2.0446
3.152601 -0.003 2.0595
3.175446 -0.005 2.0746
3.198457 -0.007 2.0897
3.221634 -0.008 2.1050
3.244979 -0.009 2.1204
3.268494 -0.010 2.1359
3.292179 -0.010 2.1516
3.316035 -0.010 2.1674
3.340064 -0.009 2.1833
3.364268 -0.008 2.1994
3.388647 -0.007 2.2156
3.413202 -0.005 2.2320
3.437936 -0.003 2.2484
3.462849 -0.001 2.2650
3.487942 0.001 2.2818
3.513217 0.003 2.2986
3.538675 0.005 2.3156
3.564318 0.006 2.3327
3.590146 0.008 2.3499
3.616162 0.009 2.3672
3.642366 0.010 2.3847
3.668760 0.010 2.4023
3.695346 0.010 2.4200
3.722124 0.009 2.4378
3.749096 0.007 2.4557
3.776263 0.005 2.4738
3.803627 0.003 2.4920
3.831190 0.001 2.5103
3.858953 -0.001 2.5288
3.886916 -0.003 2.5474
3.915082 -0.005 2.5662
3.943453 -0.007 2.5851
3.972028 -0.009 2.6041
4.000811 -0.010 2.6233
4.029803 -0.010 2.6427
4.059005 -0.009 2.6622
4.088418 -0.008 2.6819
4.118044 -0.007 2.7017
4.147885 -0.005 2.7217
4.177942 -0.003 2.7419
4.208218 -0.000 2.7622
4.238712 0.002 2.7826
4.269427 0.004 2.8033
4.300366 0.007 2.8241
4.331528 0.008 2.8450
4.362916 0.009 2.8661
4.394531 0.010 2.8874
4.426376 0.009 2.9088
4.458451 0.008 2.9304
4.490759 0.006 2.9521
4.523301 0.004 2.9740
4.556079 0.002 2.9961
4.589094 -0.001 3.0184
4.622348 -0.003 3.0408
4.655844 -0.006 3.0634
4.689582 -0.008 3.0862
4.723564 -0.009 3.1091
4.757793 -0.010 3.1323
4.792270 -0.009 3.1556
4.826997 -0.008 3.1791
4.861975 -0.006 3.2028
4.897207 -0.004 3.2267
4.932695 -0.001 3.2507
4.968439 0.002 3.2750
5.004442 0.005 3.2994
5.040706 0.007 3.3240
5.077234 0.009 3.3489
5.114025 0.009 3.3739
5.151084 0.009 3.3991
5.188410 0.008 3.4246
5.226008 0.006 3.4502
5.263878 0.004 3.4761
5.302022 0.001 3.5021
5.340442 -0.002 3.5284
5.379142 -0.005 3.5549
5.418121 -0.007 3.5816
5.457383 -0.009 3.6085
5.496929 -0.009 3.6356
5.536762 -0.009 3.6629
5.576884 -0.007 3.6905
5.617296 -0.004 3.7183
5.658002 -0.001 3.7462
5.699002 0.002 3.7745
5.740299 0.005 3.8029
5.781896 0.007 3.8316
5.823794 0.009 3.8605
5.865995 0.009 3.8897
5.908503 0.008 3.9191
5.951318 0.006 3.9488
5.994444 0.004 3.9787
6.037882 0.000 4.0088
6.081635 -0.003 4.0392
6.125705 -0.006 4.0698
6.170095 -0.008 4.1007
6.214806 -0.009 4.1319
6.259841 -0.009 4.1633
6.305202 -0.007 4.1950
6.350892 -0.004 4.2270
6.396913 -0.001 4.2592
6.443268 0.002 4.2917
6.489959 0.006 4.3244
6.536988 0.008 4.3575
6.584357 0.009 4.3908
6.632070 0.008 4.4245
6.680129 0.006 4.4584
6.728536 0.003 4.4926
6.777294 -0.000 4.5271
6.826405 -0.004 4.5619
6.875872 -0.006 4.5970
6.925697 -0.008 4.6324
6.975884 -0.009 4.6681
7.026434 -0.007 4.7041
7.077350 -0.004 4.7404
7.128635 -0.001 4.7771
7.180293 0.003 4.8140
7.232324 0.006 4.8513
7.284732 0.008 4.8890
7.337520 0.008 4.9270
7.390691 0.007 4.9653
7.444247 0.004 5.0040
7.498191 0.001 5.0430
7.552526 -0.003 5.0824
7.607255 -0.006 5.1222
7.662380 -0.008 5.1623
7.717905 -0.008 5.2028
7.773832 -0.006 5.2436
7.830165 -0.003 5.2849
7.886905 0.001 5.3265
7.944057 0.004 5.3685
8.001623 0.007 5.4109
8.059606 0.008 5.4537
8.118009 0.007 5.4969
8.176836 0.004 5.5405
8.236088 0.000 5.5846
8.295770 -0.003 5.6291
8.355885 -0.007 5.6740
8.416435 -0.008 5.7194
8.477424 -0.007 5.7652
8.538855 -0.004 5.8114
8.600731 -0.000 5.8582
8.663055 0.003 5.9054
8.725832 0.006 5.9530
8.789063 0.008 6.0012
8.852752 0.007 6.0499
8.916902 0.003 6.0990
8.981518 -0.000 6.1487
9.046602 -0.004 6.1988
9.112157 -0.007 6.2495
9.178188 -0.007 6.3008
9.244696 -0.005 6.3527
9.311687 -0.002 6.4050
9.379164 0.002 6.4580
9.447129 0.006 6.5115
9.515587 0.007 6.5657
9.584541 0.006 6.6204
9.653994 0.003 6.6758
9.723951 -0.001 6.7317
9.794415 -0.005 6.7883
9.865389 -0.007 6.8457
9.936878 -0.006 6.9037
10.008884 -0.004 6.9623
10.081413 0.000 7.0217
10.154467 0.004 7.0818
10.228051 0.006 7.1427
10.302167 0.006 7.2043
10.376821 0.003 7.2667
10.452016 -0.001 7.3298
10.527755 -0.004 7.3938
10.604044 -0.006 7.4587
10.680885 -0.006 7.5244
10.758283 -0.002 7.5911
10.836242 0.002 7.6587
10.914766 0.005 7.7272
10.993859 0.006 7.7967
11.073525 0.005 7.8672
11.153768 0.001 7.9387
11.234593 -0.003 8.0112
11.316003 -0.005 8.0850
11.398004 -0.005 8.1599
11.480599 -0.003 8.2360
11.563792 0.001 8.3133
11.647588 0.004 8.3919
11.731991 0.005 8.4721
11.817006 0.004 8.5536
11.902637 0.000 8.6366
11.988888 -0.003 8.7211
12.075764 -0.005 8.8073
12.163270 -0.004 8.8949
12.251411 -0.001 8.9840
12.340189 0.003 9.0751
12.429611 0.005 9.1685
12.519681 0.004 9.2646
12.610404 0.001 9.3632
12.701784 -0.002 9.4642
12.793827 -0.004 9.5678
12.886536 -0.004 9.6736
12.979917 -0.001 9.7814
13.073975 0.002 9.8924
13.168715 0.004 10.0081
13.264140 0.003 10.1278
13.360258 0.001 10.2506
13.457072 -0.002 10.3805
13.554587 -0.003 10.5217
13.652809 -0.003 10.6759
13.751743 -0.001 10.8410
13.851394 0.003 11.0150
13.951767 0.007 11.1965
14.052867 0.011 11.3911
14.154700 0.017 11.5921
14.257271 0.027 11.7892
14.360585 0.043 11.9773
14.464648 0.064 12.1622
14.569465 0.087 12.3386
14.675041 0.108 12.5010
14.781382 0.126 12.6482
14.888494 0.144 12.7833
14.996382 0.163 12.9092
15.105052 0.187 13.0259
15.214510 0.213 13.1319
15.324760 0.238 13.2319
15.435810 0.259 13.3298
15.547664 0.275 13.4235
15.660329 0.290 13.5135
15.773810 0.309 13.6012
15.888114 0.333 13.6867
16.003246 0.359 13.7693
16.119212 0.383 13.8479
16.236018 0.401 13.9220
16.353671 0.418 13.9923
16.472176 0.436 14.0598
16.591541 0.458 14.1249
16.711770 0.483 14.1872
16.832870 0.506 14.2473
16.954848 0.525 14.3056
17.077710 0.542 14.3618
17.201462 0.560 14.4145
17.326111 0.584 14.4629
17.451663 0.609 14.5074
17.578125 0.633 14.5488
17.705503 0.651 14.5867
17.833805 0.667 14.6215
17.963036 0.686 14.6544
18.093203 0.710 14.6859
18.224314 0.735 14.7151
18.356375 0.756 14.7417
18.489393 0.773 14.7658
18.623375 0.790 14.7868
18.758327 0.812 14.8042
18.894258 0.837 14.8180
19.031174 0.861 14.8283
19.169081 0.879 14.8351
19.307988 0.896 14.8384
19.447902 0.915 14.8376
19.588829 0.940 14.8324
19.730778 0.965 14.8236
19.873756 0.984 14.8128
20.017769 1.000 14.7995
20.162826 1.019 14.7797
20.308934 1.044 14.7544
20.456101 1.070 14.7200
20.604334 1.090 14.6685
20.753642 1.105 14.6017
20.904031 1.123 14.5337
21.055511 1.146 14.4628
21.208087 1.166 14.3981
21.361770 1.173 14.3565
21.516566 1.175 14.3288
21.672484 1.195 14.2913
21.829532 1.233 14.2510
21.987718 1.270 14.1731
22.147050 1.292 14.0358
22.307536 1.310 13.8628
22.469186 1.335 13.6705
22.632007 1.361 13.4542
22.796008 1.382 13.2353
22.961197 1.397 13.0153
23.127583 1.415 12.6428
23.295175 1.437 12.0900
23.463982 1.446 11.4270
23.634011 1.430 10.5578
23.805273 1.382 9.8016
23.977776 1.209 9.4314
24.151529 1.002 9.3190
24.326541 0.860 9.5418
24.502821 0.793 9.8830
24.680379 0.814 9.7911
24.859223 0.834 9.5352
25.039363 0.679 9.4625
25.220808 0.401 9.6438
25.403569 0.128 10.7675
25.587654 -0.048 12.4716
25.773072 0.043 13.6541
25.959835 0.271 14.4024
26.147950 0.355 14.2910
26.337429 0.247 13.9740
26.528281 -0.118 15.0600
26.720516 -0.480 17.2976
26.914144 -0.449 20.9890
27.109175 -0.080 24.5005
27.305619 0.529 26.2506
27.503487 1.073 26.6264
27.702788 1.361 25.6034
27.903534 1.575 24.1427
28.105735 1.780 22.4046
28.309400 1.911 20.4878
28.514542 1.940 18.4364
28.721170 1.835 16.8189
28.929296 1.573 15.8961
29.138929 1.138 16.7426
29.350082 0.904 18.5571
29.562765 1.108 21.0190
29.776989 1.449 22.2911
29.992765 1.772 22.3133
30.210105 1.929 21.4167
30.429020 1.979 20.2053
30.649521 1.997 19.2785
30.871620 2.000 18.6522
31.095328 1.998 18.3235
31.320658 2.000 18.0304
31.547620 2.002 17.7776
31.776228 1.998 17.5372
32.006491 1.998 17.3287
32.238423 2.001 17.1469
32.472036 2.003 16.9786
32.707342 1.999 16.8298
32.944353 1.993 16.6995
33.183081 2.001 16.5800
33.423540 2.004 16.4643
33.665740 1.998 16.3503
33.909696 2.000 16.2470
34.155420 2.001 16.1542
34.402924 1.999 16.0716
34.652222 2.000 15.9912
34.903326 2.001 15.9139
35.156250 2.000 15.8402
35.411007 2.000 15.7727
35.667609 2.000 15.7097
35.926072 2.000 15.6502
36.186407 2.000 15.5931
36.448628 2.000 15.5388
36.712750 2.000 15.4874
36.978786 1.999 15.4387
37.246749 2.001 15.3920
37.516655 2.000 15.3470
37.788516 1.999 15.3043
38.062347 2.001 15.2644
38.338162 1.999 15.2269
38.615977 2.000 15.1899
38.895804 2.001 15.1530
39.177659 1.999 15.1169
39.461556 2.000 15.0832
39.747511 2.000 15.0513
40.035538 2.000 15.0204
40.325652 2.000 14.9899
40.617868 2.000 14.9594
40.912202 2.000 14.9294
41.208669 2.001 14.9004
41.507284 2.000 14.8718
41.808063 1.998 14.8429
42.111021 2.003 14.8142
42.416175 1.996 14.7897
42.723540 2.000 14.7664
43.033132 2.001 14.7384
43.344968 2.000 14.7052
43.659064 2.001 14.6713
43.975435 1.999 14.6416
44.294099 2.001 14.6139
44.615073 1.999 14.5839
44.938372 2.001 14.5507
45.264014 2.000 14.5159
45.592016 2.000 14.4802
45.922394 2.000 14.4427
46.255167 2.000 14.4034
46.590351 2.000 14.3631
46.927964 2.000 14.3206
47.268023 2.000 14.2702
47.610547 2.002 14.2117
47.955552 1.998 14.1528
48.303058 1.999 14.0939
48.653082 2.000 14.0251
49.005642 1.999 13.9375
49.360757 2.000 13.8016
49.718446 1.989 13.5639
50.078726 1.958 13.2912
50.441617 1.906 13.2746
50.807138 1.831 13.7102
51.175307 1.867 14.2788
51.546145 1.938 14.4674
51.919669 1.980 14.2381
52.295901 1.995 13.9268
52.674858 1.999 13.7187
53.056562 2.000 13.5681
53.441032 2.000 13.4207
53.828287 2.000 13.2754
54.218349 2.000 13.1295
54.611238 2.000 12.9732
55.006973 2.000 12.8052
55.405577 2.000 12.6267
55.807068 2.000 12.4338
56.211469 2.000 12.2255
56.618801 2.000 12.0007
57.029084 2.000 11.7506
57.442340 2.001 11.4707
57.858591 1.999 11.1605
58.277858 2.001 10.8141
58.700164 1.999 10.4279
59.125529 2.000 9.9895
59.553977 2.001 9.4717
59.985530 2.000 8.8628
60.420210 1.999 8.1478
60.858039 1.998 7.2708
61.299042 1.993 6.1386
61.743240 1.965 4.5025
62.190657 1.864 1.9797
62.641316 1.579 -1.1364
63.095241 0.998 -3.2764
63.552455 0.280 -2.6632
64.012982 -0.231 0.0944
64.476847 -0.534 2.5077
64.944073 -0.771 3.7197
65.414684 -1.085 4.7471
65.888706 -1.476 7.0822
66.366163 -1.750 11.3027
66.847079 -1.774 16.6055
67.331481 -1.499 21.6010
67.819392 -1.005 25.2384
68.310840 -0.401 27.2424
68.805848 0.223 27.9975
69.304444 0.848 27.5464
69.806652 1.424 25.4130
70.312500 1.787 21.9935
70.822013 1.938 18.5282
71.335219 1.985 15.6648
71.852143 1.997 13.1790
72.372814 1.998 10.7099
72.897257 1.993 8.0011
73.425500 1.970 4.7297
73.957572 1.877 0.3424
74.493499 1.594 -5.4739
75.033309 0.938 -11.9024
75.577032 -0.158 -16.9719
76.124694 -1.578 -18.9560
76.676325 -3.115 -17.5224
77.231953 -4.631 -13.3550
77.791608 -6.047 -6.4660
78.355318 -7.202 4.0638
78.923113 -7.809 17.8042
79.495022 -7.681 32.0545
80.071076 -6.911 44.0324
80.651304 -5.767 52.5648
81.235736 -4.489 57.7893
81.824404 -3.237 60.0109
82.417337 -2.137 59.7158
83.014567 -1.259 57.8181
83.616125 -0.602 55.2038
84.222042 -0.149 52.3329
84.832350 0.116 49.5996
85.447080 0.235 47.7867
86.066265 0.342 47.5222
86.689936 0.588 48.1867
87.318127 0.980 48.4015
87.950871 1.425 47.1621
88.588199 1.764 44.4781
89.230145 1.926 41.5819
89.876744 1.982 39.3004
90.528028 1.996 37.5596
91.184031 1.999 36.1024
91.844788 2.000 34.8048
92.510333 2.000 33.6077
93.180701 2.000 32.4735
93.855927 2.000 31.3757
94.536046 2.000 30.2916
95.221093 2.000 29.2018
95.911104 2.000 28.0891
96.606116 2.000 26.9329
97.306164 2.000 25.7124
98.011284 2.000 24.4022
98.721514 2.000 22.9693
99.436891 1.999 21.3676
100.157452 1.995 19.5269
100.883234 1.978 17.2975
101.614275 1.912 14.3785
102.350614 1.720 10.6499
103.092289 1.333 7.1696
103.839338 0.849 5.4317
104.591801 0.454 4.6154
105.349716 0.140 2.9031
106.113124 -0.226 -0.2192
106.882063 -0.807 -4.2757
107.656575 -1.697 -7.5649
108.436699 -2.805 -8.0070
109.222476 -3.875 -5.0791
110.013947 -4.674 -1.0947
110.811153 -5.266 0.8447
111.614136 -5.939 1.0868
112.422939 -6.826 2.3598
113.237601 -7.819 6.3066
114.058168 -8.741 12.2797
114.884680 -9.522 18.7650
115.717182 -10.191 25.9521
116.555716 -10.688 35.0781
117.400327 -10.836 46.2780
118.251058 -10.523 57.4787
119.107954 -9.872 66.2445
119.971060 -9.091 72.4405
120.840419 -8.264 77.5369
121.716079 -7.299 82.8979
122.598084 -6.098 87.7426
123.486480 -4.766 89.6887
124.381314 -3.566 87.3791
125.282632 -2.746 81.7724
126.190482 -2.411 74.9113
127.104910 -2.554 68.8216
128.025965 -3.051 65.3863
128.953694 -3.665 65.6209
129.888145 -4.128 68.9339
130.829368 -4.291 73.2232
131.777412 -4.205 76.7827
132.732325 -3.988 79.6052
133.694158 -3.648 82.6879
134.662961 -3.067 86.5802
135.638785 -2.208 89.3958
136.621679 -1.317 88.0468
137.611696 -0.710 83.3783
138.608887 -0.440 78.4477
139.613304 -0.423 73.9046
140.625000 -0.644 69.6865
141.644027 -1.055 67.1040
142.670438 -1.475 67.0391
143.704287 -1.716 68.2555
144.745627 -1.806 67.9654
145.794514 -2.016 65.1040
146.851001 -2.552 62.5150
147.915144 -3.297 63.2704
148.986998 -3.972 67.0509
150.066619 -4.403 71.8559
151.154063 -4.560 76.8750
152.249388 -4.480 81.2859
153.352650 -4.294 83.8737
154.463906 -4.134 85.4019
155.583216 -4.031 86.7077
156.710636 -4.025 87.1833
157.846226 -4.186 87.5371
158.990044 -4.477 89.4865
160.142152 -4.752 93.4943
161.302608 -4.869 98.9935
162.471473 -4.706 105.7868
163.648808 -4.159 113.1018
164.834675 -3.235 119.2797
166.029135 -2.049 123.2327
167.232251 -0.774 124.3302
168.444084 0.359 121.4935
169.664700 1.130 115.5775
170.894160 1.484 109.0822
172.132530 1.504 103.5814
173.379873 1.330 99.9726
174.636255 1.164 98.6890
175.901741 1.122 97.5180
177.176398 1.069 94.4673
178.460291 0.813 90.4958
179.753488 0.312 87.6697
181.056056 -0.303 87.3893
182.368062 -0.862 88.5846
183.689577 -1.344 89.6801
185.020667 -1.813 90.9686
186.361403 -2.277 93.1751
187.711854 -2.721 95.9077
189.072092 -3.171 98.8289
190.442186 -3.606 103.4769
191.822209 -3.821 111.1060
193.212232 -3.542 120.7350
194.612327 -2.693 129.5973
196.022568 -1.523 134.4404
197.443029 -0.416 134.2082
198.873782 0.391 131.0458
200.314904 0.873 127.2934
201.766468 1.110 124.2353
203.228551 1.211 122.0910
204.701229 1.243 120.5016
206.184578 1.238 119.3249
207.678677 1.204 118.3715
209.183602 1.128 117.4392
210.699433 0.994 116.7658
212.226248 0.834 117.0173
213.764127 0.703 117.8318
215.313149 0.623 118.9422
216.873397 0.631 120.7030
218.444951 0.745 122.1429
220.027894 0.887 122.3876
221.622306 0.974 122.0263
223.228273 0.992 121.7964
224.845877 0.962 121.7452
226.475203 0.907 121.9927
228.116336 0.867 122.8377
229.769361 0.868 123.6139
231.434364 0.871 123.8803
233.111433 0.835 123.9593
234.800654 0.747 124.1664
236.502117 0.648 125.1760
238.215909 0.616 127.0169
239.942119 0.667 128.3391
241.680839 0.727 128.8035
243.432158 0.751 129.1660
245.196168 0.746 129.6875
246.972960 0.730 130.3173
248.762628 0.710 131.0069
250.565264 0.690 131.7353
252.380964 0.669 132.4935
254.209820 0.648 133.2763
256.051929 0.627 134.0808
257.907387 0.606 134.9047
259.776290 0.585 135.7465
261.658736 0.565 136.6045
263.554824 0.544 137.4771
265.464650 0.523 138.3674
267.388317 0.502 139.2722
269.325923 0.481 140.1823
271.277569 0.459 141.0971
273.243358 0.434 142.0047
275.223392 0.403 142.8938
277.217775 0.366 143.8679
279.226609 0.338 145.0667
281.250000 0.324 146.1958
283.288053 0.308 147.0933
285.340875 0.272 147.9535
287.408573 0.225 149.0887
289.491254 0.199 150.5622
291.589027 0.200 151.8842
293.702001 0.207 152.9105
295.830287 0.202 153.8990
297.973995 0.187 154.9472
300.133238 0.168 156.0399
302.308127 0.148 157.1609
304.498776 0.127 158.3035
306.705300 0.106 159.4651
308.927813 0.085 160.6450
311.166431 0.064 161.8426
313.421271 0.042 163.0652
315.692451 0.022 164.3457
317.980089 0.009 165.6821
320.284304 0.002 167.0021
322.605216 0.001 168.2873
324.942946 0.000 169.5542
327.297617 0.000 170.8121
329.669350 0.000 172.0651
332.058270 0.000 173.3152
334.464501 0.000 174.5638
336.888169 0.000 175.8116
339.329399 0.000 177.0592
341.788320 0.000 178.3071
344.265059 0.000 179.5554
346.759746 0.000 -179.1956
349.272510 0.000 -177.9458
351.803482 0.000 -176.6951
354.352795 0.000 -175.4436
356.920582 0.000 -174.1912
359.506975 0.000 -172.9380
362.112111 0.000 -171.6840
364.736125 0.000 -170.4293
367.379153 0.000 -169.1740
370.041334 0.000 -167.9181
372.722806 0.000 -166.6618
375.423709 0.000 -165.4052
378.144184 0.000 -164.1485
380.884373 0.000 -162.8917
383.644418 0.000 -161.6349
386.424463 0.000 -160.3784
389.224654 0.000 -159.1222
392.045137 0.000 -157.8665
394.886057 0.000 -156.6115
397.747564 0.000 -155.3573
400.629807 0.000 -154.1040
403.532936 0.000 -152.8518
406.457102 -0.000 -151.6008
409.402458 -0.000 -150.3513
412.369157 0.000 -149.1032
415.357354 0.000 -147.8569
418.367204 0.000 -146.6124
421.398865 0.000 -145.3698
424.452495 0.000 -144.1294
427.528253 -0.000 -142.8912
430.626299 0.000 -141.6555
433.746795 -0.000 -140.4223
436.889903 0.000 -139.1918
440.055787 -0.000 -137.9641
443.244613 0.000 -136.7393
446.456546 -0.000 -135.5176
449.691754 0.000 -134.2991
452.950406 0.000 -133.0839
456.232671 0.000 -131.8722
459.538721 0.000 -130.6640
462.868728 0.000 -129.4595
466.222866 0.000 -128.2588
469.601309 0.000 -127.0620
473.004234 0.000 -125.8690
476.431817 0.000 -124.6803
479.884239 0.000 -123.4957
483.361678 0.000 -122.3154
486.864316 0.000 -121.1394
490.392335 0.000 -119.9679
493.945920 -0.000 -118.8009
497.525256 -0.000 -117.6385
501.130529 -0.000 -116.4808
504.761927 -0.000 -115.3279
508.419640 -0.000 -114.1797
512.103859 -0.000 -113.0364
515.814774 -0.000 -111.8980
519.552581 0.000 -110.7646
523.317473 0.000 -109.6363
527.109647 0.000 -108.5130
530.929301 0.000 -107.3949
534.776633 0.000 -106.2819
538.651845 0.000 -105.1741
542.555139 0.000 -104.0715
546.486717 -0.000 -102.9743
550.446785 -0.000 -101.8823
554.435549 0.000 -100.7956
558.453218 0.000 -99.7143
562.500000 0.000 -98.6383
566.576107 0.000 -97.5676
570.681751 -0.000 -96.5024
574.817146 -0.000 -95.4425
578.982508 0.000 -94.3880
583.178054 0.000 -93.3390
587.404003 -0.000 -92.2953
591.660574 -0.000 -91.2570
595.947991 -0.000 -90.2240
600.266475 -0.000 -89.1965
604.616254 -0.000 -88.1743
608.997552 -0.000 -87.1575
613.410600 -0.000 -86.1461
617.855626 -0.000 -85.1399
622.332862 0.000 -84.1391
626.842543 0.000 -83.1435
631.384902 -0.000 -82.1532
635.960177 -0.000 -81.1682
640.568607 -0.000 -80.1883
645.210431 -0.000 -79.2137
649.885892 -0.000 -78.2441
654.595233 -0.000 -77.2797
659.338700 0.000 -76.3204
664.116540 0.000 -75.3662
668.929002 0.000 -74.4169
673.776337 0.000 -73.4727
678.658799 -0.000 -72.5333
683.576640 0.000 -71.5989
688.530118 0.000 -70.6693
693.519491 -0.000 -69.7446
698.545019 -0.000 -68.8246
703.606964 0.000 -67.9094
708.705591 0.000 -66.9988
713.841163 0.000 -66.0928
719.013951 0.000 -65.1915
724.224222 -0.000 -64.2947
729.472249 -0.000 -63.4024
734.758306 -0.000 -62.5145
740.082668 -0.000 -61.6310
745.445612 -0.000 -60.7519
750.847418 -0.000 -59.8770
756.288368 -0.000 -59.0064
761.768745 -0.000 -58.1400
767.288835 -0.000 -57.2777
772.848927 -0.000 -56.4195
778.449309 -0.000 -55.5652
784.090273 -0.000 -54.7150
789.772115 -0.000 -53.8686
795.495129 -0.000 -53.0261
801.259614 -0.000 -52.1875
807.065872 -0.000 -51.3525
812.914204 -0.000 -50.5213
818.804915 -0.000 -49.6936
824.738313 -0.000 -48.8696
830.714707 -0.000 -48.0490
836.734408 -0.000 -47.2319
842.797731 -0.000 -46.4183
848.904991 -0.000 -45.6079
855.056506 -0.000 -44.8009
861.252598 -0.000 -43.9970
867.493589 -0.000 -43.1964
873.779805 -0.000 -42.3988
880.111574 -0.000 -41.6043
886.489225 -0.000 -40.8128
892.913092 -0.000 -40.0242
899.383508 -0.000 -39.2385
905.900812 -0.000 -38.4556
912.465342 -0.000 -37.6755
919.077442 -0.000 -36.8981
925.737456 -0.000 -36.1233
932.445732 -0.000 -35.3510
939.202618 -0.000 -34.5814
946.008467 -0.000 -33.8141
952.863634 -0.000 -33.0493
959.768477 -0.000 -32.2869
966.723355 -0.000 -31.5267
973.728631 -0.000 -30.7687
980.784670 -0.000 -30.0130
987.891840 -0.000 -29.2593
995.050512 -0.000 -28.5077
1002.261058 -0.000 -27.7581
1009.523855 -0.000 -27.0104
1016.839281 -0.000 -26.2646
1024.207717 -0.000 -25.5206
1031.629549 -0.000 -24.7784
1039.105162 -0.000 -24.0380
1046.634946 -0.000 -23.2991
1054.219294 -0.000 -22.5619
1061.858602 -0.000 -21.8262
1069.553267 -0.000 -21.0919
1077.303691 -0.000 -20.3591
1085.110277 -0.000 -19.6276
1092.973434 -0.000 -18.8975
1100.893570 -0.000 -18.1685
1108.871098 -0.000 -17.4408
1116.906436 -0.000 -16.7142
1125.000000 -0.000 -15.9886
1133.152214 -0.000 -15.2641
1141.363502 -0.000 -14.5405
1149.634292 -0.000 -13.8179
1157.965016 -0.000 -13.0961
1166.356108 -0.000 -12.3751
1174.808005 -0.000 -11.6548
1183.321148 -0.000 -10.9351
1191.895981 -0.000 -10.2161
1200.532951 -0.000 -9.4977
1209.232507 -0.000 -8.7797
1217.995105 -0.000 -8.0622
1226.821199 -0.000 -7.3451
1235.711251 -0.000 -6.6283
1244.665724 -0.000 -5.9117
1253.685085 -0.000 -5.1954
1262.769804 -0.000 -4.4793
1271.920355 -0.000 -3.7633
1281.137214 -0.000 -3.0472
1290.420862 -0.000 -2.3313
1299.771784 -0.000 -1.6152
1309.190466 -0.000 -0.8990
1318.677400 -0.000 -0.1826
1328.233080 -0.000 0.5339
1337.858004 -0.000 1.2509
1347.552675 -0.000 1.9681
1357.317597 -0.000 2.6858
1367.153280 -0.000 3.4039
1377.060236 -0.000 4.1226
1387.038982 -0.000 4.8419
1397.090039 -0.000 5.5617
1407.213929 -0.000 6.2823
1417.411181 -0.000 7.0036
1427.682327 -0.000 7.7257
1438.027902 -0.000 8.4487
1448.448444 -0.000 9.1726
1458.944499 -0.000 9.8975
1469.516612 -0.000 10.6234
1480.165335 -0.000 11.3505
1490.891224 -0.000 12.0786
1501.694836 -0.000 12.8080
1512.576736 -0.000 13.5386
1523.537490 -0.000 14.2705
1534.577671 -0.000 15.0039
1545.697853 -0.000 15.7386
1556.898617 -0.000 16.4749
1568.180546 -0.000 17.2126
1579.544229 -0.000 17.9520
1590.990258 -0.000 18.6931
1602.519229 -0.000 19.4359
1614.131744 -0.000 20.1804
1625.828408 -0.000 20.9269
1637.609831 -0.000 21.6751
1649.476627 -0.000 22.4253
1661.429414 -0.000 23.1775
1673.468817 -0.000 23.9318
1685.595461 -0.000 24.6882
1697.809981 -0.000 25.4467
1710.113012 -0.000 26.2075
1722.505196 -0.000 26.9706
1734.987179 -0.000 27.7360
1747.559611 -0.000 28.5037
1760.223148 -0.000 29.2739
1772.978451 -0.000 30.0467
1785.826183 -0.000 30.8220
1798.767016 -0.000 31.5999
1811.801623 -0.000 32.3804
1824.930685 -0.000 33.1637
1838.154885 -0.000 33.9497
1851.474913 -0.000 34.7386
1864.891463 -0.000 35.5303
1878.405236 -0.000 36.3250
1892.016934 -0.000 37.1227
1905.727269 -0.000 37.9233
1919.536954 -0.000 38.7271
1933.446710 -0.000 39.5340
1947.457262 -0.000 40.3441
1961.569340 -0.000 41.1573
1975.783680 -0.000 41.9739
1990.101023 -0.000 42.7938
2004.522116 -0.000 43.6171
2019.047709 -0.000 44.4438
2033.678561 -0.000 45.2739
2048.415435 -0.000 46.1077
2063.259097 -0.000 46.9448
2078.210323 -0.000 47.7856
2093.269892 -0.000 48.6301
2108.438588 -0.000 49.4782
2123.717204 -0.000 50.3301
2139.106534 -0.000 51.1856
2154.607382 -0.000 52.0450
2170.220555 -0.000 52.9082
2185.946868 -0.000 53.7753
2201.787140 -0.000 54.6462
2217.742197 -0.000 55.5211
2233.812871 -0.000 56.3999
2250.000000 -0.000 57.2827
2266.304428 -0.000 58.1695
2282.727004 -0.000 59.0604
2299.268584 -0.000 59.9553
2315.930032 -0.000 60.8542
2332.712216 -0.000 61.7573
2349.616010 -0.000 62.6644
2366.642297 -0.000 63.5758
2383.791962 -0.000 64.4913
2401.065902 -0.000 65.4109
2418.465015 -0.000 66.3347
2435.990209 -0.000 67.2626
2453.642398 -0.000 68.1947
2471.422503 -0.000 69.1310
2489.331449 -0.000 70.0714
2507.370171 -0.000 71.0160
2525.539609 -0.000 71.9648
2543.840710 -0.000 72.9177
2562.274428 -0.000 73.8749
2580.841725 -0.000 74.8361
2599.543568 -0.000 75.8014
2618.380932 -0.000 76.7708
2637.354800 -0.000 77.7442
2656.466160 -0.000 78.7217
2675.716009 -0.000 79.7031
2695.105350 -0.000 80.6886
2714.635194 -0.000 81.6780
2734.306560 -0.000 82.6713
2754.120472 -0.000 83.6685
2774.077965 -0.000 84.6693
2794.180077 -0.000 85.6740
2814.427858 -0.000 86.6824
2834.822362 -0.000 87.6943
2855.364654 -0.000 88.7099
2876.055803 -0.000 89.7289
2896.896889 -0.000 90.7513
2917.888998 -0.000 91.7772
2939.033224 -0.000 92.8063
2960.330671 -0.000 93.8386
2981.782447 -0.000 94.8740
3003.389672 -0.000 95.9124
3025.153472 -0.000 96.9537
3047.074981 -0.000 97.9978
3069.155342 -0.000 99.0447
3091.395707 -0.000 100.0941
3113.797234 -0.000 101.1461
3136.361093 -0.000 102.2004
3159.088458 -0.000 103.2570
3181.980515 -0.000 104.3158
3205.038458 -0.000 105.3766
3228.263488 -0.000 106.4392
3251.656816 -0.000 107.5037
3275.219661 -0.000 108.5697
3298.953253 -0.000 109.6372
3322.858828 -0.000 110.7061
3346.937633 -0.000 111.7761
3371.190923 -0.000 112.8472
3395.619962 -0.000 113.9191
3420.226024 -0.000 114.9917
3445.010392 -0.000 116.0649
3469.974357 -0.000 117.1385
3495.119222 -0.000 118.2124
3520.446296 -0.000 119.2864
3545.956901 -0.000 120.3602
3571.652367 -0.000 121.4337
3597.534032 -0.000 122.5068
3623.603247 -0.000 123.5793
3649.861370 -0.000 124.6510
3676.309770 -0.000 125.7216
3702.949826 -0.000 126.7911
3729.782927 0.000 127.8593
3756.810471 -0.000 128.9258
3784.033869 -0.000 129.9907
3811.454538 -0.000 131.0536
3839.073909 0.000 132.1145
3866.893421 0.000 133.1731
3894.914525 0.000 134.2291
3923.138681 -0.000 135.2826
3951.567361 -0.000 136.3331
3980.202047 -0.000 137.3806
4009.044232 -0.000 138.4249
4038.095419 -0.000 139.4658
4067.357123 -0.000 140.5031
4096.830869 -0.000 141.5366
4126.518194 -0.000 142.5660
4156.420646 -0.000 143.5914
4186.539784 -0.000 144.6124
4216.877177 -0.000 145.6289
4247.434407 -0.000 146.6406
4278.213068 -0.000 147.6476
4309.214763 -0.000 148.6495
4340.441110 -0.000 149.6461
4371.893735 -0.000 150.6374
4403.574279 -0.000 151.6232
4435.484394 -0.000 152.6031
4467.625742 -0.000 153.5771
4500.000000 -0.000 154.5453
4532.608855 -0.000 155.5071
4565.454007 -0.000 156.4627
4598.537169 -0.000 157.4117
4631.860065 -0.000 158.3541
4665.424432 -0.000 159.2897
4699.232021 -0.000 160.2183
4733.284593 -0.000 161.1400
4767.583925 -0.000 162.0543
4802.131803 -0.000 162.9614
4836.930030 -0.000 163.8610
4871.980419 -0.000 164.7531
4907.284797 -0.000 165.6373
4942.845006 -0.000 166.5139
4978.662898 -0.000 167.3825
5014.740342 -0.000 168.2430
5051.079217 -0.000 169.0955
5087.681420 -0.000 169.9396
5124.548856 -0.000 170.7755
5161.683450 -0.000 171.6029
5199.087136 -0.000 172.4218
5236.761864 -0.000 173.2321
5274.709600 -0.000 174.0338
5312.932320 -0.000 174.8267
5351.432018 -0.000 175.6107
5390.210700 -0.000 176.3857
5429.270389 -0.000 177.1519
5468.613120 -0.000 177.9091
5508.240945 -0.000 178.6570
5548.155929 -0.000 179.3959
5588.360154 -0.000 -179.8745
5628.855716 -0.000 -179.1542
5669.644725 -0.000 -178.4431
5710.729307 -0.000 -177.7415
5752.111606 -0.000 -177.0493
5793.793778 -0.000 -176.3665
5835.777996 -0.000 -175.6931
5878.066449 -0.000 -175.0293
5920.661342 -0.000 -174.3750
5963.564894 -0.000 -173.7302
6006.779344 -0.000 -173.0952
6050.306943 -0.000 -172.4697
6094.149961 -0.000 -171.8539
6138.310684 -0.000 -171.2477
6182.791414 -0.000 -170.6512
6227.594469 -0.000 -170.0645
6272.722186 -0.000 -169.4874
6318.176916 -0.000 -168.9201
6363.961031 -0.000 -168.3624
6410.076916 -0.000 -167.8146
6456.526975 -0.000 -167.2764
6503.313631 -0.000 -166.7480
6550.439323 -0.000 -166.2294
6597.906506 -0.000 -165.7205
6645.717657 -0.000 -165.2213
6693.875266 -0.000 -164.7319
6742.381846 -0.000 -164.2521
6791.239924 -0.000 -163.7822
6840.452048 -0.000 -163.3220
6890.020784 -0.000 -162.8715
6939.948714 -0.000 -162.4307
6990.238444 -0.000 -161.9995
7040.892593 -0.000 -161.5781
7091.913803 -0.000 -161.1664
7143.304734 -0.000 -160.7642
7195.068065 -0.000 -160.3718
7247.206494 -0.000 -159.9890
7299.722739 -0.000 -159.6158
7352.619540 -0.000 -159.2521
7405.899652 -0.000 -158.8981
7459.565853 -0.000 -158.5536
7513.620943 -0.000 -158.2188
7568.067737 0.000 -157.8934
7622.909076 -0.000 -157.5776
7678.147817 -0.000 -157.2712
7733.786842 0.000 -156.9743
7789.829049 -0.000 -156.6869
7846.277361 -0.000 -156.4089
7903.134722 -0.000 -156.1403
7960.404094 -0.000 -155.8812
8018.088463 -0.000 -155.6314
8076.190838 -0.000 -155.3910
8134.714246 -0.000 -155.1599
8193.661738 -0.000 -154.9380
8253.036389 -0.000 -154.7256
8312.841293 0.000 -154.5225
8373.079567 -0.000 -154.3285
8433.754353 -0.000 -154.1438
8494.868814 -0.000 -153.9683
8556.426135 -0.000 -153.8020
8618.429526 -0.000 -153.6449
8680.882219 0.000 -153.4970
8743.787470 -0.000 -153.3582
8807.148559 -0.000 -153.2285
8870.968788 0.000 -153.1080
8935.251484 0.000 -152.9965
9000.000000 -0.000 -152.8941
9065.217710 -0.000 -152.8007
9130.908014 -0.000 -152.7164
9197.074338 -0.000 -152.6412
9263.720130 -0.000 -152.5748
9330.848865 -0.000 -152.5175
9398.464042 -0.000 -152.4692
9466.569187 -0.000 -152.4298
9535.167849 -0.000 -152.3994
9604.263606 -0.000 -152.3777
9673.860059 -0.000 -152.3652
9743.960837 -0.000 -152.3615
9814.569594 -0.000 -152.3666
9885.690011 -0.000 -152.3807
9957.325796 -0.000 -152.4036
10029.480683 -0.000 -152.4353
10102.158435 -0.000 -152.4759
10175.362839 -0.000 -152.5253
10249.097713 -0.000 -152.5836
10323.366900 -0.000 -152.6505
10398.174272 -0.000 -152.7264
10473.523729 -0.000 -152.8110
10549.419199 0.000 -152.9043
10625.864640 0.000 -153.0065
10702.864035 0.000 -153.1174
10780.421400 0.000 -153.2371
10858.540777 0.000 -153.3655
10937.226240 0.000 -153.5027
11016.481890 0.000 -153.6486
11096.311859 0.000 -153.8032
11176.720309 0.000 -153.9667
11257.711431 0.000 -154.1388
11339.289449 0.000 -154.3196
11421.458615 0.000 -154.5092
11504.223212 0.000 -154.7075
11587.587556 -0.000 -154.9146
11671.555992 -0.000 -155.1303
11756.132898 -0.000 -155.3548
11841.322683 0.000 -155.5880
11927.129788 -0.000 -155.8299
12013.558688 0.000 -156.0806
12100.613886 0.000 -156.3399
12188.299922 0.000 -156.6081
12276.621368 -0.000 -156.8849
12365.582827 -0.000 -157.1705
12455.188938 -0.000 -157.4648
12545.444371 -0.000 -157.7679
12636.353832 -0.000 -158.0798
12727.922061 -0.000 -158.4004
12820.153831 -0.000 -158.7297
12913.053951 -0.000 -159.0680
13006.627263 -0.000 -159.4149
13100.878646 -0.000 -159.7707
13195.813013 0.000 -160.1353
13291.435313 0.000 -160.5087
13387.750533 0.000 -160.8909
13484.763692 0.000 -161.2819
13582.479848 0.000 -161.6818
13680.904096 -0.000 -162.0906
13780.041567 -0.000 -162.5082
13879.897429 0.000 -162.9348
13980.476887 0.000 -163.3702
14081.785186 0.000 -163.8146
14183.827606 0.000 -164.2679
14286.609468 0.000 -164.7302
14390.136129 0.000 -165.2014
14494.412988 0.000 -165.6816
14599.445479 -0.000 -166.1709
14705.239079 -0.000 -166.6691
14811.799303 -0.000 -167.1765
14919.131707 -0.000 -167.6928
15027.241885 -0.000 -168.2183
15136.135475 -0.000 -168.7528
15245.818152 -0.000 -169.2964
15356.295635 -0.000 -169.8493
15467.573683 -0.000 -170.4113
15579.658098 -0.000 -170.9825
15692.554723 -0.000 -171.5629
15806.269443 -0.000 -172.1526
15920.808187 -0.000 -172.7515
16036.176927 -0.000 -173.3597
16152.381675 -0.000 -173.9772
16269.428491 -0.000 -174.6041
16387.323477 -0.000 -175.2403
16506.072778 -0.000 -175.8859
16625.682585 -0.000 -176.5410
16746.159135 -0.000 -177.2056
16867.508707 -0.000 -177.8796
16989.737628 -0.000 -178.5631
17112.852271 0.000 -179.2562
17236.859053 0.000 -179.9589
17361.764439 -0.000 179.3289
17487.574941 -0.000 178.6069
17614.297118 -0.000 177.8753
17741.937576 -0.000 177.1340
17870.502969 -0.000 176.3830
18000.000000 -0.000 175.6221
18130.435420 -0.000 174.8514
18261.816029 -0.000 174.0709
18394.148676 -0.000 173.2806
18527.440260 -0.000 172.4803
18661.697729 -0.000 171.6699
18796.928084 -0.000 170.8497
18933.138373 -0.000 170.0193
19070.335698 0.000 169.1789
19208.527212 0.000 168.3283
19347.720119 0.000 167.4677
19487.921674 -0.000 166.5967
19629.139188 -0.000 165.7156
19771.380022 -0.000 164.8242
19914.651592 -0.000 163.9224
20058.961367 -0.000 163.0103
20204.316870 -0.000 162.0876
20350.725678 -0.000 161.1547
20498.195426 -0.000 160.2111
20646.733800 -0.000 159.2570
20796.348544 -0.000 158.2922
20947.047458 -0.000 157.3168
21098.838399 0.000 156.3307
21251.729279 0.000 155.3339
21405.728070 0.000 154.3264
21560.842800 0.000 153.3079
21717.081554 0.000 152.2784
21874.452480 0.000 151.2382
22032.963779 0.000 150.1869
22192.623718 0.000 149.1245
22353.440617 0.000 148.0510
22515.422863 -0.000 146.9663
22678.578898 -0.000 145.8705
22842.917229 -0.000 144.7634
23008.446424 -0.000 143.6449
23175.175112 -0.000 142.5157
23343.111984 -0.003 141.3835
23512.265796 -0.019 140.3057
23682.645366 -0.082 139.4598
23854.259577 -0.243 138.9733
24027.117375 -0.403 138.7603
