* Measurement data measured by REW V5.40 beta 73
* Source: Trace Arithmetic result A * B
* Format: Trace Arithmetic result A * B
* Dated: Mar 11, 2025 7:32:04 AM
* REW Settings:
*  C-weighting compensation: Off
*  Target level: 75.0 dB
* Note: ; Trace Arithmetic A times B A = L1 B = A over B-MP 
* Measurement: L2
* Smoothing: Psychoacoustic
* Frequency Step: 96 ppo
* Start Frequency: 0.36621094 Hz
*
* Freq(Hz) SPL(dB) Phase(degrees)
0.366211 38.138 -151.9915
0.368865 38.132 -152.1065
0.371538 38.125 -152.2296
0.374230 38.118 -152.3610
0.376942 38.110 -152.5010
0.379673 38.103 -152.6499
0.382424 38.094 -152.8079
0.385196 38.086 -152.9752
0.387987 38.077 -153.1520
0.390798 38.068 -153.3386
0.393630 38.058 -153.5351
0.396483 38.049 -153.7418
0.399356 38.038 -153.9587
0.402250 38.028 -154.1862
0.405165 38.017 -154.4243
0.408101 38.006 -154.6733
0.411058 37.995 -154.9333
0.414037 37.983 -155.2045
0.417037 37.972 -155.4871
0.420059 37.960 -155.7813
0.423103 37.948 -156.0872
0.426169 37.935 -156.4051
0.429257 37.923 -156.7351
0.432368 37.910 -157.0774
0.435501 37.897 -157.4322
0.438656 37.884 -157.7998
0.441835 37.870 -158.1803
0.445037 37.857 -158.5740
0.448262 37.843 -158.9811
0.451510 37.829 -159.4018
0.454782 37.815 -159.8363
0.458077 37.801 -160.2849
0.461397 37.787 -160.7477
0.464740 37.772 -161.2251
0.468108 37.758 -161.7172
0.471500 37.743 -162.2243
0.474917 37.728 -162.7465
0.478358 37.713 -163.2842
0.481825 37.698 -163.8374
0.485316 37.683 -164.4064
0.488833 37.668 -164.9914
0.492375 37.652 -165.5926
0.495943 37.637 -166.2100
0.499537 37.621 -166.8439
0.503157 37.605 -167.4944
0.506803 37.590 -168.1615
0.510475 37.574 -168.8454
0.514175 37.557 -169.5460
0.517900 37.541 -170.2634
0.521653 37.525 -170.9976
0.525434 37.508 -171.7485
0.529241 37.492 -172.5159
0.533076 37.475 -173.2999
0.536939 37.459 -174.1000
0.540830 37.442 -174.9163
0.544749 37.425 -175.7482
0.548696 37.408 -176.5956
0.552673 37.391 -177.4580
0.556677 37.374 -178.3349
0.560711 37.357 -179.2258
0.564774 37.339 179.8699
0.568867 37.322 178.9527
0.572989 37.305 178.0235
0.577141 37.288 177.0829
0.581324 37.270 176.1320
0.585536 37.253 175.1714
0.589779 37.236 174.2024
0.594053 37.219 173.2258
0.598358 37.202 172.2428
0.602694 37.185 171.2545
0.607061 37.168 170.2622
0.611460 37.151 169.2671
0.615891 37.135 168.2706
0.620354 37.119 167.2740
0.624849 37.103 166.2788
0.629377 37.088 165.2863
0.633938 37.073 164.2982
0.638532 37.059 163.3157
0.643159 37.045 162.3406
0.647819 37.032 161.3743
0.652514 37.020 160.4183
0.657242 37.009 159.4742
0.662005 36.998 158.5435
0.666802 36.989 157.6276
0.671634 36.981 156.7281
0.676501 36.974 155.8463
0.681403 36.968 154.9835
0.686341 36.964 154.1412
0.691314 36.961 153.3206
0.696324 36.961 152.5226
0.701370 36.962 151.7487
0.706452 36.965 150.9995
0.711571 36.970 150.2761
0.716728 36.977 149.5791
0.721921 36.987 148.9092
0.727153 36.999 148.2670
0.732422 37.014 147.6528
0.737729 37.031 147.0669
0.743075 37.051 146.5095
0.748460 37.073 145.9805
0.753883 37.099 145.4798
0.759346 37.127 145.0073
0.764849 37.159 144.5627
0.770391 37.193 144.1454
0.775974 37.230 143.7551
0.781597 37.271 143.3910
0.787261 37.314 143.0525
0.792966 37.361 142.7390
0.798712 37.411 142.4495
0.804500 37.464 142.1833
0.810329 37.520 141.9395
0.816201 37.579 141.7172
0.822116 37.642 141.5156
0.828073 37.707 141.3335
0.834074 37.776 141.1702
0.840118 37.849 141.0248
0.846206 37.924 140.8961
0.852338 38.003 140.7835
0.858514 38.085 140.6859
0.864735 38.171 140.6024
0.871001 38.260 140.5321
0.877313 38.352 140.4742
0.883670 38.448 140.4280
0.890074 38.547 140.3924
0.896524 38.650 140.3668
0.903020 38.756 140.3504
0.909564 38.866 140.3424
0.916155 38.979 140.3422
0.922794 39.096 140.3489
0.929481 39.217 140.3621
0.936216 39.341 140.3810
0.943000 39.469 140.4052
0.949834 39.601 140.4338
0.956717 39.736 140.4666
0.963649 39.875 140.5029
0.970632 40.018 140.5423
0.977666 40.165 140.5843
0.984750 40.315 140.6285
0.991886 40.469 140.6746
0.999074 40.626 140.7222
1.006314 40.787 140.7710
1.013606 40.951 140.8207
1.020951 41.119 140.8710
1.028349 41.289 140.9218
1.035801 41.463 140.9727
1.043307 41.640 141.0237
1.050867 41.819 141.0746
1.058482 42.001 141.1252
1.066152 42.185 141.1755
1.073878 42.372 141.2254
1.081660 42.561 141.2748
1.089498 42.751 141.3236
1.097393 42.943 141.3718
1.105345 43.137 141.4194
1.113355 43.331 141.4663
1.121423 43.527 141.5126
1.129549 43.723 141.5582
1.137734 43.919 141.6031
1.145979 44.116 141.6474
1.154283 44.313 141.6910
1.162647 44.509 141.7338
1.171072 44.705 141.7760
1.179558 44.900 141.8174
1.188106 45.094 141.8582
1.196715 45.287 141.8982
1.205387 45.478 141.9375
1.214122 45.668 141.9761
1.222920 45.856 142.0139
1.231782 46.041 142.0508
1.240708 46.225 142.0870
1.249699 46.406 142.1224
1.258754 46.584 142.1570
1.267876 46.760 142.1907
1.277063 46.932 142.2235
1.286318 47.102 142.2554
1.295639 47.268 142.2864
1.305027 47.431 142.3165
1.314484 47.591 142.3456
1.324009 47.747 142.3738
1.333604 47.899 142.4011
1.343268 48.047 142.4273
1.353002 48.191 142.4526
1.362806 48.332 142.4770
1.372681 48.468 142.5004
1.382628 48.600 142.5228
1.392647 48.729 142.5443
1.402739 48.852 142.5649
1.412904 48.972 142.5847
1.423142 49.087 142.6035
1.433455 49.198 142.6216
1.443843 49.305 142.6388
1.454305 49.408 142.6553
1.464844 49.506 142.6711
1.475459 49.600 142.6863
1.486150 49.690 142.7009
1.496920 49.775 142.7149
1.507767 49.857 142.7285
1.518693 49.934 142.7416
1.529698 50.007 142.7545
1.540783 50.077 142.7671
1.551948 50.142 142.7794
1.563194 50.204 142.7917
1.574521 50.262 142.8039
1.585931 50.316 142.8161
1.597423 50.367 142.8284
1.608999 50.414 142.8409
1.620658 50.458 142.8536
1.632402 50.498 142.8666
1.644232 50.536 142.8798
1.656146 50.570 142.8935
1.668147 50.601 142.9075
1.680235 50.629 142.9219
1.692411 50.655 142.9367
1.704675 50.678 142.9519
1.717028 50.698 142.9673
1.729470 50.715 142.9831
1.742003 50.730 142.9990
1.754626 50.742 143.0150
1.767341 50.752 143.0308
1.780147 50.759 143.0464
1.793047 50.765 143.0614
1.806040 50.767 143.0756
1.819128 50.768 143.0887
1.832310 50.766 143.1003
1.845587 50.762 143.1101
1.858961 50.756 143.1175
1.872432 50.747 143.1221
1.886001 50.737 143.1232
1.899667 50.723 143.1204
1.913433 50.708 143.1128
1.927299 50.690 143.0999
1.941265 50.670 143.0808
1.955332 50.647 143.0547
1.969501 50.622 143.0209
1.983773 50.595 142.9784
1.998148 50.564 142.9262
2.012627 50.531 142.8635
2.027212 50.496 142.7893
2.041902 50.458 142.7026
2.056698 50.417 142.6025
2.071602 50.373 142.4879
2.086614 50.326 142.3578
2.101734 50.276 142.2114
2.116964 50.223 142.0477
2.132304 50.167 141.8660
2.147756 50.108 141.6653
2.163320 50.046 141.4449
2.178996 49.980 141.2043
2.194786 49.912 140.9427
2.210690 49.840 140.6599
2.226710 49.764 140.3554
2.242845 49.685 140.0290
2.259098 49.603 139.6807
2.275468 49.517 139.3107
2.291957 49.427 138.9190
2.308566 49.334 138.5063
2.325295 49.238 138.0731
2.342145 49.138 137.6203
2.359117 49.035 137.1490
2.376212 48.929 136.6604
2.393431 48.819 136.1559
2.410775 48.706 135.6375
2.428244 48.591 135.1069
2.445840 48.473 134.5665
2.463564 48.353 134.0186
2.481416 48.232 133.4659
2.499397 48.109 132.9113
2.517509 47.986 132.3578
2.535752 47.864 131.8090
2.554127 47.743 131.2681
2.572635 47.625 130.7388
2.591277 47.510 130.2249
2.610055 47.402 129.7302
2.628968 47.300 129.2585
2.648019 47.208 128.8134
2.667208 47.127 128.3987
2.686535 47.059 128.0175
2.706003 47.006 127.6730
2.725612 46.970 127.3674
2.745363 46.953 127.1029
2.765257 46.955 126.8807
2.785295 46.979 126.7012
2.805478 47.024 126.5641
2.825808 47.090 126.4684
2.846285 47.176 126.4119
2.866910 47.282 126.3920
2.887685 47.405 126.4050
2.908611 47.545 126.4470
2.929688 47.698 126.5133
2.950917 47.863 126.5991
2.972301 48.038 126.6996
2.993839 48.220 126.8097
3.015534 48.407 126.9249
3.037386 48.597 127.0407
3.059396 48.789 127.1534
3.081565 48.982 127.2594
3.103896 49.172 127.3559
3.126388 49.361 127.4407
3.149043 49.545 127.5121
3.171862 49.726 127.5689
3.194847 49.901 127.6105
3.217998 50.070 127.6367
3.241317 50.232 127.6476
3.264805 50.388 127.6438
3.288463 50.535 127.6261
3.312293 50.676 127.5955
3.336295 50.808 127.5530
3.360471 50.932 127.5001
3.384822 51.047 127.4377
3.409350 51.154 127.3672
3.434056 51.252 127.2896
3.458940 51.341 127.2058
3.484005 51.422 127.1166
3.509252 51.494 127.0224
3.534681 51.557 126.9233
3.560295 51.612 126.8193
3.586094 51.659 126.7097
3.612081 51.698 126.5936
3.638255 51.729 126.4695
3.664620 51.753 126.3355
3.691175 51.771 126.1891
3.717923 51.781 126.0273
3.744864 51.786 125.8464
3.772001 51.786 125.6424
3.799335 51.781 125.4102
3.826866 51.772 125.1444
3.854597 51.760 124.8387
3.882529 51.746 124.4862
3.910664 51.730 124.0790
3.939002 51.714 123.6084
3.967546 51.698 123.0649
3.996296 51.682 122.4379
4.025255 51.669 121.7155
4.054423 51.659 120.8849
4.083804 51.652 119.9316
4.113396 51.649 118.8399
4.143204 51.650 117.5919
4.173227 51.657 116.1685
4.203468 51.669 114.5480
4.233928 51.686 112.7072
4.264609 51.709 110.6210
4.295512 51.737 108.2626
4.326639 51.770 105.6051
4.357992 51.807 102.6220
4.389572 51.849 99.2900
4.421380 51.894 95.5923
4.453419 51.942 91.5223
4.485691 51.992 87.0888
4.518196 52.044 82.3212
4.550936 52.096 77.2720
4.583914 52.147 72.0181
4.617131 52.197 66.6560
4.650589 52.245 61.2934
4.684289 52.291 56.0382
4.718233 52.332 50.9864
4.752424 52.369 46.2148
4.786862 52.400 41.7767
4.821549 52.426 37.7026
4.856488 52.445 34.0038
4.891680 52.457 30.6770
4.927127 52.462 27.7096
4.962831 52.458 25.0834
4.998794 52.446 22.7781
5.035017 52.426 20.7729
5.071503 52.397 19.0485
5.108253 52.358 17.5869
5.145270 52.311 16.3728
5.182555 52.255 15.3927
5.220110 52.190 14.6353
5.257937 52.117 14.0909
5.296038 52.036 13.7512
5.334415 51.946 13.6089
5.373071 51.849 13.6572
5.412006 51.745 13.8893
5.451224 51.635 14.2980
5.490725 51.519 14.8752
5.530514 51.397 15.6116
5.570590 51.270 16.4960
5.610957 51.139 17.5151
5.651616 51.005 18.6537
5.692570 50.867 19.8944
5.733821 50.727 21.2177
5.775370 50.585 22.6025
5.817221 50.441 24.0267
5.859375 50.296 25.4675
5.901834 50.151 26.9023
5.944602 50.005 28.3091
5.987679 49.861 29.6670
6.031068 49.717 30.9560
6.074771 49.575 32.1569
6.118792 49.436 33.2503
6.163131 49.299 34.2144
6.207792 49.167 35.0208
6.252776 49.040 35.6260
6.298086 48.919 35.9510
6.343725 48.806 35.8269
6.389694 48.701 34.8083
6.435996 48.607 31.2364
6.482634 48.524 10.8625
6.529610 48.454 -111.3518
6.576926 48.398 -126.5432
6.624585 48.358 -129.7920
6.672590 48.335 -130.9752
6.720942 48.329 -131.4523
6.769645 48.342 -131.6062
6.818700 48.373 -131.5822
6.868111 48.423 -131.4443
6.917881 48.491 -131.2227
6.968010 48.577 -130.9313
7.018504 48.680 -130.5762
7.069362 48.799 -130.1584
7.120590 48.933 -129.6769
7.172189 49.081 -129.1294
7.224161 49.242 -128.5128
7.276511 49.413 -127.8246
7.329239 49.595 -127.0624
7.382350 49.785 -126.2247
7.435845 49.982 -125.3113
7.489729 50.186 -124.3229
7.544002 50.396 -123.2621
7.598669 50.609 -122.1329
7.653732 50.827 -120.9410
7.709194 51.046 -119.6937
7.765058 51.268 -118.3998
7.821327 51.491 -117.0693
7.878004 51.714 -115.7137
7.935091 51.937 -114.3451
7.992592 52.160 -112.9763
8.050510 52.382 -111.6200
8.108847 52.602 -110.2891
8.167607 52.821 -108.9960
8.226793 53.038 -107.7523
8.286408 53.253 -106.5690
8.346454 53.467 -105.4561
8.406936 53.678 -104.4224
8.467856 53.887 -103.4758
8.529218 54.094 -102.6235
8.591024 54.299 -101.8712
8.653278 54.502 -101.2241
8.715983 54.703 -100.6864
8.779143 54.903 -100.2618
8.842760 55.102 -99.9530
8.906839 55.299 -99.7622
8.971381 55.495 -99.6908
9.036392 55.690 -99.7395
9.101873 55.885 -99.9081
9.167829 56.079 -100.1958
9.234263 56.272 -100.6006
9.301178 56.464 -101.1195
9.368578 56.655 -101.7485
9.436467 56.846 -102.4825
9.504847 57.035 -103.3152
9.573723 57.224 -104.2394
9.643099 57.410 -105.2466
9.712976 57.595 -106.3278
9.783361 57.778 -107.4734
9.854255 57.959 -108.6732
9.925663 58.137 -110.2663
9.997588 58.312 -112.2021
10.070035 58.484 -114.1626
10.143007 58.653 -116.1387
10.216507 58.818 -118.1226
10.290540 58.979 -119.9282
10.365109 59.137 -121.5452
10.440219 59.290 -123.1516
10.515873 59.439 -124.7435
10.592076 59.584 -126.3177
10.668830 59.724 -127.7828
10.746141 59.861 -129.1750
10.824012 59.993 -130.5443
10.902447 60.121 -131.8901
10.981451 60.245 -133.2118
11.061027 60.365 -134.4287
11.141180 60.482 -135.6150
11.221913 60.595 -136.7748
11.303232 60.706 -137.9070
11.385140 60.814 -138.9862
11.467641 60.920 -139.9984
11.550741 61.024 -140.9771
11.634442 61.127 -141.9196
11.718750 61.228 -142.8234
11.803669 61.330 -143.6414
11.889203 61.432 -144.4149
11.975357 61.534 -145.1415
12.062136 61.637 -145.8195
12.149543 61.742 -146.4204
12.237583 61.849 -146.9612
12.326262 61.958 -147.4520
12.415583 62.070 -147.8942
12.505552 62.185 -148.2740
12.596172 62.303 -148.6014
12.687449 62.424 -148.8931
12.779387 62.548 -149.1557
12.871992 62.676 -149.3840
12.965268 62.807 -149.5907
13.059220 62.941 -149.7940
13.153852 63.078 -150.0037
13.249170 63.217 -150.2169
13.345179 63.359 -150.4503
13.441884 63.503 -150.7186
13.539289 63.649 -151.0302
13.637401 63.797 -151.3781
13.736223 63.946 -151.7817
13.835761 64.096 -152.2481
13.936021 64.247 -152.7792
14.037007 64.398 -153.3707
14.138725 64.550 -154.0333
14.241180 64.703 -154.7668
14.344377 64.855 -155.5635
14.448323 65.009 -156.4234
14.553021 65.162 -157.3472
14.658478 65.316 -158.3300
14.764700 65.470 -159.3598
14.871691 65.625 -160.4387
14.979457 65.781 -161.5605
15.088005 65.937 -162.7145
15.197339 66.094 -163.8969
15.307465 66.251 -165.1042
15.418389 66.410 -166.3289
15.530117 66.570 -167.5643
15.642655 66.732 -168.8093
15.756008 66.894 -170.0599
15.870182 67.058 -171.3088
15.985184 67.224 -172.5579
16.101019 67.390 -173.8056
16.217694 67.559 -175.0479
16.335214 67.728 -176.2869
16.453586 67.899 -177.5232
16.572815 68.071 -178.7554
16.692909 68.244 -179.9858
16.813872 68.418 178.7834
16.935713 68.593 177.5521
17.058436 68.769 176.3177
17.182048 68.945 175.0781
17.306556 69.121 173.8327
17.431967 69.296 172.5789
17.558286 69.472 171.3149
17.685521 69.647 170.0391
17.813677 69.822 168.7503
17.942762 69.995 167.4475
18.072783 70.167 166.1298
18.203746 70.337 164.7968
18.335658 70.506 163.4480
18.468526 70.673 162.0835
18.602356 70.838 160.7033
18.737156 71.000 159.3072
18.872934 71.160 157.8953
19.009695 71.317 156.4688
19.147447 71.472 155.0278
19.286197 71.622 153.5732
19.425953 71.770 152.1054
19.566721 71.914 150.6236
19.708510 72.053 149.1298
19.851326 72.189 147.6231
19.995177 72.321 146.1038
20.140070 72.448 144.5730
20.286013 72.570 143.0291
20.433014 72.687 141.4734
20.581080 72.799 139.9050
20.730219 72.906 138.3237
20.880439 73.007 136.7302
21.031747 73.103 135.1222
21.184152 73.193 133.5023
21.337661 73.276 131.8692
21.492282 73.354 130.2240
21.648024 73.425 128.5674
21.804895 73.490 126.8986
21.962902 73.549 125.2209
22.122054 73.601 123.5327
22.282360 73.647 121.8377
22.443827 73.686 120.1354
22.606464 73.719 118.4283
22.770280 73.745 116.7185
22.935283 73.765 115.0073
23.101481 73.778 113.2977
23.268884 73.785 111.5896
23.437500 73.786 109.8879
23.607338 73.780 108.1917
23.778406 73.768 106.5064
23.950714 73.749 104.8320
24.124271 73.725 103.1730
24.299086 73.694 101.5300
24.475167 73.657 99.9075
24.652524 73.615 98.3067
24.831166 73.566 96.7317
25.011103 73.512 95.1845
25.192344 73.452 93.6689
25.374898 73.386 92.1873
25.558775 73.316 90.7431
25.743984 73.240 89.3391
25.930536 73.160 87.9788
26.118439 73.075 86.6643
26.307704 72.987 85.3990
26.498341 72.895 84.1841
26.690359 72.800 83.0231
26.883768 72.703 81.9159
27.078579 72.604 80.8656
27.274801 72.504 79.8707
27.472446 72.403 78.9333
27.671522 72.304 78.0495
27.872042 72.205 77.2203
28.074014 72.109 76.4410
28.277450 72.017 75.7096
28.482360 71.928 75.0214
28.688755 71.844 74.3708
28.896645 71.765 73.7526
29.106042 71.693 73.1594
29.316957 71.628 72.5862
29.529400 71.570 72.0242
29.743382 71.520 71.4680
29.958915 71.477 70.9100
30.176009 71.441 70.3444
30.394677 71.413 69.7662
30.614929 71.391 69.1681
30.836778 71.375 68.5483
31.060234 71.364 67.9027
31.285309 71.358 67.2285
31.512015 71.355 66.5256
31.740364 71.355 65.7922
31.970368 71.356 65.0298
32.202039 71.358 64.2394
32.435388 71.360 63.4223
32.670428 71.360 62.5823
32.907171 71.359 61.7220
33.145630 71.354 60.8448
33.385817 71.347 59.9559
33.627745 71.335 59.0588
33.871425 71.320 58.1589
34.116871 71.299 57.2615
34.364096 71.274 56.3715
34.613113 71.244 55.4933
34.863934 71.209 54.6316
35.116572 71.169 53.7891
35.371041 71.125 52.9836
35.627354 71.076 52.2185
35.885525 71.025 51.4989
36.145566 70.971 50.8250
36.407492 70.916 50.1989
36.671316 70.860 49.6235
36.937051 70.805 49.1006
37.204712 70.751 48.6302
37.474313 70.702 48.2134
37.745867 70.658 47.8494
38.019389 70.620 47.5349
38.294893 70.591 47.2672
38.572394 70.571 47.0422
38.851905 70.563 46.8544
39.133442 70.568 46.6949
39.417019 70.585 46.5561
39.702651 70.617 46.4299
39.990353 70.663 46.3065
40.280140 70.723 46.1756
40.572026 70.796 46.0247
40.866028 70.883 45.8454
41.162160 70.981 45.6282
41.460438 71.090 45.3640
41.760877 71.208 45.0443
42.063494 71.334 44.6620
42.368303 71.465 44.2115
42.675322 71.602 43.6880
42.984565 71.741 43.0872
43.296048 71.881 42.4063
43.609789 72.022 41.6434
43.925804 72.162 40.7977
44.244108 72.300 39.8685
44.564719 72.434 38.8558
44.887654 72.564 37.7609
45.212928 72.690 36.5849
45.540560 72.810 35.3295
45.870565 72.924 33.9966
46.202962 73.031 32.5888
46.537768 73.131 31.1088
46.875000 73.224 29.5590
47.214676 73.309 27.9417
47.556813 73.386 26.2593
47.901429 73.455 24.5144
48.248542 73.516 22.7098
48.598171 73.569 20.8475
48.950334 73.614 18.9297
49.305048 73.650 16.9584
49.662333 73.678 14.9360
50.022206 73.698 12.8644
50.384688 73.710 10.7452
50.749796 73.714 8.5807
51.117550 73.710 6.3728
51.487969 73.699 4.1235
51.861072 73.680 1.8346
52.236879 73.655 -0.4922
52.615409 73.622 -2.8553
52.996681 73.583 -5.2531
53.380717 73.538 -7.6840
53.767536 73.487 -10.1470
54.157158 73.430 -12.6414
54.549603 73.368 -15.1655
54.944892 73.302 -17.7191
55.343045 73.230 -20.3024
55.744084 73.155 -22.9161
56.148028 73.075 -25.5613
56.554900 72.993 -28.2397
56.964720 72.907 -30.9545
57.377510 72.818 -33.7105
57.793291 72.727 -36.5154
58.212085 72.633 -39.3801
58.633914 72.537 -42.3192
59.058799 72.440 -45.3553
59.486764 72.341 -48.5219
59.917829 72.241 -51.8704
60.352019 72.139 -55.4811
60.789354 72.036 -59.4857
61.229859 71.933 -64.1141
61.673556 71.829 -69.8015
62.120468 71.724 -77.4518
62.570618 71.620 -89.1754
63.024031 71.516 -110.2378
63.480729 71.414 -148.0776
63.940736 71.312 173.2523
64.404077 71.214 151.5332
64.870776 71.118 139.7576
65.340856 71.027 132.3833
65.814343 70.941 127.1798
66.291261 70.860 123.1981
66.771635 70.788 119.9840
67.255489 70.723 117.2952
67.742850 70.669 114.9915
68.233743 70.625 112.9861
68.728193 70.592 111.2203
69.226226 70.572 109.6526
69.727867 70.564 108.2495
70.233144 70.570 106.9851
70.742083 70.588 105.8357
71.254709 70.618 104.7800
71.771050 70.660 103.7997
72.291132 70.714 102.8744
72.814984 70.776 101.9885
73.342631 70.848 101.1244
73.874102 70.926 100.2676
74.409424 71.010 99.4048
74.948626 71.098 98.5242
75.491734 71.189 97.6163
76.038779 71.282 96.6731
76.589787 71.374 95.6887
77.144788 71.466 94.6594
77.703811 71.555 93.5840
78.266885 71.641 92.4619
78.834039 71.724 91.2947
79.405303 71.802 90.0847
79.980706 71.875 88.8359
80.560280 71.943 87.5525
81.144053 72.006 86.2395
81.732056 72.063 84.9027
82.324320 72.113 83.5477
82.920876 72.158 82.1803
83.521755 72.197 80.8059
84.126988 72.231 79.4307
84.736607 72.259 78.0598
85.350643 72.282 76.6976
85.969129 72.300 75.3494
86.592097 72.313 74.0193
87.219579 72.323 72.7104
87.851608 72.329 71.4263
88.488217 72.332 70.1691
89.129439 72.332 68.9407
89.775308 72.330 67.7429
90.425856 72.327 66.5767
91.081119 72.323 65.4417
91.741131 72.319 64.3373
92.405925 72.314 63.2626
93.075536 72.311 62.2162
93.750000 72.308 61.1960
94.429351 72.306 60.1992
95.113625 72.306 59.2236
95.802858 72.307 58.2661
96.497085 72.310 57.3247
97.196342 72.315 56.3970
97.900667 72.322 55.4801
98.610096 72.330 54.5723
99.324665 72.339 53.6716
100.044413 72.350 52.7772
100.769376 72.362 51.8879
101.499592 72.374 50.9991
102.235100 72.387 50.1108
102.975938 72.401 49.2228
103.722144 72.414 48.3352
104.473757 72.427 47.4486
105.230817 72.440 46.5630
105.993363 72.452 45.6790
106.761435 72.464 44.7969
107.535072 72.475 43.9172
108.314315 72.485 43.0404
109.099206 72.494 42.1671
109.889783 72.502 41.2982
110.686090 72.509 40.4341
111.488167 72.515 39.5748
112.296056 72.521 38.7211
113.109800 72.526 37.8729
113.929440 72.529 37.0302
114.755020 72.533 36.1929
115.586582 72.536 35.3608
116.424170 72.538 34.5341
117.267827 72.539 33.7118
118.117598 72.541 32.8934
118.973527 72.541 32.0789
119.835658 72.542 31.2677
120.704037 72.542 30.4592
121.578708 72.541 29.6530
122.459718 72.540 28.8484
123.347111 72.538 28.0448
124.240935 72.535 27.2413
125.141236 72.532 26.4379
126.048061 72.527 25.6334
126.961458 72.522 24.8278
127.881473 72.516 24.0200
128.808154 72.508 23.2101
129.741551 72.499 22.3975
130.681712 72.489 21.5817
131.628686 72.478 20.7628
132.582521 72.465 19.9404
133.543269 72.450 19.1149
134.510979 72.433 18.2860
135.485701 72.415 17.4536
136.467486 72.395 16.6174
137.456386 72.373 15.7775
138.452451 72.350 14.9338
139.455735 72.324 14.0862
140.466288 72.296 13.2343
141.484165 72.267 12.3781
142.509418 72.235 11.5178
143.542100 72.201 10.6536
144.582265 72.166 9.7845
145.629968 72.128 8.9105
146.685262 72.088 8.0312
147.748204 72.045 7.1471
148.818849 72.000 6.2581
149.897251 71.953 5.3650
150.983469 71.902 4.4688
152.077557 71.847 3.5712
153.179574 71.789 2.6746
154.289576 71.726 1.7819
155.407622 71.658 0.8970
156.533770 71.585 0.0245
157.668078 71.507 -0.8293
158.810606 71.423 -1.6571
159.961413 71.333 -2.4503
161.120559 71.236 -3.2001
162.288105 71.134 -3.8954
163.464112 71.027 -4.5240
164.648640 70.915 -5.0726
165.841752 70.799 -5.5271
167.043510 70.680 -5.8719
168.253976 70.562 -6.0906
169.473213 70.444 -6.1667
170.701286 70.331 -6.0844
171.938258 70.225 -5.8280
173.184194 70.130 -5.3843
174.439158 70.048 -4.7448
175.703216 69.983 -3.9061
176.976434 69.939 -2.8722
178.258878 69.918 -1.6577
179.550615 69.922 -0.2891
180.851713 69.952 1.1943
182.162239 70.010 2.7413
183.482262 70.092 4.2924
184.811850 70.199 5.7834
186.151073 70.326 7.1515
187.500000 70.471 8.3392
188.858702 70.629 9.2999
190.227250 70.797 9.9995
191.605715 70.971 10.4166
192.994169 71.148 10.5426
194.392685 71.323 10.3782
195.801334 71.495 9.9313
197.220191 71.660 9.2159
198.649330 71.817 8.2494
200.088825 71.964 7.0513
201.538751 72.099 5.6418
202.999184 72.221 4.0402
204.470200 72.330 2.2654
205.951875 72.424 0.3356
207.444287 72.503 -1.7335
208.947514 72.567 -3.9271
210.461634 72.615 -6.2321
211.986726 72.648 -8.6365
213.522869 72.665 -11.1302
215.070144 72.666 -13.7043
216.628631 72.652 -16.3508
218.198411 72.621 -19.0623
219.779567 72.575 -21.8326
221.372180 72.513 -24.6567
222.976334 72.436 -27.5302
224.592112 72.343 -30.4503
226.219600 72.235 -33.4139
227.858880 72.112 -36.4197
229.510039 71.975 -39.4679
231.173164 71.825 -42.5596
232.848340 71.663 -45.6981
234.535655 71.490 -48.8893
236.235197 71.308 -52.1418
237.947054 71.119 -55.4678
239.671317 70.927 -58.8837
241.408074 70.734 -62.4138
243.157416 70.545 -66.0920
244.919435 70.364 -69.9678
246.694223 70.197 -74.1145
248.481871 70.048 -78.6466
250.282473 69.925 -83.7502
252.096123 69.832 -89.7482
253.922915 69.775 -97.2467
255.762945 69.757 -107.4938
257.616309 69.779 -123.2689
259.483103 69.842 -150.0446
261.363424 69.942 171.6285
263.257372 70.076 139.8918
265.165043 70.239 120.8489
267.086538 70.425 108.7870
269.021957 70.627 100.0720
270.971401 70.841 93.0804
272.934972 71.062 87.0547
274.912771 71.284 81.6093
276.904902 71.505 76.5330
278.911469 71.720 71.7024
280.932577 71.927 67.0436
282.968330 72.124 62.5123
285.018835 72.308 58.0830
287.084199 72.479 53.7429
289.164530 72.634 49.4904
291.259935 72.774 45.3323
293.370525 72.898 41.2845
295.496408 73.006 37.3728
297.637697 73.098 33.6356
299.794503 73.177 30.1254
301.966937 73.244 26.9147
304.155114 73.301 24.1027
306.359147 73.352 21.8267
308.579152 73.399 20.2755
310.815244 73.447 19.7097
313.067539 73.500 20.4762
315.336156 73.560 23.0005
317.621211 73.630 27.6865
319.922826 73.712 34.6316
322.241118 73.806 43.1882
324.576210 73.912 51.8866
326.928223 74.026 59.1886
329.297280 74.146 64.3225
331.683504 74.268 67.3118
334.087019 74.387 68.5448
336.507952 74.500 68.4594
338.946427 74.601 67.4236
341.402572 74.688 65.7197
343.876516 74.759 63.5601
346.368387 74.812 61.1044
348.878315 74.846 58.4760
351.406431 74.863 55.7716
353.952867 74.865 53.0701
356.517756 74.856 50.4355
359.101230 74.839 47.9200
361.703426 74.820 45.5656
364.324478 74.805 43.4036
366.964523 74.800 41.4542
369.623699 74.811 39.7238
372.302145 74.843 38.2023
375.000000 74.898 36.8629
377.717405 74.978 35.6622
380.454501 75.080 34.5430
383.211431 75.200 33.4395
385.988339 75.332 32.2856
388.785369 75.470 31.0238
391.602668 75.606 29.6111
394.440383 75.732 28.0244
397.298660 75.841 26.2621
400.177650 75.928 24.3435
403.077502 75.987 22.3064
405.998368 76.015 20.2021
408.940400 76.009 18.0922
411.903750 75.968 16.0464
414.888575 75.891 14.1405
417.895028 75.780 12.4529
420.923268 75.636 11.0614
423.973452 75.463 10.0393
427.045738 75.265 9.4471
430.140287 75.048 9.3252
433.257261 74.819 9.6799
436.396822 74.586 10.4728
439.559133 74.358 11.6145
442.744360 74.146 12.9708
445.952668 73.959 14.3782
449.184225 73.807 15.6731
452.439199 73.698 16.7175
455.717760 73.634 17.4167
459.020079 73.619 17.7229
462.346327 73.649 17.6270
465.696680 73.719 17.1471
469.071310 73.823 16.3171
472.470394 73.952 15.1771
475.894109 74.099 13.7682
479.342634 74.256 12.1283
482.816148 74.414 10.2926
486.314833 74.569 8.2931
489.838871 74.713 6.1608
493.388445 74.841 3.9257
496.963741 74.951 1.6185
500.564945 75.037 -0.7281
504.192245 75.099 -3.0815
507.845830 75.135 -5.4072
511.525890 75.143 -7.6719
515.232618 75.126 -9.8434
518.966206 75.084 -11.8933
522.726849 75.021 -13.7988
526.514743 74.940 -15.5452
530.330086 74.847 -17.1260
534.173076 74.748 -18.5455
538.043915 74.650 -19.8177
541.942803 74.559 -20.9659
545.869944 74.484 -22.0195
549.825542 74.429 -23.0133
553.809805 74.398 -23.9844
557.822939 74.392 -24.9698
561.865154 74.411 -26.0045
565.936660 74.453 -27.1199
570.037671 74.512 -28.3423
574.168399 74.584 -29.6921
578.329060 74.663 -31.1852
582.519870 74.742 -32.8328
586.741049 74.817 -34.6417
590.992817 74.884 -36.6155
595.275394 74.938 -38.7538
599.589005 74.978 -41.0542
603.933874 75.001 -43.5123
608.310228 75.006 -46.1228
612.718295 74.994 -48.8793
617.158304 74.964 -51.7745
621.630488 74.917 -54.8019
626.135079 74.852 -57.9534
630.672311 74.769 -61.2201
635.242423 74.668 -64.5914
639.845651 74.549 -68.0548
644.482237 74.410 -71.5969
649.152421 74.251 -75.2021
653.856447 74.071 -78.8566
658.594560 73.869 -82.5475
663.367008 73.645 -86.2659
668.174039 73.399 -90.0067
673.015903 73.133 -93.7732
677.892854 72.850 -97.5770
682.805145 72.552 -101.4424
687.753032 72.244 -105.4119
692.736774 71.931 -109.5568
697.756631 71.619 -113.9929
702.812863 71.315 -118.9155
707.905735 71.026 -124.6758
713.035511 70.760 -131.9708
718.202461 70.522 -142.3623
723.406852 70.319 -159.7518
728.648956 70.155 167.7394
733.929047 70.033 125.1008
739.247399 69.954 97.6644
744.604290 69.918 83.2789
750.000000 69.923 74.7399
755.434809 69.969 68.9857
760.909001 70.051 64.7491
766.422861 70.167 61.4247
771.976677 70.313 58.6746
777.570739 70.485 56.2838
783.205337 70.678 54.1013
788.880766 70.885 52.0157
794.597321 71.101 49.9465
800.355301 71.319 47.8381
806.155005 71.532 45.6562
811.996736 71.736 43.3866
817.880799 71.924 41.0299
823.807501 72.093 38.5996
829.777150 72.242 36.1189
835.790057 72.368 33.6160
841.846536 72.473 31.1216
847.946903 72.556 28.6652
854.091476 72.619 26.2720
860.280575 72.666 23.9607
866.514523 72.699 21.7433
872.793644 72.720 19.6244
879.118267 72.733 17.6033
885.488720 72.741 15.6736
891.905336 72.746 13.8276
898.368450 72.751 12.0557
904.878398 72.759 10.3464
911.435520 72.770 8.6871
918.040157 72.787 7.0652
924.692655 72.811 5.4672
931.393359 72.840 3.8810
938.142619 72.874 2.2974
944.940787 72.912 0.7103
951.788218 72.950 -0.8804
958.685268 72.988 -2.4706
965.632296 73.023 -4.0527
972.629666 73.056 -5.6171
979.677741 73.084 -7.1548
986.776890 73.109 -8.6587
993.927482 73.131 -10.1263
1001.129891 73.148 -11.5612
1008.384491 73.162 -12.9729
1015.691660 73.170 -14.3765
1023.051781 73.171 -15.7892
1030.465236 73.164 -17.2279
1037.932411 73.147 -18.7074
1045.453698 73.115 -20.2363
1053.029486 73.068 -21.8159
1060.660172 73.003 -23.4414
1068.346153 72.918 -25.1025
1076.087829 72.813 -26.7870
1083.885605 72.687 -28.4816
1091.739887 72.541 -30.1750
1099.651084 72.377 -31.8617
1107.619609 72.198 -33.5422
1115.645878 72.006 -35.2217
1123.730308 71.806 -36.9091
1131.873321 71.602 -38.6146
1140.075341 71.395 -40.3439
1148.336797 71.188 -42.0948
1156.658119 70.982 -43.8511
1165.039741 70.778 -45.5780
1173.482099 70.576 -47.2198
1181.985634 70.377 -48.6899
1190.550789 70.182 -49.8630
1199.178011 69.993 -50.5588
1207.867749 69.814 -50.5193
1216.620457 69.651 -49.3716
1225.436590 69.510 -46.5900
1234.316609 69.399 -41.4977
1243.260976 69.323 -33.4612
1252.270157 69.288 -22.5409
1261.344623 69.295 -10.3147
1270.484846 69.341 0.6594
1279.691303 69.420 8.7495
1288.964474 69.524 13.8549
1298.304842 69.643 16.5989
1307.712894 69.767 17.6613
1317.189120 69.888 17.5731
1326.734016 69.997 16.7136
1336.348077 70.090 15.3490
1346.031806 70.162 13.6689
1355.785708 70.209 11.8138
1365.610290 70.229 9.8920
1375.506065 70.221 7.9911
1385.473549 70.186 6.1846
1395.513261 70.124 4.5344
1405.625726 70.039 3.0931
1415.811469 69.934 1.9027
1426.071023 69.813 0.9926
1436.404921 69.682 0.3770
1446.813703 69.548 0.0503
1457.297912 69.416 -0.0131
1467.858093 69.292 0.1423
1478.494798 69.181 0.4568
1489.208581 69.087 0.8623
1500.000000 69.010 1.2909
1510.869618 68.953 1.6821
1521.818002 68.913 1.9879
1532.845723 68.890 2.1747
1543.953355 68.880 2.2225
1555.141477 68.879 2.1232
1566.410674 68.886 1.8784
1577.761531 68.895 1.4995
1589.194642 68.903 1.0046
1600.710601 68.906 0.4191
1612.310010 68.901 -0.2268
1623.993473 68.885 -0.9000
1635.761599 68.857 -1.5665
1647.615002 68.816 -2.1946
1659.554299 68.761 -2.7579
1671.580114 68.696 -3.2385
1683.693072 68.620 -3.6267
1695.893807 68.536 -3.9232
1708.182952 68.447 -4.1378
1720.561150 68.355 -4.2859
1733.029045 68.263 -4.3862
1745.587288 68.171 -4.4576
1758.236533 68.082 -4.5176
1770.977440 67.996 -4.5800
1783.810673 67.913 -4.6554
1796.736900 67.834 -4.7513
1809.756796 67.758 -4.8722
1822.871040 67.684 -5.0199
1836.080315 67.612 -5.1930
1849.385310 67.538 -5.3857
1862.786718 67.462 -5.5865
1876.285239 67.383 -5.7782
1889.881575 67.298 -5.9374
1903.576436 67.207 -6.0344
1917.370535 67.110 -6.0370
1931.264593 67.010 -5.9111
1945.259332 66.909 -5.6228
1959.355483 66.811 -5.1409
1973.553781 66.720 -4.4404
1987.854965 66.644 -3.5040
2002.259781 66.588 -2.3259
2016.768981 66.559 -0.9155
2031.383320 66.561 0.6986
2046.103561 66.598 2.4634
2060.930471 66.672 4.3030
2075.864823 66.781 6.1237
2090.907395 66.923 7.8228
2106.058972 67.091 9.3026
2121.320344 67.279 10.4824
2136.692305 67.480 11.3076
2152.175658 67.685 11.7518
2167.771210 67.889 11.8145
2183.479774 68.083 11.5151
2199.302169 68.265 10.8868
2215.239219 68.429 9.9706
2231.291755 68.573 8.8110
2247.460615 68.694 7.4532
2263.746641 68.791 5.9414
2280.150683 68.861 4.3181
2296.673595 68.904 2.6251
2313.316238 68.918 0.9041
2330.079481 68.904 -0.8026
2346.964198 68.860 -2.4515
2363.971268 68.788 -3.9963
2381.101578 68.687 -5.3878
2398.356022 68.561 -6.5736
2415.735498 68.412 -7.4988
2433.240913 68.244 -8.1079
2450.873180 68.063 -8.3475
2468.633217 67.874 -8.1705
2486.521951 67.687 -7.5450
2504.540314 67.511 -6.4642
2522.689246 67.356 -4.9578
2540.969692 67.233 -3.0992
2559.382606 67.149 -1.0067
2577.928947 67.111 1.1687
2596.609683 67.121 3.2645
2615.425787 67.174 5.1327
2634.378241 67.265 6.6593
2653.468031 67.385 7.7756
2672.696154 67.524 8.4561
2692.063613 67.670 8.7109
2711.571415 67.815 8.5759
2731.220579 67.951 8.1018
2751.012130 68.071 7.3489
2770.947098 68.171 6.3823
2791.026522 68.246 5.2698
2811.251451 68.294 4.0807
2831.622938 68.314 2.8849
2852.142045 68.305 1.7534
2872.809842 68.270 0.7578
2893.627406 68.211 -0.0319
2914.595823 68.132 -0.5500
2935.716186 68.039 -0.7404
2956.989596 67.939 -0.5618
2978.417161 67.841 0.0033
3000.000000 67.753 0.9386
3021.739237 67.683 2.1882
3043.636005 67.637 3.6571
3065.691446 67.621 5.2201
3087.906710 67.635 6.7410
3110.282955 67.677 8.0940
3132.821347 67.741 9.1826
3155.523062 67.822 9.9504
3178.389283 67.912 10.3806
3201.421202 68.003 10.4904
3224.620020 68.089 10.3207
3247.986946 68.165 9.9281
3271.523198 68.227 9.3781
3295.230004 68.272 8.7393
3319.108599 68.300 8.0803
3343.160228 68.310 7.4674
3367.386145 68.304 6.9633
3391.787613 68.285 6.6229
3416.365904 68.256 6.4907
3441.122300 68.222 6.5981
3466.058091 68.188 6.9554
3491.174576 68.161 7.5480
3516.473066 68.146 8.3348
3541.954880 68.146 9.2501
3567.621345 68.164 10.2100
3593.473800 68.200 11.1256
3619.513592 68.252 11.9159
3645.742080 68.315 12.5201
3672.160630 68.386 12.9034
3698.770620 68.460 13.0576
3725.573436 68.532 12.9982
3752.570477 68.598 12.7568
3779.763150 68.657 12.3763
3807.152872 68.708 11.9036
3834.741071 68.751 11.3843
3862.529185 68.789 10.8588
3890.518664 68.824 10.3590
3918.710966 68.859 9.9064
3947.107561 68.898 9.5111
3975.709929 68.945 9.1711
4004.519563 69.002 8.8719
4033.537962 69.071 8.5908
4062.766641 69.152 8.2996
4092.207123 69.245 7.9678
4121.860942 69.347 7.5665
4151.729646 69.455 7.0717
4181.814790 69.565 6.4663
4212.117944 69.675 5.7418
4242.640687 69.779 4.8982
4273.384610 69.873 3.9436
4304.351317 69.953 2.8928
4335.542421 70.015 1.7675
4366.959549 70.056 0.5940
4398.604338 70.074 -0.5966
4430.478438 70.068 -1.7717
4462.583511 70.037 -2.8992
4494.921231 69.982 -3.9492
4527.493283 69.905 -4.8981
4560.301365 69.810 -5.7281
4593.347189 69.701 -6.4293
4626.632476 69.581 -6.9984
4660.158962 69.457 -7.4387
4693.928395 69.334 -7.7584
4727.942535 69.215 -7.9669
4762.203156 69.106 -8.0737
4796.712043 69.009 -8.0875
4831.470996 68.928 -8.0142
4866.481826 68.862 -7.8550
4901.746360 68.812 -7.6082
4937.266434 68.778 -7.2682
4973.043902 68.756 -6.8290
5009.080628 68.746 -6.2858
5045.378492 68.744 -5.6392
5081.939384 68.748 -4.8970
5118.765212 68.757 -4.0739
5155.857894 68.767 -3.1904
5193.219366 68.779 -2.2698
5230.851574 68.791 -1.3351
5268.756481 68.806 -0.4065
5306.936062 68.824 0.5001
5345.392309 68.848 1.3712
5384.127225 68.881 2.1937
5423.142830 68.925 2.9542
5462.441159 68.983 3.6365
5502.024259 69.054 4.2227
5541.894195 69.140 4.6941
5582.053045 69.237 5.0322
5622.502902 69.342 5.2224
5663.245876 69.451 5.2567
5704.284090 69.561 5.1326
5745.619684 69.667 4.8556
5787.254813 69.766 4.4379
5829.191647 69.856 3.8960
5871.432373 69.934 3.2495
5913.979192 69.999 2.5179
5956.834323 70.052 1.7192
6000.000000 70.091 0.8684
6043.478473 70.117 -0.0208
6087.272010 70.129 -0.9360
6131.382892 70.129 -1.8639
6175.813420 70.115 -2.7896
6220.565910 70.087 -3.6960
6265.642695 70.046 -4.5627
6311.046124 69.993 -5.3663
6356.778566 69.928 -6.0812
6402.842404 69.852 -6.6820
6449.240040 69.769 -7.1443
6495.973891 69.681 -7.4481
6543.046396 69.592 -7.5798
6590.460007 69.505 -7.5355
6638.217197 69.425 -7.3224
6686.320456 69.356 -6.9589
6734.772290 69.302 -6.4750
6783.575226 69.265 -5.9076
6832.731809 69.246 -5.2985
6882.244600 69.245 -4.6903
6932.116181 69.261 -4.1215
6982.349153 69.292 -3.6228
7032.946133 69.335 -3.2150
7083.909760 69.389 -2.9077
7135.242690 69.449 -2.7023
7186.947600 69.513 -2.5919
7239.027185 69.581 -2.5636
7291.484160 69.651 -2.6018
7344.321260 69.722 -2.6904
7397.541239 69.794 -2.8162
7451.146872 69.867 -2.9692
7505.140954 69.938 -3.1450
7559.526299 70.008 -3.3428
7614.305743 70.074 -3.5642
7669.482141 70.135 -3.8127
7725.058371 70.187 -4.0913
7781.037328 70.230 -4.4009
7837.421932 70.260 -4.7394
7894.215122 70.278 -5.1014
7951.419859 70.282 -5.4805
8009.039125 70.273 -5.8693
8067.075924 70.252 -6.2604
8125.533282 70.222 -6.6477
8184.414245 70.183 -7.0282
8243.721885 70.138 -7.4003
8303.459292 70.089 -7.7638
8363.629581 70.038 -8.1196
8424.235888 69.986 -8.4690
8485.281374 69.934 -8.8112
8546.769221 69.884 -9.1455
8608.702634 69.836 -9.4701
8671.084842 69.790 -9.7827
8733.919097 69.748 -10.0808
8797.208675 69.709 -10.3629
8860.956876 69.676 -10.6276
8925.167022 69.647 -10.8743
8989.842461 69.624 -11.1040
9054.986566 69.607 -11.3186
9120.602731 69.596 -11.5205
9186.694378 69.592 -11.7137
9253.264952 69.594 -11.9023
9320.317925 69.604 -12.0916
9387.856790 69.619 -12.2878
9455.885071 69.641 -12.4978
9524.406312 69.667 -12.7295
9593.424086 69.697 -12.9907
9662.941992 69.729 -13.2889
9732.963653 69.761 -13.6295
9803.492719 69.791 -14.0151
9874.532869 69.818 -14.4441
9946.087805 69.840 -14.9103
10018.161257 69.857 -15.4037
10090.756983 69.869 -15.9117
10163.878768 69.877 -16.4207
10237.530423 69.881 -16.9185
10311.715789 69.883 -17.3940
10386.438732 69.884 -17.8400
10461.703149 69.884 -18.2526
10537.512962 69.883 -18.6312
10613.872125 69.882 -18.9789
10690.784618 69.879 -19.2996
10768.254450 69.873 -19.5984
10846.285661 69.865 -19.8801
10924.882318 69.851 -20.1493
11004.048518 69.832 -20.4108
11083.788390 69.806 -20.6687
11164.106090 69.772 -20.9270
11245.005805 69.732 -21.1908
11326.491752 69.684 -21.4646
11408.568180 69.629 -21.7523
11491.239368 69.567 -22.0558
11574.509626 69.499 -22.3756
11658.383294 69.426 -22.7103
11742.864745 69.349 -23.0565
11827.958384 69.270 -23.4094
11913.668646 69.188 -23.7631
12000.000000 69.106 -24.1117
12086.956947 69.022 -24.4495
12174.544019 68.939 -24.7703
12262.765784 68.854 -25.0691
12351.626840 68.770 -25.3420
12441.131819 68.685 -25.5868
12531.285389 68.600 -25.8025
12622.092249 68.516 -25.9905
12713.557132 68.431 -26.1532
12805.684808 68.346 -26.2938
12898.480079 68.262 -26.4160
12991.947783 68.179 -26.5228
13086.092792 68.097 -26.6177
13180.920015 68.017 -26.7029
13276.434395 67.938 -26.7809
13372.640911 67.862 -26.8524
13469.544580 67.789 -26.9171
13567.150452 67.717 -26.9725
13665.463617 67.648 -27.0145
13764.489200 67.581 -27.0394
13864.232362 67.516 -27.0427
13964.698305 67.451 -27.0204
14065.892266 67.388 -26.9697
14167.819519 67.326 -26.8895
14270.485380 67.265 -26.7804
14373.895200 67.206 -26.6437
14478.054370 67.147 -26.4816
14582.968320 67.091 -26.2976
14688.642520 67.036 -26.0964
14795.082478 66.984 -25.8818
14902.293745 66.935 -25.6577
15010.281908 66.888 -25.4288
15119.052599 66.843 -25.1986
15228.611486 66.800 -24.9697
15338.964283 66.759 -24.7438
15450.116741 66.719 -24.5225
15562.074656 66.680 -24.3063
15674.843864 66.640 -24.0961
15788.430244 66.600 -23.8925
15902.839718 66.559 -23.6978
16018.078250 66.518 -23.5138
16134.151848 66.477 -23.3439
16251.066563 66.436 -23.1909
16368.828491 66.395 -23.0581
16487.443769 66.354 -22.9476
16606.918584 66.313 -22.8599
16727.259161 66.271 -22.7948
16848.471777 66.230 -22.7507
16970.562748 66.188 -22.7239
17093.538442 66.146 -22.7103
17217.405268 66.103 -22.7078
17342.169684 66.059 -22.7119
17467.838194 66.015 -22.7167
17594.417350 65.972 -22.7346
17721.913751 65.930 -22.7754
17850.334044 65.891 -22.7986
17979.684923 65.853 -22.7992
18109.973131 65.818 -22.7993
18241.205462 65.786 -22.8087
18373.388756 65.756 -22.8313
18506.529905 65.728 -22.8704
18640.635849 65.702 -22.9275
18775.713581 65.675 -23.0013
18911.770141 65.648 -23.0901
19048.812624 65.620 -23.1912
19186.848172 65.590 -23.3004
19325.883983 65.559 -23.4143
19465.927305 65.525 -23.5304
19606.985439 65.490 -23.6483
19749.065738 65.452 -23.7709
19892.175609 65.413 -23.9038
20036.322514 65.371 -24.0341
20181.513966 65.327 -23.9393
20327.757536 65.280 -23.8490
20475.060846 65.230 -23.7665
20623.431577 65.175 -23.6941
20772.877464 65.115 -23.6327
20923.406297 65.050 -23.5817
21075.025924 64.978 -23.5394
21227.744250 64.901 -23.5044
21381.569235 64.820 -23.4761
21536.508900 64.735 -23.4553
21692.571321 64.650 -23.4454
21849.764635 64.566 -23.4514
22008.097037 64.487 -23.4800
22167.576780 64.416 -23.5377
22328.212180 64.355 -23.6301
22490.011609 64.305 -23.7609
22652.983504 64.267 -23.9299
22817.136361 64.241 -24.1343
22982.478737 64.224 -24.3682
23149.019252 64.215 -24.6244
23316.766588 64.210 -24.8956
23485.729490 64.208 -25.1758
23655.916767 64.208 -25.4612
23827.337292 64.208 -25.7496
24000.000000 64.208 -26.0404
