* Measurement data measured by REW V5.40 beta 100
* Source: Vector average
* Format: Vector average
* Dated: Sep 23, 2025 2:34:55 PM
* REW Settings:
*  C-weighting compensation: Off
*  Target level: 69.5 dB
* Note: ; Vector average of L2+2dB, R2+2dB
* Measurement: L2R2+2dB
* Smoothing: Psychoacoustic
* Frequency Step: 96 ppo
* Start Frequency: 1.0986328 Hz
*
* Freq(Hz) SPL(dB) Phase(degrees)
1.098633 46.828 86.6364
1.106594 46.783 87.0615
1.114613 46.735 87.5179
1.122690 46.685 88.0069
1.130825 46.632 88.5300
1.139020 46.576 89.0886
1.147273 46.518 89.6840
1.155587 46.457 90.3177
1.163961 46.395 90.9910
1.172395 46.329 91.7053
1.180891 46.262 92.4619
1.189448 46.193 93.2620
1.198068 46.122 94.1070
1.206749 46.049 94.9978
1.215494 45.975 95.9356
1.224302 45.900 96.9210
1.233174 45.824 97.9548
1.242110 45.748 99.0373
1.251111 45.672 100.1686
1.260177 45.596 101.3483
1.269308 45.520 102.5758
1.278506 45.447 103.8498
1.287771 45.375 105.1686
1.297103 45.306 106.5298
1.306502 45.240 107.9304
1.315969 45.178 109.3667
1.325505 45.121 110.8344
1.335111 45.070 112.3285
1.344785 45.026 113.8431
1.354530 44.989 115.3721
1.364346 44.960 116.9087
1.374232 44.941 118.4456
1.384191 44.933 119.9755
1.394221 44.935 121.4906
1.404324 44.949 122.9835
1.414500 44.976 124.4467
1.424750 45.015 125.8732
1.435075 45.067 127.2562
1.445474 45.133 128.5897
1.455948 45.211 129.8683
1.466499 45.302 131.0870
1.477126 45.406 132.2420
1.487830 45.521 133.3298
1.498611 45.647 134.3479
1.509471 45.783 135.2942
1.520409 45.928 136.1675
1.531426 46.081 136.9671
1.542524 46.241 137.6927
1.553701 46.407 138.3444
1.564960 46.578 138.9229
1.576301 46.753 139.4289
1.587723 46.931 139.8636
1.599228 47.112 140.2281
1.610817 47.294 140.5240
1.622490 47.477 140.7528
1.634247 47.660 140.9159
1.646089 47.842 141.0151
1.658018 48.024 141.0519
1.670032 48.204 141.0281
1.682134 48.383 140.9453
1.694323 48.559 140.8053
1.706601 48.732 140.6096
1.718968 48.903 140.3602
1.731424 49.070 140.0586
1.743971 49.234 139.7067
1.756608 49.394 139.3065
1.769338 49.551 138.8597
1.782159 49.703 138.3686
1.795073 49.851 137.8352
1.808081 49.994 137.2619
1.821183 50.134 136.6509
1.834380 50.268 136.0049
1.847673 50.398 135.3266
1.861062 50.522 134.6187
1.874548 50.642 133.8842
1.888132 50.756 133.1262
1.901814 50.866 132.3478
1.915595 50.970 131.5524
1.929476 51.068 130.7433
1.943458 51.161 129.9239
1.957541 51.248 129.0976
1.971726 51.329 128.2679
1.986014 51.405 127.4382
2.000406 51.474 126.6118
2.014901 51.538 125.7920
2.029502 51.595 124.9821
2.044209 51.646 124.1853
2.059022 51.691 123.4045
2.073943 51.730 122.6428
2.088971 51.762 121.9031
2.104109 51.788 121.1881
2.119356 51.807 120.5006
2.134714 51.820 119.8435
2.150183 51.827 119.2193
2.165764 51.827 118.6310
2.181458 51.821 118.0812
2.197266 51.809 117.5729
2.213188 51.792 117.1092
2.229226 51.768 116.6933
2.245379 51.739 116.3285
2.261650 51.705 116.0187
2.278039 51.666 115.7677
2.294547 51.622 115.5797
2.311174 51.574 115.4593
2.327922 51.523 115.4114
2.344791 51.468 115.4412
2.361782 51.411 115.5542
2.378897 51.352 115.7563
2.396135 51.292 116.0535
2.413499 51.231 116.4522
2.430988 51.171 116.9587
2.448604 51.112 117.5793
2.466347 51.055 118.3201
2.484219 51.001 119.1870
2.502221 50.950 120.1848
2.520353 50.904 121.3179
2.538617 50.863 122.5889
2.557013 50.828 123.9991
2.575542 50.799 125.5476
2.594205 50.778 127.2312
2.613004 50.764 129.0438
2.631939 50.757 130.9764
2.651011 50.758 133.0172
2.670221 50.767 135.1511
2.689571 50.783 137.3607
2.709061 50.806 139.6261
2.728691 50.835 141.9263
2.748465 50.870 144.2395
2.768381 50.911 146.5445
2.788442 50.956 148.8210
2.808648 51.004 151.0508
2.829001 51.055 153.2181
2.849501 51.108 155.3103
2.870150 51.162 157.3175
2.890948 51.215 159.2333
2.911897 51.268 161.0538
2.932998 51.319 162.7779
2.954251 51.368 164.4069
2.975659 51.413 165.9437
2.997222 51.455 167.3932
3.018941 51.491 168.7611
3.040818 51.522 170.0543
3.062853 51.548 171.2804
3.085047 51.566 172.4474
3.107403 51.578 173.5639
3.129920 51.582 174.6386
3.152601 51.579 175.6805
3.175446 51.567 176.6986
3.198457 51.547 177.7024
3.221634 51.518 178.7013
3.244979 51.480 179.7051
3.268494 51.434 -179.2762
3.292179 51.378 -178.2321
3.316035 51.314 -177.1519
3.340064 51.241 -176.0240
3.364268 51.159 -174.8362
3.388647 51.068 -173.5756
3.413202 50.970 -172.2278
3.437936 50.864 -170.7779
3.462849 50.750 -169.2089
3.487942 50.630 -167.5028
3.513217 50.503 -165.6397
3.538675 50.371 -163.5979
3.564318 50.234 -161.3542
3.590146 50.093 -158.8835
3.616162 49.948 -156.1599
3.642366 49.801 -153.1572
3.668760 49.653 -149.8502
3.695346 49.504 -146.2171
3.722124 49.354 -142.2418
3.749096 49.206 -137.9177
3.776263 49.059 -133.2516
3.803627 48.915 -128.2670
3.831190 48.774 -123.0067
3.858953 48.636 -117.5320
3.886916 48.502 -111.9193
3.915082 48.373 -106.2532
3.943453 48.248 -100.6168
3.972028 48.128 -95.0835
4.000811 48.012 -89.7095
4.029803 47.902 -84.5306
4.059005 47.795 -79.5615
4.088418 47.693 -74.7981
4.118044 47.595 -70.2211
4.147885 47.501 -65.7988
4.177942 47.411 -61.4909
4.208218 47.326 -57.2501
4.238712 47.244 -53.0237
4.269427 47.166 -48.7546
4.300366 47.092 -44.3819
4.331528 47.023 -39.8415
4.362916 46.958 -35.0667
4.394531 46.899 -29.9915
4.426376 46.845 -24.5546
4.458451 46.798 -18.7075
4.490759 46.757 -12.4252
4.523301 46.722 -5.7200
4.556079 46.695 1.3456
4.589094 46.676 8.6533
4.622348 46.664 16.0363
4.655844 46.660 23.3031
4.689582 46.664 30.2693
4.723564 46.676 36.7865
4.757793 46.695 42.7590
4.792270 46.722 48.1434
4.826997 46.756 52.9392
4.861975 46.797 57.1743
4.897207 46.844 60.8925
4.932695 46.898 64.1437
4.968439 46.958 66.9778
5.004442 47.024 69.4407
5.040706 47.096 71.5734
5.077234 47.174 73.4105
5.114025 47.259 74.9803
5.151084 47.349 76.3055
5.188410 47.446 77.4027
5.226008 47.550 78.2831
5.263878 47.660 78.9526
5.302022 47.778 79.4119
5.340442 47.903 79.6571
5.379142 48.035 79.6802
5.418121 48.174 79.4705
5.457383 48.320 79.0164
5.496929 48.472 78.3094
5.536762 48.631 77.3495
5.576884 48.795 76.1498
5.617296 48.965 74.7438
5.658002 49.139 73.1880
5.699002 49.317 71.5593
5.740299 49.499 69.9468
5.781896 49.683 68.4376
5.823794 49.869 67.1017
5.865995 50.056 65.9824
5.908503 50.244 65.0936
5.951318 50.432 64.4240
5.994444 50.620 63.9454
6.037882 50.806 63.6208
6.081635 50.991 63.4111
6.125705 51.173 63.2799
6.170095 51.353 63.1956
6.214806 51.529 63.1315
6.259841 51.703 63.0663
6.305202 51.872 62.9829
6.350892 52.037 62.8674
6.396913 52.199 62.7082
6.443268 52.356 62.4951
6.489959 52.508 62.2186
6.536988 52.656 61.8693
6.584357 52.800 61.4366
6.632070 52.939 60.9094
6.680129 53.074 60.2743
6.728536 53.206 59.5155
6.777294 53.334 58.6139
6.826405 53.459 57.5461
6.875872 53.581 56.2839
6.925697 53.701 54.7917
6.975884 53.819 53.0259
7.026434 53.935 50.9320
7.077350 54.049 48.4417
7.128635 54.162 45.4704
7.180293 54.274 41.9144
7.232324 54.385 37.6497
7.284732 54.496 32.5362
7.337520 54.605 26.4336
7.390691 54.714 19.2358
7.444247 54.822 10.9330
7.498191 54.928 1.6860
7.552526 55.034 -8.1320
7.607255 55.138 -17.9930
7.662380 55.241 -27.3692
7.717905 55.342 -35.8879
7.773832 55.442 -43.3882
7.830165 55.541 -49.8798
7.886905 55.638 -55.4682
7.944057 55.735 -60.2932
8.001623 55.831 -64.4936
8.059606 55.927 -68.1920
8.118009 56.025 -71.4905
8.176836 56.124 -74.4715
8.236088 56.226 -77.2005
8.295770 56.331 -79.7287
8.355885 56.442 -82.0960
8.416435 56.559 -84.3329
8.477424 56.683 -86.4626
8.538855 56.815 -88.5023
8.600731 56.957 -90.4641
8.663055 57.108 -92.3563
8.725832 57.268 -94.1845
8.789063 57.440 -95.9519
8.852752 57.621 -97.6605
8.916902 57.812 -99.3113
8.981518 58.012 -100.9054
9.046602 58.221 -102.4441
9.112157 58.438 -103.9295
9.178188 58.662 -105.3647
9.244696 58.892 -106.7539
9.311687 59.128 -108.1025
9.379164 59.367 -109.4170
9.447129 59.611 -110.7046
9.515587 59.857 -111.9732
9.584541 60.105 -113.2309
9.653994 60.354 -114.4856
9.723951 60.604 -115.7447
9.794415 60.855 -117.0145
9.865389 61.105 -118.3001
9.936878 61.355 -120.0568
10.008884 61.604 -122.0394
10.081413 61.851 -124.0412
10.154467 62.096 -126.0585
10.228051 62.339 -128.0858
10.302167 62.580 -129.8798
10.376821 62.817 -131.5399
10.452016 63.051 -133.1820
10.527755 63.281 -134.7951
10.604044 63.506 -136.3686
10.680885 63.726 -137.7816
10.758283 63.941 -139.1075
10.836242 64.150 -140.3696
10.914766 64.353 -141.5638
10.993859 64.548 -142.6798
11.073525 64.737 -143.6488
11.153768 64.918 -144.5496
11.234593 65.091 -145.3851
11.316003 65.256 -146.1594
11.398004 65.412 -146.8442
11.480599 65.560 -147.4507
11.563792 65.699 -148.0105
11.647588 65.829 -148.5283
11.731991 65.950 -149.0014
11.817006 66.063 -149.4037
11.902637 66.168 -149.7757
11.988888 66.264 -150.1205
12.075764 66.353 -150.4408
12.163270 66.434 -150.7066
12.251411 66.509 -150.9489
12.340189 66.579 -151.1734
12.429611 66.643 -151.3824
12.519681 66.704 -151.5568
12.610404 66.761 -151.7137
12.701784 66.816 -151.8625
12.793827 66.869 -152.0063
12.886536 66.922 -152.1317
12.979917 66.975 -152.2531
13.073975 67.029 -152.3796
13.168715 67.085 -152.5150
13.264140 67.143 -152.6478
13.360258 67.203 -152.7940
13.457072 67.266 -152.9601
13.554587 67.332 -153.1484
13.652809 67.402 -153.3470
13.751743 67.475 -153.5742
13.851394 67.551 -153.8322
13.951767 67.631 -154.1187
14.052867 67.714 -154.4318
14.154700 67.801 -154.7796
14.257271 67.891 -155.1626
14.360585 67.984 -155.5727
14.464648 68.080 -156.0151
14.569465 68.179 -156.4920
14.675041 68.281 -157.0004
14.781382 68.386 -157.5350
14.888494 68.493 -158.1010
14.996382 68.603 -158.6969
15.105052 68.714 -159.3160
15.214510 68.828 -159.9618
15.324760 68.944 -160.6348
15.435810 69.061 -161.3322
15.547664 69.180 -162.0540
15.660329 69.300 -162.8036
15.773810 69.422 -163.5811
15.888114 69.545 -164.3859
16.003246 69.669 -165.2241
16.119212 69.794 -166.0981
16.236018 69.920 -167.0085
16.353671 70.047 -167.9619
16.472176 70.175 -168.9622
16.591541 70.304 -170.0104
16.711770 70.435 -171.1126
16.832870 70.565 -172.2722
16.954848 70.697 -173.4904
17.077710 70.830 -174.7709
17.201462 70.963 -176.1154
17.326111 71.097 -177.5231
17.451663 71.231 -178.9955
17.578125 71.366 179.4685
17.705503 71.501 177.8703
17.833805 71.636 176.2128
17.963036 71.771 174.4992
18.093203 71.906 172.7334
18.224314 72.040 170.9201
18.356375 72.173 169.0644
18.489393 72.306 167.1718
18.623375 72.437 165.2480
18.758327 72.567 163.2980
18.894258 72.696 161.3278
19.031174 72.823 159.3436
19.169081 72.948 157.3500
19.307988 73.071 155.3527
19.447902 73.192 153.3559
19.588829 73.310 151.3629
19.730778 73.425 149.3783
19.873756 73.538 147.4039
20.017769 73.647 145.4427
20.162826 73.753 143.4966
20.308934 73.856 141.5657
20.456101 73.955 139.6518
20.604334 74.051 137.7538
20.753642 74.143 135.8719
20.904031 74.230 134.0056
21.055511 74.314 132.1523
21.208087 74.394 130.3129
21.361770 74.470 128.4843
21.516566 74.542 126.6665
21.672484 74.610 124.8573
21.829532 74.674 123.0549
21.987718 74.733 121.2593
22.147050 74.788 119.4674
22.307536 74.839 117.6805
22.469186 74.886 115.8952
22.632007 74.929 114.1129
22.796008 74.967 112.3326
22.961197 75.000 110.5544
23.127583 75.030 108.7787
23.295175 75.054 107.0048
23.463982 75.074 105.2348
23.634011 75.089 103.4673
23.805273 75.099 101.7059
23.977776 75.104 99.9486
24.151529 75.104 98.1997
24.326541 75.098 96.4575
24.502821 75.087 94.7258
24.680379 75.070 93.0036
24.859223 75.047 91.2943
25.039363 75.018 89.5976
25.220808 74.983 87.9164
25.403569 74.941 86.2502
25.587654 74.893 84.6021
25.773072 74.838 82.9717
25.959835 74.777 81.3621
26.147950 74.709 79.7726
26.337429 74.635 78.2064
26.528281 74.554 76.6623
26.720516 74.467 75.1441
26.914144 74.374 73.6503
27.109175 74.275 72.1851
27.305619 74.171 70.7470
27.503487 74.062 69.3397
27.702788 73.949 67.9622
27.903534 73.832 66.6174
28.105735 73.711 65.3055
28.309400 73.588 64.0284
28.514542 73.464 62.7872
28.721170 73.338 61.5811
28.929296 73.212 60.4124
29.138929 73.087 59.2787
29.350082 72.964 58.1820
29.562765 72.843 57.1195
29.776989 72.726 56.0901
29.992765 72.613 55.0918
30.210105 72.505 54.1212
30.429020 72.402 53.1763
30.649521 72.306 52.2513
30.871620 72.216 51.3438
31.095328 72.133 50.4495
31.320658 72.056 49.5628
31.547620 71.986 48.6813
31.776228 71.922 47.8002
32.006491 71.863 46.9159
32.238423 71.809 46.0262
32.472036 71.760 45.1273
32.707342 71.713 44.2184
32.944353 71.669 43.2984
33.183081 71.626 42.3655
33.423540 71.584 41.4212
33.665740 71.541 40.4660
33.909696 71.496 39.5010
34.155420 71.448 38.5292
34.402924 71.397 37.5528
34.652222 71.342 36.5736
34.903326 71.282 35.5938
35.156250 71.217 34.6167
35.411007 71.145 33.6590
35.667609 71.067 32.7219
35.926072 70.983 31.8085
36.186407 70.891 30.9198
36.448628 70.792 30.0580
36.712750 70.687 29.2265
36.978786 70.574 28.4282
37.246749 70.454 27.6636
37.516655 70.328 26.9362
37.788516 70.195 26.2479
38.062347 70.055 25.5995
38.338162 69.910 24.9904
38.615977 69.759 24.4225
38.895804 69.603 23.8961
39.177659 69.443 23.4104
39.461556 69.279 22.9625
39.747511 69.111 22.5542
40.035538 68.940 22.1844
40.325652 68.766 21.8522
40.617868 68.591 21.5550
40.912202 68.415 21.2921
41.208669 68.239 21.0638
41.507284 68.064 20.8691
41.808063 67.890 20.7070
42.111021 67.719 20.5765
42.416175 67.551 20.4771
42.723540 67.387 20.4077
43.033132 67.229 20.3667
43.344968 67.078 20.3525
43.659064 66.934 20.3631
43.975435 66.800 20.3964
44.294099 66.677 20.4499
44.615073 66.565 20.5207
44.938372 66.466 20.6063
45.264014 66.381 20.7032
45.592016 66.311 20.8084
45.922394 66.257 20.9187
46.255167 66.220 21.0311
46.590351 66.200 21.1429
46.927964 66.197 21.2509
47.268023 66.211 21.3521
47.610547 66.242 21.4441
47.955552 66.290 21.5242
48.303058 66.353 21.5912
48.653082 66.432 21.6435
49.005642 66.523 21.6797
49.360757 66.628 21.7005
49.718446 66.744 21.7070
50.078726 66.870 21.7010
50.441617 67.005 21.6863
50.807138 67.149 21.6687
51.175307 67.299 21.6557
51.546145 67.455 21.6578
51.919669 67.617 21.6878
52.295901 67.783 21.7621
52.674858 67.953 21.9008
53.056562 68.126 22.1286
53.441032 68.301 22.4760
53.828287 68.479 22.9786
54.218349 68.659 23.6789
54.611238 68.839 24.6281
55.006973 69.021 25.8840
55.405577 69.203 27.5114
55.807068 69.385 29.5797
56.211469 69.567 32.1576
56.618801 69.748 35.3027
57.029084 69.927 39.0447
57.442340 70.104 43.3646
57.858591 70.278 48.1733
58.277858 70.448 53.3036
58.700164 70.615 58.5242
59.125529 70.777 63.5792
59.553977 70.934 68.2387
59.985530 71.085 72.3383
60.420210 71.229 75.7922
60.858039 71.366 78.5846
61.299042 71.496 80.7468
61.743240 71.618 82.3373
62.190657 71.731 83.4261
62.641316 71.835 84.0848
63.095241 71.930 84.3805
63.552455 72.015 84.3732
64.012982 72.091 84.1164
64.476847 72.156 83.6570
64.944073 72.212 83.0353
65.414684 72.257 82.2856
65.888706 72.292 81.4387
66.366163 72.318 80.5210
66.847079 72.334 79.5549
67.331481 72.341 78.5594
67.819392 72.339 77.5513
68.310840 72.329 76.5448
68.805848 72.311 75.5515
69.304444 72.286 74.5809
69.806652 72.255 73.6398
70.312500 72.219 72.7338
70.822013 72.178 71.8652
71.335219 72.135 71.0368
71.852143 72.089 70.2481
72.372814 72.042 69.4976
72.897257 71.996 68.7830
73.425500 71.950 68.0985
73.957572 71.906 67.4407
74.493499 71.866 66.8022
75.033309 71.829 66.1776
75.577032 71.797 65.5593
76.124694 71.770 64.9409
76.676325 71.747 64.3153
77.231953 71.730 63.6771
77.791608 71.717 63.0208
78.355318 71.710 62.3428
78.923113 71.706 61.6393
79.495022 71.706 60.9089
80.071076 71.709 60.1500
80.651304 71.714 59.3631
81.235736 71.720 58.5495
81.824404 71.728 57.7112
82.417337 71.735 56.8508
83.014567 71.742 55.9719
83.616125 71.748 55.0780
84.222042 71.753 54.1735
84.832350 71.756 53.2626
85.447080 71.757 52.3491
86.066265 71.757 51.4374
86.689936 71.754 50.5316
87.318127 71.749 49.6349
87.950871 71.743 48.7504
88.588199 71.735 47.8807
89.230145 71.727 47.0280
89.876744 71.718 46.1941
90.528028 71.709 45.3798
91.184031 71.700 44.5858
91.844788 71.692 43.8113
92.510333 71.685 43.0556
93.180701 71.680 42.3174
93.855927 71.677 41.5948
94.536046 71.677 40.8852
95.221093 71.679 40.1860
95.911104 71.684 39.4944
96.606116 71.691 38.8081
97.306164 71.702 38.1242
98.011284 71.714 37.4395
98.721514 71.729 36.7519
99.436891 71.747 36.0590
100.157452 71.765 35.3593
100.883234 71.785 34.6506
101.614275 71.806 33.9290
102.350614 71.828 33.1935
103.092289 71.849 32.4436
103.839338 71.870 31.6794
104.591801 71.890 30.9007
105.349716 71.909 30.1075
106.113124 71.926 29.3005
106.882063 71.940 28.4806
107.656575 71.953 27.6486
108.436699 71.963 26.8055
109.222476 71.970 25.9532
110.013947 71.974 25.0932
110.811153 71.974 24.2270
111.614136 71.972 23.3564
112.422939 71.967 22.4832
113.237601 71.958 21.6088
114.058168 71.946 20.7345
114.884680 71.932 19.8621
115.717182 71.914 18.9928
116.555716 71.893 18.1283
117.400327 71.870 17.2691
118.251058 71.844 16.4160
119.107954 71.816 15.5703
119.971060 71.785 14.7326
120.840419 71.753 13.9034
121.716079 71.718 13.0830
122.598084 71.682 12.2712
123.486480 71.644 11.4680
124.381314 71.605 10.6730
125.282632 71.565 9.8860
126.190482 71.523 9.1061
127.104910 71.480 8.3325
128.025965 71.436 7.5647
128.953694 71.392 6.8017
129.888145 71.346 6.0425
130.829368 71.300 5.2861
131.777412 71.253 4.5316
132.732325 71.206 3.7780
133.694158 71.157 3.0247
134.662961 71.109 2.2704
135.638785 71.059 1.5139
136.621679 71.008 0.7541
137.611696 70.957 -0.0101
138.608887 70.905 -0.7796
139.613304 70.852 -1.5558
140.625000 70.798 -2.3397
141.644027 70.743 -3.1320
142.670438 70.687 -3.9335
143.704287 70.629 -4.7451
144.745627 70.570 -5.5680
145.794514 70.510 -6.4033
146.851001 70.449 -7.2521
147.915144 70.386 -8.1154
148.986998 70.322 -8.9941
150.066619 70.257 -9.8896
151.154063 70.191 -10.8032
152.249388 70.124 -11.7361
153.352650 70.056 -12.6895
154.463906 69.986 -13.6654
155.583216 69.916 -14.6654
156.710636 69.845 -15.6912
157.846226 69.773 -16.7437
158.990044 69.701 -17.8236
160.142152 69.627 -18.9316
161.302608 69.553 -20.0678
162.471473 69.478 -21.2311
163.648808 69.402 -22.4193
164.834675 69.326 -23.6288
166.029135 69.249 -24.8551
167.232251 69.171 -26.0908
168.444084 69.093 -27.3263
169.664700 69.016 -28.5492
170.894160 68.938 -29.7435
172.132530 68.862 -30.8882
173.379873 68.787 -31.9557
174.636255 68.714 -32.9115
175.901741 68.645 -33.7099
177.176398 68.578 -34.2898
178.460291 68.517 -34.5719
179.753488 68.460 -34.4507
181.056056 68.410 -33.7862
182.368062 68.367 -32.3942
183.689577 68.332 -30.0376
185.020667 68.306 -26.4330
186.361403 68.288 -21.2965
187.711854 68.281 -14.4696
189.072092 68.283 -6.1410
190.442186 68.294 2.9746
191.822209 68.315 11.7914
193.212232 68.346 19.3524
194.612327 68.384 25.2006
196.022568 68.429 29.3439
197.443029 68.480 32.0237
198.873782 68.536 33.5350
200.314904 68.595 34.1436
201.766468 68.657 34.0630
203.228551 68.718 33.4567
204.701229 68.779 32.4491
206.184578 68.838 31.1342
207.678677 68.894 29.5824
209.183602 68.945 27.8479
210.699433 68.992 25.9724
212.226248 69.032 23.9883
213.764127 69.066 21.9208
215.313149 69.091 19.7903
216.873397 69.109 17.6133
218.444951 69.117 15.4041
220.027894 69.115 13.1748
221.622306 69.102 10.9367
223.228273 69.078 8.6993
224.845877 69.042 6.4725
226.475203 68.992 4.2668
228.116336 68.929 2.0928
229.769361 68.852 -0.0384
231.434364 68.759 -2.1145
233.111433 68.650 -4.1221
234.800654 68.525 -6.0470
236.502117 68.383 -7.8741
238.215909 68.224 -9.5862
239.942119 68.047 -11.1652
241.680839 67.853 -12.5926
243.432158 67.642 -13.8489
245.196168 67.415 -14.9144
246.972960 67.172 -15.7691
248.762628 66.915 -16.3935
250.565264 66.645 -16.7682
252.380964 66.365 -16.8747
254.209820 66.076 -16.6951
256.051929 65.782 -16.2119
257.907387 65.484 -15.4087
259.776290 65.188 -14.2714
261.658736 64.897 -12.7885
263.554824 64.614 -10.9547
265.464650 64.345 -8.7740
267.388317 64.093 -6.2648
269.325923 63.865 -3.4642
271.277569 63.664 -0.4312
273.243358 63.496 2.7543
275.223392 63.362 5.9971
277.217775 63.266 9.1959
279.226609 63.210 12.2536
281.250000 63.192 15.0879
283.288053 63.212 17.6382
285.340875 63.267 19.8667
287.408573 63.353 21.7562
289.491254 63.466 23.3079
291.589027 63.603 24.5354
293.702001 63.760 25.4599
295.830287 63.931 26.1071
297.973995 64.114 26.5046
300.133238 64.306 26.6783
302.308127 64.501 26.6513
304.498776 64.699 26.4444
306.705300 64.895 26.0750
308.927813 65.086 25.5595
311.166431 65.270 24.9136
313.421271 65.442 24.1548
315.692451 65.601 23.3040
317.980089 65.745 22.3879
320.284304 65.871 21.4406
322.605216 65.979 20.5051
324.942946 66.068 19.6346
327.297617 66.140 18.8934
329.669350 66.196 18.3579
332.058270 66.241 18.1156
334.464501 66.280 18.2637
336.888169 66.318 18.9046
339.329399 66.363 20.1346
341.788320 66.424 22.0268
344.265059 66.508 24.6027
346.759746 66.622 27.8013
349.272510 66.772 31.4568
351.803482 66.957 35.3071
354.352795 67.179 39.0427
356.920582 67.432 42.3764
359.506975 67.710 45.1025
362.112111 68.006 47.1176
364.736125 68.311 48.4061
367.379153 68.620 49.0106
370.041334 68.924 49.0021
372.722806 69.218 48.4612
375.423709 69.497 47.4662
378.144184 69.757 46.0882
380.884373 69.995 44.3898
383.644418 70.209 42.4249
386.424463 70.397 40.2403
389.224654 70.558 37.8769
392.045137 70.693 35.3711
394.886057 70.801 32.7547
397.747564 70.883 30.0561
400.629807 70.941 27.3021
403.532936 70.975 24.5153
406.457102 70.988 21.7159
409.402458 70.979 18.9203
412.369157 70.950 16.1438
415.357354 70.903 13.4004
418.367204 70.838 10.7050
421.398865 70.755 8.0726
424.452495 70.655 5.5200
427.528253 70.539 3.0664
430.626299 70.408 0.7351
433.746795 70.262 -1.4466
436.889903 70.105 -3.4477
440.055787 69.938 -5.2301
443.244613 69.765 -6.7489
446.456546 69.593 -7.9520
449.691754 69.427 -8.7790
452.950406 69.276 -9.1609
456.232671 69.150 -9.0221
459.538721 69.061 -8.2860
462.868728 69.017 -6.8866
466.222866 69.027 -4.7874
469.601309 69.097 -2.0076
473.004234 69.224 1.3497
476.431817 69.406 5.0816
479.884239 69.633 8.9021
483.361678 69.894 12.4946
486.864316 70.179 15.5813
490.392335 70.477 17.9739
493.945920 70.777 19.5864
497.525256 71.074 20.4179
501.130529 71.360 20.5236
504.761927 71.631 19.9870
508.419640 71.886 18.9009
512.103859 72.120 17.3562
515.814774 72.333 15.4360
519.552581 72.524 13.2137
523.317473 72.692 10.7527
527.109647 72.836 8.1073
530.929301 72.954 5.3249
534.776633 73.046 2.4471
538.651845 73.110 -0.4893
542.555139 73.146 -3.4493
546.486717 73.151 -6.3997
550.446785 73.126 -9.3081
554.435549 73.068 -12.1430
558.453218 72.979 -14.8738
562.500000 72.859 -17.4719
566.576107 72.708 -19.9113
570.681751 72.529 -22.1698
574.817146 72.325 -24.2299
578.982508 72.100 -26.0800
583.178054 71.857 -27.7151
587.404003 71.602 -29.1377
591.660574 71.342 -30.3561
595.947991 71.082 -31.3853
600.266475 70.831 -32.2459
604.616254 70.595 -32.9639
608.997552 70.381 -33.5689
613.410600 70.198 -34.0921
617.855626 70.048 -34.5635
622.332862 69.936 -35.0100
626.842543 69.863 -35.4521
631.384902 69.827 -35.9008
635.960177 69.826 -36.3563
640.568607 69.856 -36.8067
645.210431 69.912 -37.2280
649.885892 69.991 -37.5845
654.595233 70.088 -37.8336
659.338700 70.203 -37.9284
664.116540 70.331 -37.8239
668.929002 70.473 -37.4860
673.776337 70.626 -36.9041
678.658799 70.789 -36.0995
683.576640 70.960 -35.1345
688.530118 71.135 -34.1109
693.519491 71.309 -33.1573
698.545019 71.477 -32.4057
703.606964 71.632 -31.9664
708.705591 71.768 -31.9092
713.841163 71.878 -32.2574
719.013951 71.956 -32.9903
724.224222 71.999 -34.0518
729.472249 72.002 -35.3633
734.758306 71.963 -36.8337
740.082668 71.882 -38.3680
745.445612 71.758 -39.8743
750.847418 71.593 -41.2692
756.288368 71.390 -42.4830
761.768745 71.152 -43.4647
767.288835 70.882 -44.1842
772.848927 70.588 -44.6330
778.449309 70.273 -44.8243
784.090273 69.946 -44.7874
789.772115 69.613 -44.5616
795.495129 69.279 -44.1867
801.259614 68.953 -43.6966
807.065872 68.638 -43.1140
812.914204 68.339 -42.4497
818.804915 68.058 -41.7050
824.738313 67.796 -40.8751
830.714707 67.552 -39.9524
836.734408 67.326 -38.9291
842.797731 67.114 -37.7970
848.904991 66.915 -36.5462
855.056506 66.726 -35.1652
861.252598 66.547 -33.6430
867.493589 66.378 -31.9724
873.779805 66.219 -30.1566
880.111574 66.072 -28.2149
886.489225 65.942 -26.1850
892.913092 65.830 -24.1176
899.383508 65.741 -22.0697
905.900812 65.676 -20.0938
912.465342 65.638 -18.2287
919.077442 65.629 -16.4957
925.737456 65.650 -14.8998
932.445732 65.700 -13.4363
939.202618 65.779 -12.0972
946.008467 65.883 -10.8774
952.863634 66.010 -9.7774
959.768477 66.154 -8.8021
966.723355 66.309 -7.9581
973.728631 66.467 -7.2483
980.784670 66.624 -6.6660
987.891840 66.772 -6.1917
995.050512 66.909 -5.7939
1002.261058 67.031 -5.4318
1009.523855 67.138 -5.0614
1016.839281 67.231 -4.6430
1024.207717 67.311 -4.1498
1031.629549 67.382 -3.5756
1039.105162 67.449 -2.9395
1046.634946 67.514 -2.2835
1054.219294 67.579 -1.6661
1061.858602 67.647 -1.1517
1069.553267 67.717 -0.7989
1077.303691 67.788 -0.6509
1085.110277 67.859 -0.7305
1092.973434 67.928 -1.0399
1100.893570 67.994 -1.5672
1108.871098 68.056 -2.2904
1116.906436 68.112 -3.1822
1125.000000 68.163 -4.2152
1133.152214 68.209 -5.3644
1141.363502 68.250 -6.6083
1149.634292 68.286 -7.9282
1157.965016 68.317 -9.3065
1166.356108 68.342 -10.7270
1174.808005 68.361 -12.1748
1183.321148 68.372 -13.6332
1191.895981 68.374 -15.0842
1200.532951 68.366 -16.5086
1209.232507 68.346 -17.8863
1217.995105 68.313 -19.1952
1226.821199 68.267 -20.4141
1235.711251 68.207 -21.5231
1244.665724 68.134 -22.5045
1253.685085 68.048 -23.3436
1262.769804 67.950 -24.0310
1271.920355 67.841 -24.5629
1281.137214 67.722 -24.9423
1290.420862 67.594 -25.1798
1299.771784 67.459 -25.2929
1309.190466 67.318 -25.3058
1318.677400 67.172 -25.2476
1328.233080 67.024 -25.1478
1337.858004 66.874 -25.0357
1347.552675 66.726 -24.9357
1357.317597 66.582 -24.8648
1367.153280 66.443 -24.8303
1377.060236 66.312 -24.8289
1387.038982 66.189 -24.8480
1397.090039 66.076 -24.8677
1407.213929 65.975 -24.8610
1417.411181 65.885 -24.7965
1427.682327 65.809 -24.6396
1438.027902 65.747 -24.3550
1448.448444 65.701 -23.9092
1458.944499 65.672 -23.2717
1469.516612 65.660 -22.4161
1480.165335 65.667 -21.3236
1490.891224 65.692 -19.9863
1501.694836 65.735 -18.4122
1512.576736 65.795 -16.6292
1523.537490 65.871 -14.6891
1534.577671 65.959 -12.6669
1545.697853 66.059 -10.6547
1556.898617 66.167 -8.7500
1568.180546 66.281 -7.0415
1579.544229 66.396 -5.5954
1590.990258 66.511 -4.4498
1602.519229 66.623 -3.6133
1614.131744 66.728 -3.0701
1625.828408 66.826 -2.7862
1637.609831 66.917 -2.7172
1649.476627 67.001 -2.8158
1661.429414 67.079 -3.0374
1673.468817 67.153 -3.3444
1685.595461 67.224 -3.7079
1697.809981 67.295 -4.1107
1710.113012 67.367 -4.5447
1722.505196 67.441 -5.0094
1734.987179 67.514 -5.5092
1747.559611 67.587 -6.0502
1760.223148 67.658 -6.6379
1772.978451 67.723 -7.2756
1785.826183 67.782 -7.9630
1798.767016 67.832 -8.6967
1811.801623 67.873 -9.4707
1824.930685 67.903 -10.2770
1838.154885 67.922 -11.1077
1851.474913 67.930 -11.9539
1864.891463 67.929 -12.8078
1878.405236 67.917 -13.6622
1892.016934 67.897 -14.5102
1905.727269 67.868 -15.3445
1919.536954 67.831 -16.1583
1933.446710 67.787 -16.9444
1947.457262 67.735 -17.6943
1961.569340 67.676 -18.3994
1975.783680 67.611 -19.0525
1990.101023 67.540 -19.6477
2004.522116 67.463 -20.1821
2019.047709 67.383 -20.6566
2033.678561 67.299 -21.0774
2048.415435 67.214 -21.4565
2063.259097 67.128 -21.8094
2078.210323 67.043 -22.1526
2093.269892 66.958 -22.5009
2108.438588 66.873 -22.8636
2123.717204 66.787 -23.2420
2139.106534 66.699 -23.6275
2154.607382 66.608 -24.0017
2170.220555 66.513 -24.3371
2185.946868 66.412 -24.5987
2201.787140 66.307 -24.7479
2217.742197 66.197 -24.7452
2233.812871 66.087 -24.5553
2250.000000 65.980 -24.1530
2266.304428 65.881 -23.5295
2282.727004 65.794 -22.6970
2299.268584 65.726 -21.6921
2315.930032 65.679 -20.5732
2332.712216 65.657 -19.4156
2349.616010 65.660 -18.3006
2366.642297 65.686 -17.3034
2383.791962 65.732 -16.4833
2401.065902 65.792 -15.8778
2418.465015 65.863 -15.5028
2435.990209 65.940 -15.3566
2453.642398 66.019 -15.4243
2471.422503 66.098 -15.6846
2489.331449 66.176 -16.1152
2507.370171 66.250 -16.6953
2525.539609 66.320 -17.4084
2543.840710 66.385 -18.2411
2562.274428 66.442 -19.1821
2580.841725 66.490 -20.2198
2599.543568 66.527 -21.3401
2618.380932 66.550 -22.5247
2637.354800 66.556 -23.7490
2656.466160 66.544 -24.9815
2675.716009 66.512 -26.1832
2695.105350 66.459 -27.3069
2714.635194 66.384 -28.2989
2734.306560 66.289 -29.0988
2754.120472 66.176 -29.6421
2774.077965 66.047 -29.8629
2794.180077 65.909 -29.6997
2814.427858 65.767 -29.1045
2834.822362 65.630 -28.0549
2855.364654 65.506 -26.5657
2876.055803 65.404 -24.7008
2896.896889 65.330 -22.5748
2917.888998 65.291 -20.3434
2939.033224 65.287 -18.1788
2960.330671 65.317 -16.2389
2981.782447 65.375 -14.6430
3003.389672 65.455 -13.4601
3025.153472 65.548 -12.7105
3047.074981 65.646 -12.3761
3069.155342 65.742 -12.4127
3091.395707 65.829 -12.7612
3113.797234 65.903 -13.3575
3136.361093 65.960 -14.1359
3159.088458 65.998 -15.0338
3181.980515 66.018 -15.9919
3205.038458 66.018 -16.9557
3228.263488 66.003 -17.8766
3251.656816 65.972 -18.7105
3275.219661 65.931 -19.4177
3298.953253 65.882 -19.9645
3322.858828 65.830 -20.3252
3346.937633 65.780 -20.4821
3371.190923 65.737 -20.4291
3395.619962 65.704 -20.1757
3420.226024 65.687 -19.7478
3445.010392 65.688 -19.1869
3469.974357 65.708 -18.5495
3495.119222 65.749 -17.9005
3520.446296 65.809 -17.3047
3545.956901 65.884 -16.8191
3571.652367 65.971 -16.4878
3597.534032 66.065 -16.3379
3623.603247 66.162 -16.3798
3649.861370 66.259 -16.6095
3676.309770 66.352 -17.0115
3702.949826 66.439 -17.5634
3729.782927 66.519 -18.2392
3756.810471 66.590 -19.0120
3784.033869 66.653 -19.8554
3811.454538 66.707 -20.7450
3839.073909 66.753 -21.6599
3866.893421 66.792 -22.5827
3894.914525 66.824 -23.4993
3923.138681 66.850 -24.4000
3951.567361 66.873 -25.2785
3980.202047 66.894 -26.1334
4009.044232 66.913 -26.9667
4038.095419 66.931 -27.7819
4067.357123 66.948 -28.5832
4096.830869 66.964 -29.3730
4126.518194 66.979 -30.1514
4156.420646 66.989 -30.9143
4186.539784 66.994 -31.6530
4216.877177 66.992 -32.3539
4247.434407 66.981 -32.9995
4278.213068 66.961 -33.5709
4309.214763 66.932 -34.0503
4340.441110 66.894 -34.4233
4371.893735 66.848 -34.6824
4403.574279 66.797 -34.8288
4435.484394 66.744 -34.8740
4467.625742 66.689 -34.8382
4500.000000 66.636 -34.7483
4532.608855 66.585 -34.6329
4565.454007 66.536 -34.5169
4598.537169 66.490 -34.4172
4631.860065 66.446 -34.3400
4665.424432 66.404 -34.2807
4699.232021 66.362 -34.2264
4733.284593 66.322 -34.1585
4767.583925 66.284 -34.0573
4802.131803 66.251 -33.9080
4836.930030 66.225 -33.7037
4871.980419 66.209 -33.4468
4907.284797 66.206 -33.1503
4942.845006 66.219 -32.8355
4978.662898 66.247 -32.5284
5014.740342 66.291 -32.2553
5051.079217 66.349 -32.0399
5087.681420 66.416 -31.8980
5124.548856 66.490 -31.8364
5161.683450 66.567 -31.8510
5199.087136 66.643 -31.9283
5236.761864 66.716 -32.0483
5274.709600 66.785 -32.1880
5312.932320 66.850 -32.3247
5351.432018 66.913 -32.4417
5390.210700 66.973 -32.5316
5429.270389 67.034 -32.5980
5468.613120 67.096 -32.6558
5508.240945 67.160 -32.7285
5548.155929 67.224 -32.8434
5588.360154 67.287 -33.0270
5628.855716 67.347 -33.2985
5669.644725 67.401 -33.6663
5710.729307 67.446 -34.1284
5752.111606 67.479 -34.6719
5793.793778 67.500 -35.2751
5835.777996 67.508 -35.9128
5878.066449 67.503 -36.5588
5920.661342 67.487 -37.1897
5963.564894 67.461 -37.7876
6006.779344 67.428 -38.3416
6050.306943 67.389 -38.8465
6094.149961 67.347 -39.3002
6138.310684 67.301 -39.7010
6182.791414 67.254 -40.0447
6227.594469 67.206 -40.3227
6272.722186 67.157 -40.5216
6318.176916 67.108 -40.6249
6363.961031 67.060 -40.6178
6410.076916 67.016 -40.4918
6456.526975 66.976 -40.2489
6503.313631 66.944 -39.9049
6550.439323 66.922 -39.4896
6597.906506 66.910 -39.0433
6645.717657 66.909 -38.6105
6693.875266 66.919 -38.2329
6742.381846 66.939 -37.9425
6791.239924 66.966 -37.7570
6840.452048 67.000 -37.6809
6890.020784 67.039 -37.7079
6939.948714 67.081 -37.8241
6990.238444 67.125 -38.0142
7040.892593 67.172 -38.2631
7091.913803 67.222 -38.5611
7143.304734 67.274 -38.9042
7195.068065 67.328 -39.2933
7247.206494 67.383 -39.7303
7299.722739 67.437 -40.2174
7352.619540 67.489 -40.7530
7405.899652 67.537 -41.3310
7459.565853 67.578 -41.9400
7513.620943 67.611 -42.5650
7568.067737 67.635 -43.1881
7622.909076 67.650 -43.7903
7678.147817 67.657 -44.3551
7733.786842 67.655 -44.8687
7789.829049 67.647 -45.3205
7846.277361 67.635 -45.7024
7903.134722 67.621 -46.0084
7960.404094 67.608 -46.2361
8018.088463 67.597 -46.3861
8076.190838 67.593 -46.4627
8134.714246 67.598 -46.4765
8193.661738 67.612 -46.4456
8253.036389 67.638 -46.3940
8312.841293 67.674 -46.3502
8373.079567 67.720 -46.3441
8433.754353 67.775 -46.4028
8494.868814 67.835 -46.5471
8556.426135 67.899 -46.7903
8618.429526 67.965 -47.1391
8680.882219 68.030 -47.5940
8743.787470 68.092 -48.1511
8807.148559 68.149 -48.8039
8870.968788 68.199 -49.5432
8935.251484 68.241 -50.3575
9000.000000 68.271 -51.2317
9065.217710 68.290 -52.1468
9130.908014 68.295 -53.0798
9197.074338 68.286 -54.0054
9263.720130 68.266 -54.8978
9330.848865 68.235 -55.7335
9398.464042 68.196 -56.4946
9466.569187 68.154 -57.1695
9535.167849 68.112 -57.7551
9604.263606 68.074 -58.2566
9673.860059 68.042 -58.6871
9743.960837 68.018 -59.0668
9814.569594 68.004 -59.4211
9885.690011 67.997 -59.7783
9957.325796 67.997 -60.1666
10029.480683 68.000 -60.6107
10102.158435 68.002 -61.1282
10175.362839 67.999 -61.7277
10249.097713 67.989 -62.4080
10323.366900 67.968 -63.1580
10398.174272 67.934 -63.9589
10473.523729 67.886 -64.7878
10549.419199 67.824 -65.6193
10625.864640 67.749 -66.4297
10702.864035 67.661 -67.1979
10780.421400 67.563 -67.9074
10858.540777 67.456 -68.5485
10937.226240 67.345 -69.1188
11016.481890 67.231 -69.6240
11096.311859 67.119 -70.0763
11176.720309 67.010 -70.4930
11257.711431 66.909 -70.8943
11339.289449 66.816 -71.3005
11421.458615 66.733 -71.7292
11504.223212 66.661 -72.1933
11587.587556 66.598 -72.7009
11671.555992 66.544 -73.2543
11756.132898 66.497 -73.8511
11841.322683 66.455 -74.4842
11927.129788 66.415 -75.1433
12013.558688 66.376 -75.8162
12100.613886 66.335 -76.4896
12188.299922 66.292 -77.1498
12276.621368 66.245 -77.7852
12365.582827 66.194 -78.3864
12455.188938 66.140 -78.9477
12545.444371 66.084 -79.4668
12636.353832 66.027 -79.9458
12727.922061 65.971 -80.3906
12820.153831 65.916 -80.8103
12913.053951 65.865 -81.2158
13006.627263 65.818 -81.6197
13100.878646 65.776 -82.0338
13195.813013 65.738 -82.4683
13291.435313 65.705 -82.9304
13387.750533 65.675 -83.4234
13484.763692 65.647 -83.9466
13582.479848 65.621 -84.4941
13680.904096 65.596 -85.0571
13780.041567 65.570 -85.6248
13879.897429 65.543 -86.1849
13980.476887 65.516 -86.7246
14081.785186 65.488 -87.2339
14183.827606 65.460 -87.7055
14286.609468 65.432 -88.1358
14390.136129 65.407 -88.5248
14494.412988 65.383 -88.8763
14599.445479 65.363 -89.1976
14705.239079 65.346 -89.4986
14811.799303 65.333 -89.7885
14919.131707 65.322 -90.0763
15027.241885 65.314 -90.3701
15136.135475 65.309 -90.6748
15245.818152 65.305 -90.9922
15356.295635 65.302 -91.3223
15467.573683 65.300 -91.6634
15579.658098 65.299 -92.0124
15692.554723 65.297 -92.3662
15806.269443 65.295 -92.7220
15920.808187 65.292 -93.0782
16036.176927 65.289 -93.4344
16152.381675 65.284 -93.7915
16269.428491 65.278 -94.1512
16387.323477 65.270 -94.5165
16506.072778 65.260 -94.8905
16625.682585 65.246 -95.2754
16746.159135 65.230 -95.6737
16867.508707 65.210 -96.0863
16989.737628 65.186 -96.5126
17112.852271 65.158 -96.9511
17236.859053 65.125 -97.4015
17361.764439 65.089 -97.8599
17487.574941 65.049 -98.3201
17614.297118 65.007 -98.7960
17741.937576 64.963 -99.2908
17870.502969 64.918 -99.7552
18000.000000 64.874 -100.1901
18130.435420 64.832 -100.6152
18261.816029 64.792 -101.0353
18394.148676 64.756 -101.4538
18527.440260 64.724 -101.8742
18661.697729 64.697 -102.2997
18796.928084 64.676 -102.7321
18933.138373 64.659 -103.1737
19070.335698 64.646 -103.6265
19208.527212 64.637 -104.0913
19347.720119 64.631 -104.5696
19487.921674 64.627 -105.0638
19629.139188 64.624 -105.5773
19771.380022 64.621 -106.1158
19914.651592 64.617 -106.6888
20058.961367 64.611 -107.2354
20204.316870 64.600 -107.6160
20350.725678 64.584 -108.0191
20498.195426 64.560 -108.4467
20646.733800 64.528 -108.9002
20796.348544 64.484 -109.3809
20947.047458 64.429 -109.8897
21098.838399 64.362 -110.4273
21251.729279 64.281 -110.9947
21405.728070 64.188 -111.5930
21560.842800 64.084 -112.2239
21717.081554 63.972 -112.8895
21874.452480 63.856 -113.5926
22032.963779 63.741 -114.3359
22192.623718 63.632 -115.1220
22353.440617 63.535 -115.9520
22515.422863 63.454 -116.8255
22678.578898 63.390 -117.7394
22842.917229 63.346 -118.6887
23008.446424 63.317 -119.6669
23175.175112 63.301 -120.6674
23343.111984 63.293 -121.6842
23512.265796 63.290 -122.7130
23682.645366 63.289 -123.7511
23854.259577 63.289 -124.7974
24027.117375 63.289 -125.8514
