* Measurement data measured by REW V5.40 beta 100
* Source: 
* Format: 
* Dated: Sep 23, 2025 2:56:23 PM
* REW Settings:
*  C-weighting compensation: Off
*  Target level: 75.0 dB
* Note: ; Minimum phase copy of LX-MP-INV+0dB Cal file effects not included No LF tail No HF tail
* Measurement: LFilter
* Smoothing: 1/48 octave
* Frequency Step: 96 ppo
* Start Frequency: 1.0986328 Hz
*
* Freq(Hz) SPL(dB) Phase(degrees)
1.098633 0.066 -0.1135
1.106594 0.064 -0.1144
1.114613 0.061 -0.1152
1.122690 0.059 -0.1161
1.130825 0.056 -0.1169
1.139020 0.054 -0.1177
1.147273 0.051 -0.1186
1.155587 0.049 -0.1194
1.163961 0.046 -0.1203
1.172395 0.044 -0.1212
1.180891 0.041 -0.1220
1.189448 0.038 -0.1229
1.198068 0.036 -0.1238
1.206749 0.033 -0.1246
1.215494 0.030 -0.1255
1.224302 0.028 -0.1264
1.233174 0.025 -0.1273
1.242110 0.022 -0.1282
1.251111 0.019 -0.1291
1.260177 0.017 -0.1300
1.269308 0.014 -0.1309
1.278506 0.011 -0.1318
1.287771 0.008 -0.1327
1.297103 0.005 -0.1337
1.306502 0.002 -0.1346
1.315969 -0.001 -0.1355
1.325505 -0.004 -0.1365
1.335111 -0.006 -0.1374
1.344785 -0.009 -0.1384
1.354530 -0.012 -0.1393
1.364346 -0.015 -0.1403
1.374232 -0.019 -0.1413
1.384191 -0.022 -0.1423
1.394221 -0.025 -0.1433
1.404324 -0.028 -0.1443
1.414500 -0.031 -0.1453
1.424750 -0.034 -0.1463
1.435075 -0.037 -0.1474
1.445474 -0.040 -0.1484
1.455948 -0.044 -0.1495
1.466499 -0.046 -0.1505
1.477126 -0.046 -0.1516
1.487830 -0.045 -0.1527
1.498611 -0.044 -0.1538
1.509471 -0.042 -0.1549
1.520409 -0.039 -0.1560
1.531426 -0.036 -0.1571
1.542524 -0.033 -0.1583
1.553701 -0.030 -0.1594
1.564960 -0.026 -0.1605
1.576301 -0.021 -0.1617
1.587723 -0.017 -0.1629
1.599228 -0.012 -0.1640
1.610817 -0.007 -0.1652
1.622490 -0.002 -0.1664
1.634247 0.004 -0.1676
1.646089 0.009 -0.1688
1.658018 0.015 -0.1700
1.670032 0.020 -0.1713
1.682134 0.026 -0.1725
1.694323 0.031 -0.1737
1.706601 0.036 -0.1750
1.718968 0.041 -0.1763
1.731424 0.046 -0.1775
1.743971 0.050 -0.1788
1.756608 0.054 -0.1801
1.769338 0.058 -0.1814
1.782159 0.061 -0.1827
1.795073 0.063 -0.1840
1.808081 0.065 -0.1854
1.821183 0.066 -0.1867
1.834380 0.066 -0.1881
1.847673 0.066 -0.1894
1.861062 0.064 -0.1908
1.874548 0.062 -0.1922
1.888132 0.059 -0.1935
1.901814 0.055 -0.1949
1.915595 0.051 -0.1964
1.929476 0.046 -0.1978
1.943458 0.041 -0.1992
1.957541 0.035 -0.2006
1.971726 0.029 -0.2021
1.986014 0.023 -0.2036
2.000406 0.016 -0.2050
2.014901 0.010 -0.2065
2.029502 0.003 -0.2080
2.044209 -0.004 -0.2095
2.059022 -0.010 -0.2110
2.073943 -0.017 -0.2126
2.088971 -0.023 -0.2141
2.104109 -0.028 -0.2156
2.119356 -0.033 -0.2172
2.134714 -0.038 -0.2188
2.150183 -0.041 -0.2204
2.165764 -0.044 -0.2220
2.181458 -0.046 -0.2236
2.197266 -0.046 -0.2252
2.213188 -0.046 -0.2268
2.229226 -0.044 -0.2285
2.245379 -0.041 -0.2301
2.261650 -0.037 -0.2318
2.278039 -0.032 -0.2335
2.294547 -0.027 -0.2352
2.311174 -0.020 -0.2369
2.327922 -0.013 -0.2386
2.344791 -0.006 -0.2404
2.361782 0.001 -0.2421
2.378897 0.009 -0.2439
2.396135 0.017 -0.2456
2.413499 0.025 -0.2474
2.430988 0.033 -0.2492
2.448604 0.040 -0.2511
2.466347 0.047 -0.2529
2.484219 0.053 -0.2547
2.502221 0.058 -0.2566
2.520353 0.062 -0.2585
2.538617 0.065 -0.2603
2.557013 0.066 -0.2622
2.575542 0.066 -0.2642
2.594205 0.064 -0.2661
2.613004 0.061 -0.2680
2.631939 0.056 -0.2700
2.651011 0.050 -0.2719
2.670221 0.043 -0.2739
2.689571 0.035 -0.2759
2.709061 0.027 -0.2779
2.728691 0.018 -0.2800
2.748465 0.009 -0.2820
2.768381 -0.000 -0.2841
2.788442 -0.009 -0.2861
2.808648 -0.018 -0.2882
2.829001 -0.025 -0.2903
2.849501 -0.032 -0.2924
2.870150 -0.038 -0.2946
2.890948 -0.043 -0.2967
2.911897 -0.045 -0.2989
2.932998 -0.046 -0.3010
2.954251 -0.045 -0.3032
2.975659 -0.041 -0.3054
2.997222 -0.036 -0.3077
3.018941 -0.029 -0.3099
3.040818 -0.021 -0.3121
3.062853 -0.012 -0.3144
3.085047 -0.003 -0.3167
3.107403 0.008 -0.3190
3.129920 0.018 -0.3213
3.152601 0.028 -0.3236
3.175446 0.038 -0.3260
3.198457 0.047 -0.3284
3.221634 0.054 -0.3308
3.244979 0.060 -0.3332
3.268494 0.064 -0.3356
3.292179 0.066 -0.3380
3.316035 0.065 -0.3405
3.340064 0.062 -0.3430
3.364268 0.056 -0.3455
3.388647 0.048 -0.3480
3.413202 0.039 -0.3506
3.437936 0.028 -0.3531
3.462849 0.017 -0.3557
3.487942 0.006 -0.3583
3.513217 -0.006 -0.3609
3.538675 -0.017 -0.3635
3.564318 -0.026 -0.3662
3.590146 -0.035 -0.3689
3.616162 -0.041 -0.3716
3.642366 -0.045 -0.3743
3.668760 -0.046 -0.3770
3.695346 -0.043 -0.3798
3.722124 -0.038 -0.3825
3.749096 -0.030 -0.3853
3.776263 -0.020 -0.3881
3.803627 -0.009 -0.3909
3.831190 0.004 -0.3938
3.858953 0.016 -0.3967
3.886916 0.029 -0.3996
3.915082 0.041 -0.4025
3.943453 0.051 -0.4054
3.972028 0.059 -0.4084
4.000811 0.064 -0.4113
4.029803 0.066 -0.4143
4.059005 0.064 -0.4174
4.088418 0.058 -0.4204
4.118044 0.049 -0.4235
4.147885 0.038 -0.4266
4.177942 0.025 -0.4297
4.208218 0.011 -0.4328
4.238712 -0.003 -0.4360
4.269427 -0.016 -0.4392
4.300366 -0.028 -0.4424
4.331528 -0.037 -0.4456
4.362916 -0.044 -0.4489
4.394531 -0.046 -0.4522
4.426376 -0.043 -0.4555
4.458451 -0.037 -0.4588
4.490759 -0.027 -0.4622
4.523301 -0.014 -0.4655
4.556079 0.000 -0.4689
4.589094 0.015 -0.4724
4.622348 0.030 -0.4758
4.655844 0.044 -0.4793
4.689582 0.055 -0.4828
4.723564 0.063 -0.4863
4.757793 0.066 -0.4899
4.792270 0.063 -0.4935
4.826997 0.056 -0.4971
4.861975 0.045 -0.5007
4.897207 0.031 -0.5044
4.932695 0.015 -0.5081
4.968439 -0.001 -0.5118
5.004442 -0.017 -0.5156
5.040706 -0.030 -0.5193
5.077234 -0.040 -0.5231
5.114025 -0.045 -0.5270
5.151084 -0.044 -0.5308
5.188410 -0.037 -0.5347
5.226008 -0.026 -0.5387
5.263878 -0.011 -0.5426
5.302022 0.006 -0.5466
5.340442 0.024 -0.5506
5.379142 0.040 -0.5546
5.418121 0.054 -0.5587
5.457383 0.063 -0.5628
5.496929 0.065 -0.5669
5.536762 0.061 -0.5711
5.576884 0.051 -0.5753
5.617296 0.036 -0.5795
5.658002 0.018 -0.5837
5.699002 -0.001 -0.5880
5.740299 -0.018 -0.5924
5.781896 -0.033 -0.5967
5.823794 -0.043 -0.6011
5.865995 -0.045 -0.6055
5.908503 -0.040 -0.6100
5.951318 -0.028 -0.6144
5.994444 -0.011 -0.6190
6.037882 0.008 -0.6235
6.081635 0.028 -0.6281
6.125705 0.045 -0.6327
6.170095 0.059 -0.6374
6.214806 0.065 -0.6421
6.259841 0.063 -0.6468
6.305202 0.052 -0.6516
6.350892 0.035 -0.6564
6.396913 0.015 -0.6612
6.443268 -0.006 -0.6661
6.489959 -0.025 -0.6710
6.536988 -0.039 -0.6759
6.584357 -0.045 -0.6809
6.632070 -0.042 -0.6859
6.680129 -0.029 -0.6910
6.728536 -0.011 -0.6961
6.777294 0.011 -0.7012
6.826405 0.033 -0.7064
6.875872 0.051 -0.7116
6.925697 0.063 -0.7169
6.975884 0.064 -0.7222
7.026434 0.055 -0.7275
7.077350 0.038 -0.7329
7.128635 0.016 -0.7383
7.180293 -0.008 -0.7438
7.232324 -0.028 -0.7493
7.284732 -0.042 -0.7549
7.337520 -0.044 -0.7604
7.390691 -0.036 -0.7661
7.444247 -0.017 -0.7718
7.498191 0.006 -0.7775
7.552526 0.030 -0.7833
7.607255 0.051 -0.7891
7.662380 0.063 -0.7949
7.717905 0.063 -0.8008
7.773832 0.051 -0.8068
7.830165 0.029 -0.8128
7.886905 0.004 -0.8188
7.944057 -0.021 -0.8249
8.001623 -0.038 -0.8310
8.059606 -0.045 -0.8372
8.118009 -0.037 -0.8434
8.176836 -0.017 -0.8497
8.236088 0.009 -0.8561
8.295770 0.035 -0.8624
8.355885 0.055 -0.8689
8.416435 0.064 -0.8754
8.477424 0.058 -0.8819
8.538855 0.039 -0.8885
8.600731 0.012 -0.8951
8.663055 -0.015 -0.9018
8.725832 -0.036 -0.9085
8.789063 -0.044 -0.9153
8.852752 -0.036 -0.9222
8.916902 -0.014 -0.9291
8.981518 0.014 -0.9360
9.046602 0.042 -0.9431
9.112157 0.060 -0.9501
9.178188 0.063 -0.9573
9.244696 0.048 -0.9645
9.311687 0.022 -0.9717
9.379164 -0.008 -0.9790
9.447129 -0.033 -0.9864
9.515587 -0.044 -0.9938
9.584541 -0.036 -1.0013
9.653994 -0.012 -1.0088
9.723951 0.019 -1.0164
9.794415 0.047 -1.0241
9.865389 0.063 -1.0318
9.936878 0.059 -1.0396
10.008884 0.036 -1.0475
10.081413 0.005 -1.0554
10.154467 -0.025 -1.0634
10.228051 -0.042 -1.0714
10.302167 -0.039 -1.0795
10.376821 -0.016 -1.0877
10.452016 0.017 -1.0960
10.527755 0.047 -1.1043
10.604044 0.063 -1.1127
10.680885 0.056 -1.1211
10.758283 0.029 -1.1297
10.836242 -0.005 -1.1383
10.914766 -0.033 -1.1470
10.993859 -0.043 -1.1557
11.073525 -0.028 -1.1645
11.153768 0.003 -1.1734
11.234593 0.038 -1.1824
11.316003 0.060 -1.1914
11.398004 0.059 -1.2005
11.480599 0.033 -1.2098
11.563792 -0.002 -1.2191
11.647588 -0.033 -1.2285
11.731991 -0.042 -1.2379
11.817006 -0.024 -1.2474
11.902637 0.011 -1.2570
11.988888 0.045 -1.2667
12.075764 0.062 -1.2764
12.163270 0.050 -1.2863
12.251411 0.017 -1.2963
12.340189 -0.020 -1.3064
12.429611 -0.041 -1.3165
12.519681 -0.033 -1.3268
12.610404 -0.000 -1.3371
12.701784 0.038 -1.3475
12.793827 0.061 -1.3579
12.886536 0.052 -1.3685
12.979917 0.019 -1.3791
13.073975 -0.020 -1.3898
13.168715 -0.041 -1.4007
13.264140 -0.029 -1.4117
13.360258 0.007 -1.4230
13.457072 0.045 -1.4344
13.554587 0.061 -1.4458
13.652809 0.042 -1.4572
13.751743 0.002 -1.4685
13.851394 -0.032 -1.4800
13.951767 -0.038 -1.4915
14.052867 -0.009 -1.5029
14.154700 0.032 -1.5145
14.257271 0.058 -1.5263
14.360585 0.048 -1.5387
14.464648 0.011 -1.5515
14.569465 -0.027 -1.5644
14.675041 -0.037 -1.5774
14.781382 -0.010 -1.5904
14.888494 0.032 -1.6035
14.996382 0.057 -1.6164
15.105052 0.043 -1.6291
15.214510 0.004 -1.6415
15.324760 -0.031 -1.6540
15.435810 -0.031 -1.6670
15.547664 0.003 -1.6802
15.660329 0.043 -1.6938
15.773810 0.055 -1.7079
15.888114 0.026 -1.7225
16.003246 -0.016 -1.7376
16.119212 -0.035 -1.7528
16.236018 -0.012 -1.7680
16.353671 0.031 -1.7834
16.472176 0.055 -1.7985
16.591541 0.035 -1.8131
16.711770 -0.008 -1.8275
16.832870 -0.034 -1.8418
16.954848 -0.016 -1.8560
17.077710 0.028 -1.8702
17.201462 0.054 -1.8852
17.326111 0.034 -1.9015
17.451663 -0.010 -1.9188
17.578125 -0.033 -1.9365
17.705503 -0.008 -1.9548
17.833805 0.037 -1.9735
17.963036 0.054 -1.9916
18.093203 0.022 -2.0085
18.224314 -0.023 -2.0250
18.356375 -0.031 -2.0423
18.489393 0.010 -2.0602
18.623375 0.052 -2.0788
18.758327 0.045 -2.0983
18.894258 -0.003 -2.1190
19.031174 -0.035 -2.1392
19.169081 -0.010 -2.1579
19.307988 0.041 -2.1759
19.447902 0.054 -2.1947
19.588829 0.010 -2.2140
19.730778 -0.034 -2.2343
19.873756 -0.019 -2.2567
20.017769 0.037 -2.2810
20.162826 0.060 -2.3042
20.308934 0.015 -2.3250
20.456101 -0.037 -2.3450
20.604334 -0.023 -2.3648
20.753642 0.039 -2.3843
20.904031 0.063 -2.4083
21.055511 0.012 -2.4395
21.208087 -0.039 -2.4730
21.361770 -0.012 -2.5060
21.516566 0.053 -2.5386
21.672484 0.056 -2.5628
21.829532 -0.014 -2.5770
21.987718 -0.051 -2.5922
22.147050 0.007 -2.6099
22.307536 0.071 -2.6338
22.469186 0.039 -2.6736
22.632007 -0.034 -2.7234
22.796008 -0.025 -2.7692
22.961197 0.054 -2.8130
23.127583 0.067 -2.8472
23.295175 -0.020 -2.8680
23.463982 -0.060 -2.8919
23.634011 0.025 -2.9244
23.805273 0.090 -2.9642
23.977776 0.016 -3.0161
24.151529 -0.065 -3.0714
24.326541 0.000 -3.1186
24.502821 0.092 -3.1640
24.680379 0.033 -3.2131
24.859223 -0.071 -3.2655
25.039363 -0.013 -3.3233
25.220808 0.104 -3.3872
25.403569 0.047 -3.4609
25.587654 -0.080 -3.5437
25.773072 -0.019 -3.6393
25.959835 0.113 -3.7381
26.147950 0.038 -3.7940
26.337429 -0.097 -3.8462
26.528281 -0.009 -3.9834
26.720516 0.123 -4.1736
26.914144 0.024 -4.4199
27.109175 -0.080 -4.6472
27.305619 0.044 -4.6332
27.503487 0.104 -4.9167
27.702788 -0.079 -5.8159
27.903534 -0.081 -7.2097
28.105735 0.157 -9.3410
28.309400 -0.121 -9.8442
28.514542 -0.869 -8.3356
28.721170 -1.307 -3.8184
28.929296 -1.152 1.6129
29.138929 -0.293 4.0597
29.350082 0.293 4.1713
29.562765 0.077 1.9078
29.776989 0.018 0.0143
29.992765 0.197 -1.3843
30.210105 0.056 -1.7754
30.429020 -0.092 -1.7431
30.649521 0.086 -1.8289
30.871620 0.107 -1.9955
31.095328 -0.058 -2.2371
31.320658 0.019 -2.3815
31.547620 0.101 -2.4922
31.776228 -0.018 -2.6032
32.006491 -0.004 -2.7101
32.238423 0.079 -2.8084
32.472036 -0.003 -2.8845
32.707342 -0.013 -2.9570
32.944353 0.064 -3.0302
33.183081 0.008 -3.1058
33.423540 -0.012 -3.1796
33.665740 0.053 -3.2499
33.909696 0.009 -3.3185
34.155420 -0.008 -3.3853
34.402924 0.047 -3.4502
34.652222 0.005 -3.5102
34.903326 -0.005 -3.5692
35.156250 0.040 -3.6293
35.411007 0.004 -3.6933
35.667609 0.004 -3.7565
35.926072 0.030 -3.8183
36.186407 -0.001 -3.8790
36.448628 0.011 -3.9386
36.712750 0.022 -3.9972
36.978786 -0.003 -4.0562
37.246749 0.018 -4.1260
37.516655 0.017 -4.2028
37.788516 0.003 -4.2765
38.062347 0.013 -4.3337
38.338162 0.005 -4.3818
38.615977 0.008 -4.4426
38.895804 0.016 -4.5183
39.177659 0.007 -4.6010
39.461556 0.009 -4.6704
39.747511 0.009 -4.7369
40.035538 0.010 -4.8104
40.325652 0.014 -4.8960
40.617868 0.010 -4.9882
40.912202 0.012 -5.0859
41.208669 0.012 -5.1837
41.507284 0.008 -5.2702
41.808063 0.005 -5.3434
42.111021 0.005 -5.4212
42.416175 0.020 -5.5346
42.723540 0.011 -5.6686
43.033132 0.011 -5.7968
43.344968 0.012 -5.9133
43.659064 0.006 -6.0304
43.975435 0.014 -6.1648
44.294099 0.009 -6.3182
44.615073 0.013 -6.4839
44.938372 0.009 -6.6593
45.264014 0.011 -6.8466
45.592016 0.010 -7.0508
45.922394 0.010 -7.2793
46.255167 0.013 -7.5412
46.590351 0.008 -7.8442
46.927964 0.014 -8.1937
47.268023 0.007 -8.6041
47.610547 0.011 -9.1007
47.955552 0.009 -9.7020
48.303058 0.001 -10.5650
48.653082 -0.030 -12.1213
49.005642 -0.153 -14.4684
49.360757 -0.510 -16.5392
49.718446 -1.159 -16.6673
50.078726 -1.699 -14.6336
50.441617 -1.933 -11.8831
50.807138 -2.222 -8.3414
51.175307 -2.311 -3.1498
51.546145 -1.835 1.1489
51.919669 -1.246 2.1990
52.295901 -1.079 1.8443
52.674858 -0.904 2.0666
53.056562 -0.555 2.1678
53.441032 -0.346 1.3077
53.828287 -0.276 0.2757
54.218349 -0.160 -0.3668
54.611238 -0.054 -1.0275
55.006973 -0.010 -1.8921
55.405577 0.009 -2.6634
55.807068 0.009 -3.2026
56.211469 0.008 -3.6051
56.618801 0.010 -3.9580
57.029084 0.011 -4.2833
57.442340 0.010 -4.5785
57.858591 0.011 -4.8479
58.277858 0.010 -5.1015
58.700164 0.010 -5.3425
59.125529 0.010 -5.5724
59.553977 0.010 -5.7947
59.985530 0.010 -6.0125
60.420210 0.011 -6.2273
60.858039 0.010 -6.4395
61.299042 0.010 -6.6494
61.743240 0.010 -6.8588
62.190657 0.010 -7.0703
62.641316 0.011 -7.2843
63.095241 0.010 -7.4999
63.552455 0.010 -7.7186
64.012982 0.010 -7.9427
64.476847 0.010 -8.1724
64.944073 0.010 -8.4082
65.414684 0.010 -8.6512
65.888706 0.010 -8.9024
66.366163 0.010 -9.1632
66.847079 0.010 -9.4349
67.331481 0.010 -9.7187
67.819392 0.010 -10.0162
68.310840 0.010 -10.3291
68.805848 0.010 -10.6592
69.304444 0.010 -11.0094
69.806652 0.010 -11.3823
70.312500 0.010 -11.7809
70.822013 0.010 -12.2094
71.335219 0.010 -12.6723
71.852143 0.010 -13.1754
72.372814 0.010 -13.7262
72.897257 0.010 -14.3340
73.425500 0.010 -15.0102
73.957572 0.010 -15.7710
74.493499 0.010 -16.6384
75.033309 0.010 -17.6428
75.577032 0.010 -18.8304
76.124694 0.009 -20.2722
76.676325 0.003 -22.0972
77.231953 -0.027 -24.5976
77.791608 -0.142 -28.4228
78.355318 -0.502 -33.7622
78.923113 -1.333 -38.7364
79.495022 -2.590 -39.9176
80.071076 -3.842 -35.9721
80.651304 -4.772 -29.6715
81.235736 -5.315 -23.1089
81.824404 -5.536 -16.9018
82.417337 -5.528 -11.3900
83.014567 -5.356 -6.2341
83.616125 -5.007 -1.5131
84.222042 -4.530 1.7965
84.832350 -4.046 3.7121
85.447080 -3.568 5.0551
86.066265 -3.083 5.6179
86.689936 -2.654 5.1589
87.318127 -2.321 3.8512
87.950871 -2.149 1.5465
88.588199 -2.233 -0.7271
89.230145 -2.488 -0.9661
89.876744 -2.676 0.9587
90.528028 -2.672 3.9848
91.184031 -2.410 7.2946
91.844788 -1.905 9.7998
92.510333 -1.274 10.5438
93.180701 -0.674 8.9862
93.855927 -0.271 5.8581
94.536046 -0.079 2.6802
95.221093 -0.012 0.2074
95.911104 0.005 -1.7018
96.606116 0.009 -3.3316
97.306164 0.010 -4.8354
98.011284 0.010 -6.2985
98.721514 0.010 -7.7883
99.436891 0.009 -9.3781
100.157452 0.001 -11.1771
100.883234 -0.031 -13.4088
101.614275 -0.145 -16.4562
102.350614 -0.454 -20.2689
103.092289 -1.042 -23.3673
103.839338 -1.804 -23.6286
104.591801 -2.476 -20.8878
105.349716 -2.871 -17.0157
106.113124 -2.940 -12.7986
106.882063 -2.656 -9.0041
107.656575 -2.149 -7.9408
108.436699 -1.737 -10.7574
109.222476 -1.692 -15.6838
110.013947 -2.054 -20.0657
110.811153 -2.692 -22.0719
111.614136 -3.372 -20.9129
112.422939 -3.869 -18.3060
113.237601 -4.222 -16.8947
114.058168 -4.642 -16.4467
114.884680 -5.205 -14.5872
115.717182 -5.709 -9.2037
116.555716 -5.761 -0.2025
117.400327 -5.094 9.3039
118.251058 -3.907 14.5209
119.107954 -2.675 13.8083
119.971060 -1.747 8.5957
120.840419 -1.308 0.6941
121.716079 -1.453 -7.8912
122.598084 -2.154 -14.3749
123.486480 -3.174 -16.3787
124.381314 -4.184 -14.7061
125.282632 -5.037 -11.8258
126.190482 -5.752 -7.9056
127.104910 -6.276 -1.7321
128.025965 -6.411 6.8484
128.953694 -6.026 15.5112
129.888145 -5.233 21.7160
130.829368 -4.241 25.2397
131.777412 -3.158 26.8333
132.732325 -2.073 25.9766
133.694158 -1.148 22.0110
134.662961 -0.543 15.5757
135.638785 -0.329 8.2394
136.621679 -0.481 1.2198
137.611696 -0.957 -4.9969
138.608887 -1.744 -10.0580
139.613304 -2.812 -12.5669
140.625000 -4.003 -11.2600
141.644027 -5.097 -6.7516
142.670438 -5.946 -0.3561
143.704287 -6.472 7.4610
144.745627 -6.520 17.3772
145.794514 -5.822 29.4884
146.851001 -4.368 39.9861
147.915144 -2.678 43.0945
148.986998 -1.378 38.2108
150.066619 -0.746 30.4761
151.154063 -0.591 25.3336
152.249388 -0.503 23.8065
153.352650 -0.304 22.2510
154.463906 -0.129 19.3158
155.583216 -0.072 16.2249
156.710636 -0.156 13.0937
157.846226 -0.435 9.9226
158.990044 -0.898 8.6029
160.142152 -1.309 10.9734
161.302608 -1.360 15.6174
162.471473 -1.006 18.9786
163.648808 -0.528 18.7353
164.834675 -0.199 16.4192
166.029135 -0.052 14.2767
167.232251 -0.005 12.7915
168.444084 0.007 11.6944
169.664700 0.010 10.7919
170.894160 0.010 9.9978
172.132530 0.010 9.2687
173.379873 0.010 8.5766
174.636255 0.010 7.8981
175.901741 0.009 7.2070
177.176398 0.004 6.4611
178.460291 -0.018 5.5632
179.753488 -0.092 4.3239
181.056056 -0.266 2.9223
182.368062 -0.504 2.9657
183.689577 -0.608 5.4129
185.020667 -0.466 7.4402
186.361403 -0.234 7.0421
187.711854 -0.080 5.6026
189.072092 -0.015 4.3347
190.442186 0.005 3.3093
191.822209 0.009 2.3575
193.212232 0.010 1.3710
194.612327 0.008 0.2676
196.022568 -0.001 -1.0639
197.443029 -0.041 -2.8457
198.873782 -0.176 -5.4797
200.314904 -0.515 -8.8934
201.766468 -1.110 -11.1884
203.228551 -1.832 -10.4519
204.701229 -2.466 -7.3915
206.184578 -2.883 -3.3499
207.678677 -3.013 1.5220
209.183602 -2.761 7.1826
210.699433 -2.162 11.0837
212.226248 -1.531 10.2282
213.764127 -1.207 6.0042
215.313149 -1.260 2.2030
216.873397 -1.531 0.4597
218.444951 -1.879 -0.2428
220.027894 -2.268 -0.2972
221.622306 -2.670 0.8109
223.228273 -3.024 3.0735
224.845877 -3.260 6.4351
226.475203 -3.304 10.5811
228.116336 -3.120 14.7065
229.769361 -2.732 18.0581
231.434364 -2.218 20.0521
233.111433 -1.705 20.1176
234.800654 -1.347 18.1444
236.502117 -1.225 15.7835
238.215909 -1.249 15.0514
239.942119 -1.243 16.0412
241.680839 -1.126 17.0222
243.432158 -0.958 17.0787
245.196168 -0.800 16.8787
246.972960 -0.639 16.9483
248.762628 -0.448 16.9620
250.565264 -0.253 16.3377
252.380964 -0.107 15.1087
254.209820 -0.030 13.8762
256.051929 -0.001 12.9477
257.907387 0.007 12.2563
259.776290 0.010 11.6966
261.658736 0.010 11.2227
263.554824 0.010 10.8108
265.464650 0.010 10.4457
267.388317 0.010 10.1175
269.325923 0.010 9.8194
271.277569 0.010 9.5462
273.243358 0.010 9.2941
275.223392 0.010 9.0605
277.217775 0.010 8.8427
279.226609 0.010 8.6386
281.250000 0.010 8.4466
283.288053 0.010 8.2656
285.340875 0.010 8.0944
287.408573 0.010 7.9321
289.491254 0.010 7.7777
291.589027 0.010 7.6306
293.702001 0.010 7.4902
295.830287 0.010 7.3558
297.973995 0.010 7.2271
300.133238 0.010 7.1036
302.308127 0.010 6.9848
304.498776 0.010 6.8706
306.705300 0.010 6.7605
308.927813 0.010 6.6543
311.166431 0.010 6.5518
313.421271 0.010 6.4526
315.692451 0.010 6.3566
317.980089 0.010 6.2637
320.284304 0.010 6.1736
322.605216 0.010 6.0862
324.942946 0.010 6.0013
327.297617 0.010 5.9188
329.669350 0.010 5.8386
332.058270 0.010 5.7606
334.464501 0.010 5.6847
336.888169 0.010 5.6106
339.329399 0.010 5.5385
341.788320 0.010 5.4682
344.265059 0.010 5.3995
346.759746 0.010 5.3325
349.272510 0.010 5.2670
351.803482 0.010 5.2031
354.352795 0.010 5.1406
356.920582 0.010 5.0794
359.506975 0.010 5.0196
362.112111 0.010 4.9610
364.736125 0.010 4.9037
367.379153 0.010 4.8475
370.041334 0.010 4.7925
372.722806 0.010 4.7386
375.423709 0.010 4.6857
378.144184 0.010 4.6339
380.884373 0.010 4.5830
383.644418 0.010 4.5331
386.424463 0.010 4.4841
389.224654 0.010 4.4360
392.045137 0.010 4.3887
394.886057 0.010 4.3423
397.747564 0.010 4.2967
400.629807 0.010 4.2519
403.532936 0.010 4.2078
406.457102 0.010 4.1645
409.402458 0.010 4.1219
412.369157 0.010 4.0800
415.357354 0.010 4.0388
418.367204 0.010 3.9982
421.398865 0.010 3.9583
424.452495 0.010 3.9190
427.528253 0.010 3.8803
430.626299 0.010 3.8422
433.746795 0.010 3.8046
436.889903 0.010 3.7677
440.055787 0.010 3.7312
443.244613 0.010 3.6953
446.456546 0.010 3.6600
449.691754 0.010 3.6251
452.950406 0.010 3.5907
456.232671 0.010 3.5568
459.538721 0.010 3.5234
462.868728 0.010 3.4904
466.222866 0.010 3.4579
469.601309 0.010 3.4259
473.004234 0.010 3.3942
476.431817 0.010 3.3630
479.884239 0.010 3.3322
483.361678 0.010 3.3018
486.864316 0.010 3.2718
490.392335 0.010 3.2421
493.945920 0.010 3.2129
497.525256 0.010 3.1840
501.130529 0.010 3.1555
504.761927 0.010 3.1273
508.419640 0.010 3.0995
512.103859 0.010 3.0720
515.814774 0.010 3.0449
519.552581 0.010 3.0181
523.317473 0.010 2.9916
527.109647 0.010 2.9654
530.929301 0.010 2.9395
534.776633 0.010 2.9140
538.651845 0.010 2.8887
542.555139 0.010 2.8637
546.486717 0.010 2.8391
550.446785 0.010 2.8147
554.435549 0.010 2.7905
558.453218 0.010 2.7667
562.500000 0.010 2.7431
566.576107 0.010 2.7198
570.681751 0.010 2.6967
574.817146 0.010 2.6739
578.982508 0.010 2.6513
583.178054 0.010 2.6290
587.404003 0.010 2.6069
591.660574 0.010 2.5851
595.947991 0.010 2.5635
600.266475 0.010 2.5421
604.616254 0.010 2.5209
608.997552 0.010 2.5000
613.410600 0.010 2.4793
617.855626 0.010 2.4588
622.332862 0.010 2.4385
626.842543 0.010 2.4185
631.384902 0.010 2.3986
635.960177 0.010 2.3789
640.568607 0.010 2.3595
645.210431 0.010 2.3402
649.885892 0.010 2.3211
654.595233 0.010 2.3022
659.338700 0.010 2.2836
664.116540 0.010 2.2650
668.929002 0.010 2.2467
673.776337 0.010 2.2286
678.658799 0.010 2.2106
683.576640 0.010 2.1928
688.530118 0.010 2.1752
693.519491 0.010 2.1577
698.545019 0.010 2.1404
703.606964 0.010 2.1233
708.705591 0.010 2.1064
713.841163 0.010 2.0896
719.013951 0.010 2.0729
724.224222 0.010 2.0565
729.472249 0.010 2.0401
734.758306 0.010 2.0240
740.082668 0.010 2.0080
745.445612 0.010 1.9921
750.847418 0.010 1.9764
756.288368 0.010 1.9608
761.768745 0.010 1.9454
767.288835 0.010 1.9301
772.848927 0.010 1.9149
778.449309 0.010 1.8999
784.090273 0.010 1.8850
789.772115 0.010 1.8703
795.495129 0.010 1.8557
801.259614 0.010 1.8412
807.065872 0.010 1.8268
812.914204 0.010 1.8126
818.804915 0.010 1.7985
824.738313 0.010 1.7845
830.714707 0.010 1.7707
836.734408 0.010 1.7570
842.797731 0.010 1.7434
848.904991 0.010 1.7299
855.056506 0.010 1.7165
861.252598 0.010 1.7032
867.493589 0.010 1.6901
873.779805 0.010 1.6771
880.111574 0.010 1.6642
886.489225 0.010 1.6514
892.913092 0.010 1.6387
899.383508 0.010 1.6261
905.900812 0.010 1.6136
912.465342 0.010 1.6013
919.077442 0.010 1.5890
925.737456 0.010 1.5769
932.445732 0.010 1.5648
939.202618 0.010 1.5529
946.008467 0.010 1.5410
952.863634 0.010 1.5293
959.768477 0.010 1.5176
966.723355 0.010 1.5061
973.728631 0.010 1.4946
980.784670 0.010 1.4832
987.891840 0.010 1.4720
995.050512 0.010 1.4608
1002.261058 0.010 1.4497
1009.523855 0.010 1.4387
1016.839281 0.010 1.4278
1024.207717 0.010 1.4170
1031.629549 0.010 1.4063
1039.105162 0.010 1.3957
1046.634946 0.010 1.3851
1054.219294 0.010 1.3747
1061.858602 0.010 1.3643
1069.553267 0.010 1.3540
1077.303691 0.010 1.3438
1085.110277 0.010 1.3337
1092.973434 0.010 1.3237
1100.893570 0.010 1.3137
1108.871098 0.010 1.3038
1116.906436 0.010 1.2940
1125.000000 0.010 1.2843
1133.152214 0.010 1.2747
1141.363502 0.010 1.2651
1149.634292 0.010 1.2556
1157.965016 0.010 1.2462
1166.356108 0.010 1.2369
1174.808005 0.010 1.2276
1183.321148 0.010 1.2184
1191.895981 0.010 1.2093
1200.532951 0.010 1.2003
1209.232507 0.010 1.1913
1217.995105 0.010 1.1824
1226.821199 0.010 1.1736
1235.711251 0.010 1.1648
1244.665724 0.010 1.1561
1253.685085 0.010 1.1475
1262.769804 0.010 1.1389
1271.920355 0.010 1.1304
1281.137214 0.010 1.1220
1290.420862 0.010 1.1137
1299.771784 0.010 1.1054
1309.190466 0.010 1.0971
1318.677400 0.010 1.0890
1328.233080 0.010 1.0809
1337.858004 0.010 1.0728
1347.552675 0.010 1.0649
1357.317597 0.010 1.0570
1367.153280 0.010 1.0491
1377.060236 0.010 1.0413
1387.038982 0.010 1.0336
1397.090039 0.010 1.0259
1407.213929 0.010 1.0183
1417.411181 0.010 1.0108
1427.682327 0.010 1.0033
1438.027902 0.010 0.9958
1448.448444 0.010 0.9885
1458.944499 0.010 0.9811
1469.516612 0.010 0.9739
1480.165335 0.010 0.9667
1490.891224 0.010 0.9595
1501.694836 0.010 0.9524
1512.576736 0.010 0.9454
1523.537490 0.010 0.9384
1534.577671 0.010 0.9314
1545.697853 0.010 0.9245
1556.898617 0.010 0.9177
1568.180546 0.010 0.9109
1579.544229 0.010 0.9042
1590.990258 0.010 0.8975
1602.519229 0.010 0.8909
1614.131744 0.010 0.8843
1625.828408 0.010 0.8778
1637.609831 0.010 0.8713
1649.476627 0.010 0.8648
1661.429414 0.010 0.8585
1673.468817 0.010 0.8521
1685.595461 0.010 0.8458
1697.809981 0.010 0.8396
1710.113012 0.010 0.8334
1722.505196 0.010 0.8273
1734.987179 0.010 0.8212
1747.559611 0.010 0.8151
1760.223148 0.010 0.8091
1772.978451 0.010 0.8031
1785.826183 0.010 0.7972
1798.767016 0.010 0.7913
1811.801623 0.010 0.7855
1824.930685 0.010 0.7797
1838.154885 0.010 0.7740
1851.474913 0.010 0.7683
1864.891463 0.010 0.7626
1878.405236 0.010 0.7570
1892.016934 0.010 0.7514
1905.727269 0.010 0.7459
1919.536954 0.010 0.7404
1933.446710 0.010 0.7349
1947.457262 0.010 0.7295
1961.569340 0.010 0.7241
1975.783680 0.010 0.7188
1990.101023 0.010 0.7135
2004.522116 0.010 0.7082
2019.047709 0.010 0.7030
2033.678561 0.010 0.6978
2048.415435 0.010 0.6927
2063.259097 0.010 0.6876
2078.210323 0.010 0.6825
2093.269892 0.010 0.6775
2108.438588 0.010 0.6725
2123.717204 0.010 0.6676
2139.106534 0.010 0.6627
2154.607382 0.010 0.6578
2170.220555 0.010 0.6529
2185.946868 0.010 0.6481
2201.787140 0.010 0.6433
2217.742197 0.010 0.6386
2233.812871 0.010 0.6339
2250.000000 0.010 0.6292
2266.304428 0.010 0.6246
2282.727004 0.010 0.6200
2299.268584 0.010 0.6154
2315.930032 0.010 0.6109
2332.712216 0.010 0.6064
2349.616010 0.010 0.6019
2366.642297 0.010 0.5975
2383.791962 0.010 0.5931
2401.065902 0.010 0.5887
2418.465015 0.010 0.5843
2435.990209 0.010 0.5800
2453.642398 0.010 0.5758
2471.422503 0.010 0.5715
2489.331449 0.010 0.5673
2507.370171 0.010 0.5631
2525.539609 0.010 0.5589
2543.840710 0.010 0.5548
2562.274428 0.010 0.5507
2580.841725 0.010 0.5467
2599.543568 0.010 0.5426
2618.380932 0.010 0.5386
2637.354800 0.010 0.5346
2656.466160 0.010 0.5307
2675.716009 0.010 0.5268
2695.105350 0.010 0.5229
2714.635194 0.010 0.5190
2734.306560 0.010 0.5152
2754.120472 0.010 0.5113
2774.077965 0.010 0.5076
2794.180077 0.010 0.5038
2814.427858 0.010 0.5001
2834.822362 0.010 0.4964
2855.364654 0.010 0.4927
2876.055803 0.010 0.4890
2896.896889 0.010 0.4854
2917.888998 0.010 0.4818
2939.033224 0.010 0.4783
2960.330671 0.010 0.4747
2981.782447 0.010 0.4712
3003.389672 0.010 0.4677
3025.153472 0.010 0.4642
3047.074981 0.010 0.4608
3069.155342 0.010 0.4573
3091.395707 0.010 0.4539
3113.797234 0.010 0.4506
3136.361093 0.010 0.4472
3159.088458 0.010 0.4439
3181.980515 0.010 0.4406
3205.038458 0.010 0.4373
3228.263488 0.010 0.4341
3251.656816 0.010 0.4308
3275.219661 0.010 0.4276
3298.953253 0.010 0.4244
3322.858828 0.010 0.4213
3346.937633 0.010 0.4181
3371.190923 0.010 0.4150
3395.619962 0.010 0.4119
3420.226024 0.010 0.4088
3445.010392 0.010 0.4058
3469.974357 0.010 0.4027
3495.119222 0.010 0.3997
3520.446296 0.010 0.3967
3545.956901 0.010 0.3938
3571.652367 0.010 0.3908
3597.534032 0.010 0.3879
3623.603247 0.010 0.3850
3649.861370 0.010 0.3821
3676.309770 0.010 0.3792
3702.949826 0.010 0.3764
3729.782927 0.010 0.3736
3756.810471 0.010 0.3708
3784.033869 0.010 0.3680
3811.454538 0.010 0.3652
3839.073909 0.010 0.3625
3866.893421 0.010 0.3597
3894.914525 0.010 0.3570
3923.138681 0.010 0.3543
3951.567361 0.010 0.3516
3980.202047 0.010 0.3490
4009.044232 0.010 0.3464
4038.095419 0.010 0.3437
4067.357123 0.010 0.3411
4096.830869 0.010 0.3386
4126.518194 0.010 0.3360
4156.420646 0.010 0.3334
4186.539784 0.010 0.3309
4216.877177 0.010 0.3284
4247.434407 0.010 0.3259
4278.213068 0.010 0.3234
4309.214763 0.010 0.3210
4340.441110 0.010 0.3185
4371.893735 0.010 0.3161
4403.574279 0.010 0.3137
4435.484394 0.010 0.3113
4467.625742 0.010 0.3089
4500.000000 0.010 0.3066
4532.608855 0.010 0.3042
4565.454007 0.010 0.3019
4598.537169 0.010 0.2996
4631.860065 0.010 0.2973
4665.424432 0.010 0.2950
4699.232021 0.010 0.2927
4733.284593 0.010 0.2905
4767.583925 0.010 0.2883
4802.131803 0.010 0.2860
4836.930030 0.010 0.2838
4871.980419 0.010 0.2816
4907.284797 0.010 0.2795
4942.845006 0.010 0.2773
4978.662898 0.010 0.2752
5014.740342 0.010 0.2730
5051.079217 0.010 0.2709
5087.681420 0.010 0.2688
5124.548856 0.010 0.2667
5161.683450 0.010 0.2646
5199.087136 0.010 0.2626
5236.761864 0.010 0.2605
5274.709600 0.010 0.2585
5312.932320 0.010 0.2565
5351.432018 0.010 0.2545
5390.210700 0.010 0.2525
5429.270389 0.010 0.2505
5468.613120 0.010 0.2485
5508.240945 0.010 0.2466
5548.155929 0.010 0.2446
5588.360154 0.010 0.2427
5628.855716 0.010 0.2408
5669.644725 0.010 0.2389
5710.729307 0.010 0.2370
5752.111606 0.010 0.2351
5793.793778 0.010 0.2333
5835.777996 0.010 0.2314
5878.066449 0.010 0.2296
5920.661342 0.010 0.2277
5963.564894 0.010 0.2259
6006.779344 0.010 0.2241
6050.306943 0.010 0.2223
6094.149961 0.010 0.2205
6138.310684 0.010 0.2188
6182.791414 0.010 0.2170
6227.594469 0.010 0.2153
6272.722186 0.010 0.2135
6318.176916 0.010 0.2118
6363.961031 0.010 0.2101
6410.076916 0.010 0.2084
6456.526975 0.010 0.2067
6503.313631 0.010 0.2050
6550.439323 0.010 0.2033
6597.906506 0.010 0.2017
6645.717657 0.010 0.2000
6693.875266 0.010 0.1984
6742.381846 0.010 0.1967
6791.239924 0.010 0.1951
6840.452048 0.010 0.1935
6890.020784 0.010 0.1919
6939.948714 0.010 0.1903
6990.238444 0.010 0.1887
7040.892593 0.010 0.1872
7091.913803 0.010 0.1856
7143.304734 0.010 0.1841
7195.068065 0.010 0.1825
7247.206494 0.010 0.1810
7299.722739 0.010 0.1795
7352.619540 0.010 0.1780
7405.899652 0.010 0.1765
7459.565853 0.010 0.1750
7513.620943 0.010 0.1735
7568.067737 0.010 0.1720
7622.909076 0.010 0.1705
7678.147817 0.010 0.1691
7733.786842 0.010 0.1676
7789.829049 0.010 0.1662
7846.277361 0.010 0.1647
7903.134722 0.010 0.1633
7960.404094 0.010 0.1619
8018.088463 0.010 0.1605
8076.190838 0.010 0.1591
8134.714246 0.010 0.1577
8193.661738 0.010 0.1563
8253.036389 0.010 0.1550
8312.841293 0.010 0.1536
8373.079567 0.010 0.1522
8433.754353 0.010 0.1509
8494.868814 0.010 0.1495
8556.426135 0.010 0.1482
8618.429526 0.010 0.1469
8680.882219 0.010 0.1455
8743.787470 0.010 0.1442
8807.148559 0.010 0.1429
8870.968788 0.010 0.1416
8935.251484 0.010 0.1403
9000.000000 0.010 0.1391
9065.217710 0.010 0.1378
9130.908014 0.010 0.1365
9197.074338 0.010 0.1352
9263.720130 0.010 0.1340
9330.848865 0.010 0.1327
9398.464042 0.010 0.1315
9466.569187 0.010 0.1303
9535.167849 0.010 0.1290
9604.263606 0.010 0.1278
9673.860059 0.010 0.1266
9743.960837 0.010 0.1254
9814.569594 0.010 0.1242
9885.690011 0.010 0.1230
9957.325796 0.010 0.1218
10029.480683 0.010 0.1206
10102.158435 0.010 0.1194
10175.362839 0.010 0.1182
10249.097713 0.010 0.1171
10323.366900 0.010 0.1159
10398.174272 0.010 0.1148
10473.523729 0.010 0.1136
10549.419199 0.010 0.1125
10625.864640 0.010 0.1113
10702.864035 0.010 0.1102
10780.421400 0.010 0.1091
10858.540777 0.010 0.1079
10937.226240 0.010 0.1068
11016.481890 0.010 0.1057
11096.311859 0.010 0.1046
11176.720309 0.010 0.1035
11257.711431 0.010 0.1024
11339.289449 0.010 0.1013
11421.458615 0.010 0.1002
11504.223212 0.010 0.0991
11587.587556 0.010 0.0981
11671.555992 0.010 0.0970
11756.132898 0.010 0.0959
11841.322683 0.010 0.0948
11927.129788 0.010 0.0938
12013.558688 0.010 0.0927
12100.613886 0.010 0.0917
12188.299922 0.010 0.0906
12276.621368 0.010 0.0896
12365.582827 0.010 0.0886
12455.188938 0.010 0.0875
12545.444371 0.010 0.0865
12636.353832 0.010 0.0855
12727.922061 0.010 0.0844
12820.153831 0.010 0.0834
12913.053951 0.010 0.0824
13006.627263 0.010 0.0814
13100.878646 0.010 0.0804
13195.813013 0.010 0.0794
13291.435313 0.010 0.0784
13387.750533 0.010 0.0774
13484.763692 0.010 0.0764
13582.479848 0.010 0.0754
13680.904096 0.010 0.0744
13780.041567 0.010 0.0734
13879.897429 0.010 0.0724
13980.476887 0.010 0.0715
14081.785186 0.010 0.0705
14183.827606 0.010 0.0695
14286.609468 0.010 0.0685
14390.136129 0.010 0.0676
14494.412988 0.010 0.0666
14599.445479 0.010 0.0657
14705.239079 0.010 0.0647
14811.799303 0.010 0.0637
14919.131707 0.010 0.0628
15027.241885 0.010 0.0618
15136.135475 0.010 0.0609
15245.818152 0.010 0.0599
15356.295635 0.010 0.0590
15467.573683 0.010 0.0580
15579.658098 0.010 0.0571
15692.554723 0.010 0.0562
15806.269443 0.010 0.0552
15920.808187 0.010 0.0543
16036.176927 0.010 0.0533
16152.381675 0.010 0.0524
16269.428491 0.010 0.0515
16387.323477 0.010 0.0505
16506.072778 0.010 0.0496
16625.682585 0.010 0.0487
16746.159135 0.010 0.0477
16867.508707 0.010 0.0468
16989.737628 0.010 0.0459
17112.852271 0.010 0.0450
17236.859053 0.010 0.0440
17361.764439 0.010 0.0431
17487.574941 0.010 0.0422
17614.297118 0.010 0.0412
17741.937576 0.010 0.0403
17870.502969 0.010 0.0394
18000.000000 0.010 0.0385
18130.435420 0.010 0.0375
18261.816029 0.010 0.0366
18394.148676 0.010 0.0357
18527.440260 0.010 0.0348
18661.697729 0.010 0.0338
18796.928084 0.010 0.0329
18933.138373 0.010 0.0320
19070.335698 0.010 0.0311
19208.527212 0.010 0.0301
19347.720119 0.010 0.0292
19487.921674 0.010 0.0283
19629.139188 0.010 0.0273
19771.380022 0.010 0.0264
19914.651592 0.010 0.0254
20058.961367 0.010 0.0245
20204.316870 0.010 0.0236
20350.725678 0.010 0.0226
20498.195426 0.010 0.0217
20646.733800 0.010 0.0207
20796.348544 0.010 0.0198
20947.047458 0.010 0.0188
21098.838399 0.010 0.0178
21251.729279 0.010 0.0169
21405.728070 0.010 0.0159
21560.842800 0.010 0.0150
21717.081554 0.010 0.0140
21874.452480 0.010 0.0130
22032.963779 0.010 0.0120
22192.623718 0.010 0.0110
22353.440617 0.010 0.0100
22515.422863 0.010 0.0090
22678.578898 0.010 0.0080
22842.917229 0.010 0.0070
23008.446424 0.010 0.0060
23175.175112 0.010 0.0050
23343.111984 0.010 0.0040
23512.265796 0.010 0.0031
23682.645366 0.010 0.0027
23854.259577 0.010 0.0029
24027.117375 0.010 0.0036
