* Measurement data measured by REW V5.40 beta 100
* Source: 
* Format: 
* Dated: Sep 23, 2025 2:19:09 PM
* REW Settings:
*  C-weighting compensation: Off
*  Target level: 69.5 dB
* Note: ; Minimum phase copy of LX Cal file effects included No LF tail No HF tail
* Measurement: LX-MP
* Smoothing: Psychoacoustic
* Frequency Step: 96 ppo
* Start Frequency: 1.0986328 Hz
*
* Freq(Hz) SPL(dB) Phase(degrees)
1.098633 45.140 32.5935
1.106594 45.233 32.8360
1.114613 45.329 33.0879
1.122690 45.428 33.3485
1.130825 45.532 33.6168
1.139020 45.638 33.8918
1.147273 45.747 34.1724
1.155587 45.859 34.4574
1.163961 45.973 34.7456
1.172395 46.089 35.0355
1.180891 46.208 35.3259
1.189448 46.327 35.6152
1.198068 46.449 35.9020
1.206749 46.571 36.1849
1.215494 46.694 36.4624
1.224302 46.818 36.7332
1.233174 46.942 36.9959
1.242110 47.066 37.2490
1.251111 47.190 37.4914
1.260177 47.314 37.7218
1.269308 47.438 37.9390
1.278506 47.561 38.1420
1.287771 47.683 38.3297
1.297103 47.804 38.5012
1.306502 47.923 38.6555
1.315969 48.041 38.7920
1.325505 48.158 38.9098
1.335111 48.273 39.0084
1.344785 48.386 39.0871
1.354530 48.497 39.1454
1.364346 48.606 39.1830
1.374232 48.713 39.1994
1.384191 48.817 39.1944
1.394221 48.919 39.1677
1.404324 49.019 39.1194
1.414500 49.115 39.0492
1.424750 49.209 38.9573
1.435075 49.300 38.8437
1.445474 49.388 38.7086
1.455948 49.473 38.5523
1.466499 49.555 38.3751
1.477126 49.634 38.1774
1.487830 49.710 37.9597
1.498611 49.783 37.7225
1.509471 49.853 37.4665
1.520409 49.920 37.1924
1.531426 49.984 36.9010
1.542524 50.044 36.5930
1.553701 50.102 36.2695
1.564960 50.156 35.9312
1.576301 50.208 35.5792
1.587723 50.257 35.2145
1.599228 50.303 34.8381
1.610817 50.345 34.4511
1.622490 50.386 34.0546
1.634247 50.423 33.6496
1.646089 50.458 33.2372
1.658018 50.489 32.8184
1.670032 50.519 32.3943
1.682134 50.546 31.9658
1.694323 50.570 31.5339
1.706601 50.592 31.0995
1.718968 50.611 30.6635
1.731424 50.628 30.2265
1.743971 50.642 29.7894
1.756608 50.655 29.3527
1.769338 50.664 28.9172
1.782159 50.672 28.4833
1.795073 50.678 28.0514
1.808081 50.681 27.6220
1.821183 50.683 27.1954
1.834380 50.682 26.7719
1.847673 50.679 26.3516
1.861062 50.675 25.9349
1.874548 50.668 25.5217
1.888132 50.660 25.1121
1.901814 50.650 24.7063
1.915595 50.638 24.3043
1.929476 50.624 23.9060
1.943458 50.609 23.5115
1.957541 50.592 23.1208
1.971726 50.574 22.7338
1.986014 50.554 22.3505
2.000406 50.533 21.9709
2.014901 50.511 21.5951
2.029502 50.488 21.2230
2.044209 50.463 20.8547
2.059022 50.437 20.4902
2.073943 50.411 20.1296
2.088971 50.383 19.7729
2.104109 50.355 19.4204
2.119356 50.326 19.0721
2.134714 50.296 18.7282
2.150183 50.265 18.3888
2.165764 50.233 18.0542
2.181458 50.201 17.7245
2.197266 50.168 17.4002
2.213188 50.134 17.0813
2.229226 50.099 16.7682
2.245379 50.064 16.4612
2.261650 50.027 16.1606
2.278039 49.989 15.8669
2.294547 49.951 15.5804
2.311174 49.911 15.3015
2.327922 49.869 15.0307
2.344791 49.827 14.7685
2.361782 49.782 14.5153
2.378897 49.736 14.2718
2.396135 49.689 14.0386
2.413499 49.639 13.8162
2.430988 49.587 13.6055
2.448604 49.533 13.4070
2.466347 49.476 13.2218
2.484219 49.417 13.0505
2.502221 49.356 12.8943
2.520353 49.291 12.7540
2.538617 49.225 12.6309
2.557013 49.155 12.5260
2.575542 49.082 12.4407
2.594205 49.007 12.3762
2.613004 48.929 12.3340
2.631939 48.848 12.3156
2.651011 48.765 12.3226
2.670221 48.679 12.3565
2.689571 48.591 12.4191
2.709061 48.500 12.5121
2.728691 48.407 12.6372
2.748465 48.313 12.7962
2.768381 48.217 12.9907
2.788442 48.120 13.2224
2.808648 48.022 13.4927
2.829001 47.923 13.8032
2.849501 47.825 14.1550
2.870150 47.726 14.5490
2.890948 47.629 14.9859
2.911897 47.533 15.4662
2.932998 47.439 15.9897
2.954251 47.348 16.5561
2.975659 47.260 17.1644
2.997222 47.175 17.8132
3.018941 47.094 18.5006
3.040818 47.019 19.2240
3.062853 46.949 19.9804
3.085047 46.884 20.7663
3.107403 46.826 21.5775
3.129920 46.774 22.4097
3.152601 46.730 23.2577
3.175446 46.693 24.1165
3.198457 46.663 24.9807
3.221634 46.641 25.8446
3.244979 46.626 26.7027
3.268494 46.618 27.5495
3.292179 46.617 28.3799
3.316035 46.623 29.1889
3.340064 46.635 29.9718
3.364268 46.653 30.7246
3.388647 46.676 31.4436
3.413202 46.704 32.1258
3.437936 46.735 32.7685
3.462849 46.770 33.3699
3.487942 46.808 33.9285
3.513217 46.847 34.4435
3.538675 46.888 34.9145
3.564318 46.929 35.3416
3.590146 46.971 35.7254
3.616162 47.012 36.0669
3.642366 47.052 36.3675
3.668760 47.091 36.6288
3.695346 47.128 36.8530
3.722124 47.162 37.0422
3.749096 47.193 37.1992
3.776263 47.222 37.3266
3.803627 47.247 37.4276
3.831190 47.268 37.5054
3.858953 47.286 37.5633
3.886916 47.299 37.6051
3.915082 47.308 37.6345
3.943453 47.312 37.6556
3.972028 47.312 37.6726
4.000811 47.308 37.6898
4.029803 47.299 37.7118
4.059005 47.285 37.7433
4.088418 47.267 37.7891
4.118044 47.244 37.8544
4.147885 47.217 37.9443
4.177942 47.186 38.0639
4.208218 47.152 38.2187
4.238712 47.114 38.4139
4.269427 47.073 38.6548
4.300366 47.030 38.9466
4.331528 46.985 39.2942
4.362916 46.939 39.7024
4.394531 46.892 40.1755
4.426376 46.847 40.7171
4.458451 46.802 41.3304
4.490759 46.761 42.0178
4.523301 46.723 42.7807
4.556079 46.690 43.6197
4.589094 46.662 44.5339
4.622348 46.642 45.5217
4.655844 46.629 46.5801
4.689582 46.625 47.7050
4.723564 46.631 48.8914
4.757793 46.647 50.1333
4.792270 46.673 51.4242
4.826997 46.710 52.7573
4.861975 46.758 54.1257
4.897207 46.817 55.5228
4.932695 46.887 56.9426
4.968439 46.966 58.3800
5.004442 47.055 59.8307
5.040706 47.154 61.2917
5.077234 47.261 62.7612
5.114025 47.376 64.2384
5.151084 47.498 65.7234
5.188410 47.627 67.2172
5.226008 47.763 68.7208
5.263878 47.905 70.2357
5.302022 48.053 71.7627
5.340442 48.205 73.3021
5.379142 48.363 74.8529
5.418121 48.525 76.4129
5.457383 48.691 77.9781
5.496929 48.860 79.5426
5.536762 49.033 81.0991
5.576884 49.208 82.6384
5.617296 49.385 84.1500
5.658002 49.563 85.6226
5.699002 49.742 87.0446
5.740299 49.921 88.4045
5.781896 50.099 89.6915
5.823794 50.275 90.8962
5.865995 50.450 92.0107
5.908503 50.622 93.0294
5.951318 50.790 93.9485
5.994444 50.954 94.7666
6.037882 51.114 95.4843
6.081635 51.269 96.1040
6.125705 51.418 96.6303
6.170095 51.562 97.0688
6.214806 51.700 97.4266
6.259841 51.832 97.7116
6.305202 51.959 97.9326
6.350892 52.079 98.0988
6.396913 52.195 98.2196
6.443268 52.305 98.3044
6.489959 52.410 98.3627
6.536988 52.511 98.4036
6.584357 52.609 98.4356
6.632070 52.704 98.4670
6.680129 52.796 98.5050
6.728536 52.887 98.5563
6.777294 52.978 98.6262
6.826405 53.069 98.7194
6.875872 53.161 98.8392
6.925697 53.254 98.9876
6.975884 53.350 99.1657
7.026434 53.448 99.3731
7.077350 53.550 99.6082
7.128635 53.656 99.8686
7.180293 53.765 100.1509
7.232324 53.878 100.4509
7.284732 53.995 100.7641
7.337520 54.115 101.0858
7.390691 54.239 101.4113
7.444247 54.366 101.7366
7.498191 54.495 102.0580
7.552526 54.627 102.3728
7.607255 54.761 102.6795
7.662380 54.897 102.9773
7.717905 55.035 103.2671
7.773832 55.175 103.5508
7.830165 55.317 103.8313
7.886905 55.461 104.1127
7.944057 55.607 104.4002
8.001623 55.757 104.6995
8.059606 55.910 105.0169
8.118009 56.067 105.3592
8.176836 56.229 105.7332
8.236088 56.396 106.1456
8.295770 56.569 106.6029
8.355885 56.749 107.1107
8.416435 56.937 107.6740
8.477424 57.131 108.2965
8.538855 57.334 108.9807
8.600731 57.544 109.7275
8.663055 57.762 110.5359
8.725832 57.987 111.4032
8.789063 58.219 112.3247
8.852752 58.458 113.2935
8.916902 58.702 114.3012
8.981518 58.952 115.3373
9.046602 59.206 116.3901
9.112157 59.463 117.4465
9.178188 59.723 118.4928
9.244696 59.984 119.5151
9.311687 60.247 120.4994
9.379164 60.509 121.4324
9.447129 60.772 122.3020
9.515587 61.033 123.0972
9.584541 61.292 123.8085
9.653994 61.549 124.4284
9.723951 61.804 124.9510
9.794415 62.055 125.3723
9.865389 62.302 125.6899
9.936878 62.545 125.9028
10.008884 62.784 126.0117
10.081413 63.017 126.0183
10.154467 63.246 125.9251
10.228051 63.469 125.7354
10.302167 63.686 125.4533
10.376821 63.897 125.0829
10.452016 64.102 124.6289
10.527755 64.300 124.0958
10.604044 64.491 123.4887
10.680885 64.675 122.8121
10.758283 64.852 122.0710
10.836242 65.021 121.2703
10.914766 65.182 120.4147
10.993859 65.335 119.5093
11.073525 65.480 118.5590
11.153768 65.616 117.5691
11.234593 65.743 116.5447
11.316003 65.861 115.4916
11.398004 65.970 114.4153
11.480599 66.070 113.3217
11.563792 66.160 112.2171
11.647588 66.241 111.1078
11.731991 66.313 110.0003
11.817006 66.376 108.9014
11.902637 66.430 107.8178
11.988888 66.476 106.7564
12.075764 66.512 105.7242
12.163270 66.541 104.7277
12.251411 66.562 103.7736
12.340189 66.575 102.8681
12.429611 66.582 102.0171
12.519681 66.583 101.2259
12.610404 66.578 100.4989
12.701784 66.569 99.8400
12.793827 66.555 99.2520
12.886536 66.539 98.7364
12.979917 66.520 98.2936
13.073975 66.501 97.9229
13.168715 66.482 97.6219
13.264140 66.463 97.3872
13.360258 66.447 97.2140
13.457072 66.435 97.0964
13.554587 66.426 97.0276
13.652809 66.423 97.0001
13.751743 66.426 97.0060
13.851394 66.435 97.0372
13.951767 66.452 97.0859
14.052867 66.478 97.1443
14.154700 66.511 97.2054
14.257271 66.553 97.2629
14.360585 66.604 97.3112
14.464648 66.663 97.3456
14.569465 66.731 97.3623
14.675041 66.807 97.3583
14.781382 66.891 97.3313
14.888494 66.983 97.2799
14.996382 67.081 97.2031
15.105052 67.187 97.1005
15.214510 67.298 96.9719
15.324760 67.416 96.8176
15.435810 67.539 96.6379
15.547664 67.667 96.4334
15.660329 67.799 96.2047
15.773810 67.936 95.9521
15.888114 68.076 95.6761
16.003246 68.220 95.3770
16.119212 68.367 95.0551
16.236018 68.516 94.7103
16.353671 68.668 94.3425
16.472176 68.822 93.9516
16.591541 68.978 93.5371
16.711770 69.135 93.0987
16.832870 69.293 92.6356
16.954848 69.452 92.1475
17.077710 69.611 91.6335
17.201462 69.771 91.0932
17.326111 69.930 90.5258
17.451663 70.090 89.9308
17.578125 70.248 89.3076
17.705503 70.406 88.6557
17.833805 70.562 87.9748
17.963036 70.718 87.2645
18.093203 70.871 86.5246
18.224314 71.023 85.7549
18.356375 71.173 84.9554
18.489393 71.321 84.1260
18.623375 71.467 83.2668
18.758327 71.610 82.3781
18.894258 71.751 81.4599
19.031174 71.889 80.5126
19.169081 72.024 79.5364
19.307988 72.156 78.5318
19.447902 72.285 77.4990
19.588829 72.410 76.4387
19.730778 72.532 75.3512
19.873756 72.651 74.2371
20.017769 72.766 73.0970
20.162826 72.877 71.9315
20.308934 72.984 70.7413
20.456101 73.088 69.5270
20.604334 73.187 68.2894
20.753642 73.283 67.0292
20.904031 73.374 65.7473
21.055511 73.461 64.4445
21.208087 73.543 63.1217
21.361770 73.621 61.7799
21.516566 73.695 60.4199
21.672484 73.764 59.0429
21.829532 73.828 57.6499
21.987718 73.888 56.2421
22.147050 73.943 54.8208
22.307536 73.993 53.3872
22.469186 74.038 51.9430
22.632007 74.078 50.4897
22.796008 74.113 49.0289
22.961197 74.142 47.5627
23.127583 74.167 46.0932
23.295175 74.185 44.6227
23.463982 74.198 43.1539
23.634011 74.206 41.6897
23.805273 74.207 40.2336
23.977776 74.203 38.7891
24.151529 74.192 37.3605
24.326541 74.175 35.9524
24.502821 74.151 34.5700
24.680379 74.121 33.2191
24.859223 74.084 31.9061
25.039363 74.041 30.6381
25.220808 73.990 29.4230
25.403569 73.933 28.2694
25.587654 73.869 27.1867
25.773072 73.798 26.1850
25.959835 73.721 25.2755
26.147950 73.637 24.4697
26.337429 73.548 23.7799
26.528281 73.452 23.2189
26.720516 73.352 22.7996
26.914144 73.248 22.5345
27.109175 73.139 22.4355
27.305619 73.029 22.5131
27.503487 72.916 22.7754
27.702788 72.803 23.2272
27.903534 72.690 23.8691
28.105735 72.579 24.6958
28.309400 72.472 25.6959
28.514542 72.369 26.8508
28.721170 72.273 28.1346
28.929296 72.184 29.5148
29.138929 72.104 30.9539
29.350082 72.034 32.4113
29.562765 71.975 33.8459
29.776989 71.926 35.2188
29.992765 71.889 36.4954
30.210105 71.863 37.6473
30.429020 71.848 38.6533
30.649521 71.843 39.4993
30.871620 71.848 40.1779
31.095328 71.860 40.6878
31.320658 71.878 41.0326
31.547620 71.902 41.2194
31.776228 71.930 41.2586
32.006491 71.960 41.1618
32.238423 71.991 40.9425
32.472036 72.021 40.6143
32.707342 72.050 40.1915
32.944353 72.076 39.6883
33.183081 72.098 39.1187
33.423540 72.115 38.4967
33.665740 72.126 37.8360
33.909696 72.131 37.1500
34.155420 72.130 36.4521
34.402924 72.122 35.7554
34.652222 72.106 35.0730
34.903326 72.083 34.4176
35.156250 72.052 33.8023
35.411007 72.015 33.2396
35.667609 71.971 32.7423
35.926072 71.921 32.3228
36.186407 71.865 31.9930
36.448628 71.805 31.7647
36.712750 71.742 31.6488
36.978786 71.677 31.6552
37.246749 71.611 31.7925
37.516655 71.547 32.0675
37.788516 71.486 32.4850
38.062347 71.430 33.0468
38.338162 71.382 33.7514
38.615977 71.342 34.5937
38.895804 71.315 35.5643
39.177659 71.300 36.6496
39.461556 71.301 37.8317
39.747511 71.317 39.0890
40.035538 71.351 40.3966
40.325652 71.403 41.7276
40.617868 71.472 43.0543
40.912202 71.558 44.3494
41.208669 71.660 45.5871
41.507284 71.777 46.7446
41.808063 71.907 47.8023
42.111021 72.048 48.7447
42.416175 72.198 49.5602
42.723540 72.356 50.2410
43.033132 72.519 50.7831
43.344968 72.686 51.1853
43.659064 72.855 51.4490
43.975435 73.024 51.5776
44.294099 73.193 51.5760
44.615073 73.360 51.4505
44.938372 73.523 51.2077
45.264014 73.682 50.8550
45.592016 73.837 50.4000
45.922394 73.985 49.8502
46.255167 74.127 49.2132
46.590351 74.263 48.4964
46.927964 74.390 47.7073
47.268023 74.510 46.8527
47.610547 74.621 45.9397
47.955552 74.723 44.9748
48.303058 74.815 43.9646
48.653082 74.899 42.9155
49.005642 74.972 41.8337
49.360757 75.036 40.7253
49.718446 75.089 39.5963
50.078726 75.131 38.4526
50.441617 75.164 37.3002
50.807138 75.186 36.1448
51.175307 75.197 34.9919
51.546145 75.198 33.8470
51.919669 75.189 32.7153
52.295901 75.170 31.6018
52.674858 75.142 30.5114
53.056562 75.104 29.4483
53.441032 75.057 28.4166
53.828287 75.002 27.4200
54.218349 74.939 26.4616
54.611238 74.868 25.5443
55.006973 74.792 24.6702
55.405577 74.709 23.8412
55.807068 74.621 23.0586
56.211469 74.529 22.3232
56.618801 74.433 21.6354
57.029084 74.335 20.9952
57.442340 74.236 20.4021
57.858591 74.135 19.8556
58.277858 74.036 19.3545
58.700164 73.937 18.8979
59.125529 73.841 18.4844
59.553977 73.748 18.1130
59.985530 73.660 17.7825
60.420210 73.577 17.4919
60.858039 73.500 17.2406
61.299042 73.431 17.0282
61.743240 73.371 16.8547
62.190657 73.319 16.7206
62.641316 73.277 16.6268
63.095241 73.246 16.5747
63.552455 73.226 16.5659
64.012982 73.218 16.6026
64.476847 73.222 16.6871
64.944073 73.240 16.8220
65.414684 73.270 17.0097
65.888706 73.314 17.2522
66.366163 73.370 17.5514
66.847079 73.440 17.9082
67.331481 73.523 18.3224
67.819392 73.619 18.7928
68.310840 73.725 19.3163
68.805848 73.843 19.8882
69.304444 73.971 20.5019
69.806652 74.107 21.1489
70.312500 74.251 21.8185
70.822013 74.401 22.4986
71.335219 74.556 23.1757
71.852143 74.714 23.8351
72.372814 74.875 24.4621
72.897257 75.036 25.0418
73.425500 75.197 25.5601
73.957572 75.356 26.0042
74.493499 75.512 26.3629
75.033309 75.663 26.6270
75.577032 75.810 26.7897
76.124694 75.950 26.8461
76.676325 76.084 26.7939
77.231953 76.209 26.6329
77.791608 76.327 26.3647
78.355318 76.435 25.9931
78.923113 76.534 25.5230
79.495022 76.622 24.9608
80.071076 76.700 24.3140
80.651304 76.768 23.5908
81.235736 76.825 22.8001
81.824404 76.871 21.9511
82.417337 76.906 21.0535
83.014567 76.930 20.1169
83.616125 76.943 19.1508
84.222042 76.946 18.1647
84.832350 76.939 17.1681
85.447080 76.921 16.1697
86.066265 76.894 15.1782
86.689936 76.858 14.2019
87.318127 76.814 13.2484
87.950871 76.761 12.3250
88.588199 76.702 11.4383
89.230145 76.635 10.5942
89.876744 76.563 9.7981
90.528028 76.487 9.0543
91.184031 76.406 8.3665
91.844788 76.322 7.7370
92.510333 76.236 7.1675
93.180701 76.149 6.6581
93.855927 76.063 6.2079
94.536046 75.979 5.8147
95.221093 75.897 5.4749
95.911104 75.819 5.1837
96.606116 75.747 4.9352
97.306164 75.681 4.7225
98.011284 75.621 4.5378
98.721514 75.570 4.3727
99.436891 75.527 4.2188
100.157452 75.493 4.0674
100.883234 75.468 3.9100
101.614275 75.452 3.7380
102.350614 75.445 3.5440
103.092289 75.446 3.3212
103.839338 75.456 3.0638
104.591801 75.472 2.7669
105.349716 75.495 2.4266
106.113124 75.523 2.0402
106.882063 75.556 1.6058
107.656575 75.593 1.1225
108.436699 75.632 0.5905
109.222476 75.672 0.0104
110.013947 75.713 -0.6164
110.811153 75.754 -1.2878
111.614136 75.795 -2.0015
112.422939 75.833 -2.7547
113.237601 75.869 -3.5443
114.058168 75.903 -4.3672
114.884680 75.933 -5.2201
115.717182 75.960 -6.0996
116.555716 75.983 -7.0026
117.400327 76.002 -7.9259
118.251058 76.016 -8.8666
119.107954 76.026 -9.8217
119.971060 76.032 -10.7888
120.840419 76.034 -11.7654
121.716079 76.031 -12.7492
122.598084 76.023 -13.7381
123.486480 76.011 -14.7300
124.381314 75.995 -15.7229
125.282632 75.974 -16.7149
126.190482 75.949 -17.7041
127.104910 75.920 -18.6885
128.025965 75.886 -19.6665
128.953694 75.849 -20.6365
129.888145 75.807 -21.5970
130.829368 75.762 -22.5470
131.777412 75.713 -23.4859
132.732325 75.661 -24.4131
133.694158 75.606 -25.3286
134.662961 75.548 -26.2325
135.638785 75.487 -27.1251
136.621679 75.422 -28.0067
137.611696 75.355 -28.8770
138.608887 75.283 -29.7356
139.613304 75.207 -30.5813
140.625000 75.127 -31.4120
141.644027 75.041 -32.2246
142.670438 74.949 -33.0150
143.704287 74.850 -33.7783
144.745627 74.744 -34.5085
145.794514 74.629 -35.1993
146.851001 74.506 -35.8436
147.915144 74.374 -36.4347
148.986998 74.233 -36.9661
150.066619 74.083 -37.4319
151.154063 73.924 -37.8275
152.249388 73.756 -38.1495
153.352650 73.580 -38.3959
154.463906 73.396 -38.5665
155.583216 73.206 -38.6624
156.710636 73.009 -38.6863
157.846226 72.808 -38.6417
158.990044 72.603 -38.5330
160.142152 72.395 -38.3646
161.302608 72.186 -38.1409
162.471473 71.978 -37.8655
163.648808 71.771 -37.5413
164.834675 71.567 -37.1700
166.029135 71.368 -36.7519
167.232251 71.175 -36.2860
168.444084 70.992 -35.7698
169.664700 70.819 -35.1995
170.894160 70.659 -34.5700
172.132530 70.514 -33.8754
173.379873 70.387 -33.1083
174.636255 70.280 -32.2612
175.901741 70.194 -31.3261
177.176398 70.132 -30.2952
178.460291 70.096 -29.1620
179.753488 70.085 -27.9219
181.056056 70.102 -26.5734
182.368062 70.146 -25.1201
183.689577 70.217 -23.5716
185.020667 70.314 -21.9456
186.361403 70.434 -20.2681
187.711854 70.575 -18.5737
189.072092 70.736 -16.9041
190.442186 70.912 -15.3060
191.822209 71.101 -13.8268
193.212232 71.299 -12.5117
194.612327 71.504 -11.3996
196.022568 71.711 -10.5205
197.443029 71.918 -9.8949
198.873782 72.123 -9.5328
200.314904 72.323 -9.4354
201.766468 72.516 -9.5960
203.228551 72.701 -10.0024
204.701229 72.876 -10.6387
206.184578 73.042 -11.4863
207.678677 73.196 -12.5262
209.183602 73.338 -13.7391
210.699433 73.468 -15.1068
212.226248 73.585 -16.6123
213.764127 73.689 -18.2400
215.313149 73.779 -19.9754
216.873397 73.855 -21.8055
218.444951 73.916 -23.7177
220.027894 73.961 -25.7003
221.622306 73.989 -27.7413
223.228273 74.000 -29.8290
224.845877 73.993 -31.9510
226.475203 73.967 -34.0944
228.116336 73.922 -36.2459
229.769361 73.857 -38.3915
231.434364 73.773 -40.5162
233.111433 73.669 -42.6045
234.800654 73.545 -44.6397
236.502117 73.401 -46.6042
238.215909 73.239 -48.4789
239.942119 73.057 -50.2433
241.680839 72.858 -51.8751
243.432158 72.641 -53.3506
245.196168 72.407 -54.6439
246.972960 72.157 -55.7282
248.762628 71.892 -56.5763
250.565264 71.612 -57.1612
252.380964 71.319 -57.4583
254.209820 71.015 -57.4470
256.051929 70.701 -57.1131
257.907387 70.378 -56.4513
259.776290 70.050 -55.4676
261.658736 69.718 -54.1807
263.554824 69.386 -52.6236
265.464650 69.056 -50.8430
267.388317 68.733 -48.8976
269.325923 68.418 -46.8556
271.277569 68.116 -44.7901
273.243358 67.831 -42.7742
275.223392 67.565 -40.8759
277.217775 67.321 -39.1531
279.226609 67.101 -37.6505
281.250000 66.904 -36.3972
283.288053 66.729 -35.4069
285.340875 66.576 -34.6788
287.408573 66.440 -34.2000
289.491254 66.318 -33.9480
291.589027 66.205 -33.8929
293.702001 66.097 -33.9996
295.830287 65.990 -34.2297
297.973995 65.882 -34.5421
300.133238 65.767 -34.8939
302.308127 65.646 -35.2403
304.498776 65.516 -35.5344
306.705300 65.378 -35.7263
308.927813 65.232 -35.7615
311.166431 65.081 -35.5795
313.421271 64.927 -35.1109
315.692451 64.776 -34.2751
317.980089 64.635 -32.9770
320.284304 64.510 -31.1056
322.605216 64.414 -28.5335
324.942946 64.355 -25.1244
327.297617 64.346 -20.7528
329.669350 64.394 -15.3449
332.058270 64.506 -8.9429
334.464501 64.682 -1.7714
336.888169 64.918 5.7475
339.329399 65.208 13.0817
341.788320 65.542 19.7478
344.265059 65.908 25.4381
346.759746 66.297 30.0458
349.272510 66.699 33.6109
351.803482 67.107 36.2498
354.352795 67.515 38.1027
356.920582 67.918 39.3039
359.506975 68.311 39.9695
362.112111 68.693 40.1943
364.736125 69.059 40.0520
367.379153 69.409 39.5987
370.041334 69.739 38.8754
372.722806 70.048 37.9119
375.423709 70.334 36.7305
378.144184 70.596 35.3488
380.884373 70.831 33.7826
383.644418 71.039 32.0485
386.424463 71.219 30.1643
389.224654 71.370 28.1509
392.045137 71.491 26.0308
394.886057 71.584 23.8292
397.747564 71.649 21.5719
400.629807 71.687 19.2853
403.532936 71.699 16.9958
406.457102 71.687 14.7292
409.402458 71.652 12.5107
412.369157 71.596 10.3654
415.357354 71.521 8.3184
418.367204 71.428 6.3961
421.398865 71.320 4.6270
424.452495 71.197 3.0428
427.528253 71.063 1.6801
430.626299 70.919 0.5801
433.746795 70.769 -0.2106
436.889903 70.617 -0.6419
440.055787 70.469 -0.6626
443.244613 70.332 -0.2261
446.456546 70.216 0.7023
449.691754 70.128 2.1354
452.950406 70.080 4.0529
456.232671 70.080 6.3928
459.538721 70.133 9.0494
462.868728 70.241 11.8803
466.222866 70.402 14.7249
469.601309 70.610 17.4259
473.004234 70.857 19.8503
476.431817 71.132 21.9000
479.884239 71.426 23.5147
483.361678 71.730 24.6664
486.864316 72.036 25.3526
490.392335 72.338 25.5885
493.945920 72.630 25.4016
497.525256 72.907 24.8270
501.130529 73.168 23.9044
504.761927 73.409 22.6758
508.419640 73.630 21.1833
512.103859 73.829 19.4680
515.814774 74.006 17.5690
519.552581 74.161 15.5225
523.317473 74.294 13.3617
527.109647 74.407 11.1169
530.929301 74.499 8.8150
534.776633 74.571 6.4799
538.651845 74.625 4.1321
542.555139 74.663 1.7887
546.486717 74.686 -0.5368
550.446785 74.696 -2.8348
554.435549 74.695 -5.0989
558.453218 74.683 -7.3261
562.500000 74.662 -9.5156
566.576107 74.631 -11.6679
570.681751 74.591 -13.7833
574.817146 74.540 -15.8604
578.982508 74.476 -17.8949
583.178054 74.399 -19.8788
587.404003 74.307 -21.7995
591.660574 74.199 -23.6410
595.947991 74.074 -25.3842
600.266475 73.932 -27.0086
604.616254 73.774 -28.4946
608.997552 73.601 -29.8252
613.410600 73.416 -30.9886
617.855626 73.222 -31.9798
622.332862 73.021 -32.8017
626.842543 72.816 -33.4651
631.384902 72.611 -33.9873
635.960177 72.409 -34.3900
640.568607 72.212 -34.6959
645.210431 72.024 -34.9258
649.885892 71.847 -35.0960
654.595233 71.680 -35.2160
659.338700 71.527 -35.2881
664.116540 71.386 -35.3070
668.929002 71.258 -35.2613
673.776337 71.142 -35.1358
678.658799 71.040 -34.9149
683.576640 70.950 -34.5871
688.530118 70.872 -34.1491
693.519491 70.807 -33.6097
698.545019 70.752 -32.9925
703.606964 70.707 -32.3358
708.705591 70.669 -31.6894
713.841163 70.633 -31.1084
719.013951 70.597 -30.6451
724.224222 70.555 -30.3410
729.472249 70.502 -30.2200
734.758306 70.434 -30.2868
740.082668 70.347 -30.5271
745.445612 70.240 -30.9117
750.847418 70.109 -31.4012
756.288368 69.956 -31.9517
761.768745 69.781 -32.5183
767.288835 69.586 -33.0587
772.848927 69.375 -33.5348
778.449309 69.151 -33.9128
784.090273 68.919 -34.1624
789.772115 68.683 -34.2552
795.495129 68.448 -34.1632
801.259614 68.219 -33.8575
807.065872 68.001 -33.3094
812.914204 67.798 -32.4927
818.804915 67.617 -31.3903
824.738313 67.461 -30.0006
830.714707 67.336 -28.3468
836.734408 67.247 -26.4808
842.797731 67.196 -24.4838
848.904991 67.183 -22.4571
855.056506 67.206 -20.5074
861.252598 67.261 -18.7297
867.493589 67.341 -17.1934
873.779805 67.441 -15.9349
880.111574 67.551 -14.9580
886.489225 67.668 -14.2387
892.913092 67.787 -13.7329
899.383508 67.905 -13.3836
905.900812 68.022 -13.1285
912.465342 68.140 -12.9059
919.077442 68.260 -12.6612
925.737456 68.387 -12.3527
932.445732 68.524 -11.9565
939.202618 68.673 -11.4709
946.008467 68.835 -10.9165
952.863634 69.007 -10.3335
959.768477 69.187 -9.7745
966.723355 69.367 -9.2939
973.728631 69.543 -8.9366
980.784670 69.705 -8.7288
987.891840 69.849 -8.6721
995.050512 69.967 -8.7427
1002.261058 70.057 -8.8948
1009.523855 70.116 -9.0670
1016.839281 70.144 -9.1911
1024.207717 70.142 -9.2026
1031.629549 70.114 -9.0508
1039.105162 70.065 -8.7096
1046.634946 70.002 -8.1841
1054.219294 69.931 -7.5138
1061.858602 69.859 -6.7672
1069.553267 69.792 -6.0306
1077.303691 69.735 -5.3921
1085.110277 69.689 -4.9260
1092.973434 69.656 -4.6825
1100.893570 69.636 -4.6850
1108.871098 69.627 -4.9323
1116.906436 69.629 -5.4065
1125.000000 69.640 -6.0800
1133.152214 69.660 -6.9231
1141.363502 69.688 -7.9084
1149.634292 69.724 -9.0138
1157.965016 69.765 -10.2225
1166.356108 69.809 -11.5224
1174.808005 69.854 -12.9042
1183.321148 69.896 -14.3585
1191.895981 69.930 -15.8747
1200.532951 69.953 -17.4391
1209.232507 69.960 -19.0346
1217.995105 69.949 -20.6409
1226.821199 69.916 -22.2347
1235.711251 69.861 -23.7906
1244.665724 69.781 -25.2808
1253.685085 69.676 -26.6757
1262.769804 69.546 -27.9426
1271.920355 69.391 -29.0452
1281.137214 69.213 -29.9429
1290.420862 69.012 -30.5902
1299.771784 68.791 -30.9377
1309.190466 68.553 -30.9346
1318.677400 68.304 -30.5331
1328.233080 68.049 -29.6955
1337.858004 67.797 -28.4028
1347.552675 67.558 -26.6650
1357.317597 67.342 -24.5292
1367.153280 67.162 -22.0830
1377.060236 67.027 -19.4497
1387.038982 66.942 -16.7730
1397.090039 66.909 -14.1971
1407.213929 66.926 -11.8466
1417.411181 66.983 -9.8122
1427.682327 67.071 -8.1459
1438.027902 67.178 -6.8634
1448.448444 67.293 -5.9503
1458.944499 67.406 -5.3703
1469.516612 67.511 -5.0732
1480.165335 67.602 -5.0019
1490.891224 67.676 -5.0982
1501.694836 67.731 -5.3077
1512.576736 67.769 -5.5829
1523.537490 67.789 -5.8849
1534.577671 67.794 -6.1837
1545.697853 67.786 -6.4569
1556.898617 67.766 -6.6882
1568.180546 67.738 -6.8654
1579.544229 67.702 -6.9789
1590.990258 67.661 -7.0202
1602.519229 67.617 -6.9816
1614.131744 67.574 -6.8555
1625.828408 67.534 -6.6341
1637.609831 67.499 -6.3104
1649.476627 67.472 -5.8796
1661.429414 67.455 -5.3415
1673.468817 67.451 -4.7038
1685.595461 67.460 -3.9842
1697.809981 67.481 -3.2116
1710.113012 67.514 -2.4242
1722.505196 67.557 -1.6651
1734.987179 67.606 -0.9766
1747.559611 67.658 -0.3936
1760.223148 67.708 0.0607
1772.978451 67.755 0.3773
1785.826183 67.794 0.5608
1798.767016 67.825 0.6277
1811.801623 67.845 0.6031
1824.930685 67.855 0.5171
1838.154885 67.855 0.4014
1851.474913 67.846 0.2862
1864.891463 67.832 0.1966
1878.405236 67.817 0.1509
1892.016934 67.804 0.1584
1905.727269 67.798 0.2192
1919.536954 67.805 0.3243
1933.446710 67.829 0.4563
1947.457262 67.873 0.5916
1961.569340 67.941 0.7018
1975.783680 68.032 0.7560
1990.101023 68.146 0.7230
2004.522116 68.280 0.5737
2019.047709 68.429 0.2824
2033.678561 68.589 -0.1710
2048.415435 68.752 -0.7999
2063.259097 68.912 -1.6102
2078.210323 69.064 -2.5995
2093.269892 69.202 -3.7571
2108.438588 69.321 -5.0638
2123.717204 69.416 -6.4924
2139.106534 69.485 -8.0081
2154.607382 69.524 -9.5695
2170.220555 69.532 -11.1282
2185.946868 69.508 -12.6298
2201.787140 69.452 -14.0140
2217.742197 69.363 -15.2158
2233.812871 69.243 -16.1675
2250.000000 69.095 -16.8025
2266.304428 68.924 -17.0608
2282.727004 68.735 -16.8971
2299.268584 68.534 -16.2906
2315.930032 68.331 -15.2552
2332.712216 68.134 -13.8466
2349.616010 67.953 -12.1612
2366.642297 67.798 -10.3264
2383.791962 67.676 -8.4810
2401.065902 67.593 -6.7534
2418.465015 67.551 -5.2445
2435.990209 67.550 -4.0203
2453.642398 67.586 -3.1136
2471.422503 67.655 -2.5318
2489.331449 67.750 -2.2658
2507.370171 67.863 -2.2978
2525.539609 67.986 -2.6066
2543.840710 68.113 -3.1694
2562.274428 68.236 -3.9632
2580.841725 68.349 -4.9633
2599.543568 68.446 -6.1426
2618.380932 68.523 -7.4706
2637.354800 68.577 -8.9126
2656.466160 68.604 -10.4295
2675.716009 68.603 -11.9774
2695.105350 68.572 -13.5075
2714.635194 68.512 -14.9666
2734.306560 68.424 -16.2969
2754.120472 68.309 -17.4366
2774.077965 68.169 -18.3212
2794.180077 68.009 -18.8862
2814.427858 67.833 -19.0713
2834.822362 67.647 -18.8271
2855.364654 67.460 -18.1252
2876.055803 67.278 -16.9694
2896.896889 67.110 -15.4059
2917.888998 66.964 -13.5279
2939.033224 66.846 -11.4693
2960.330671 66.761 -9.3862
2981.782447 66.708 -7.4306
3003.389672 66.687 -5.7263
3025.153472 66.692 -4.3546
3047.074981 66.717 -3.3509
3069.155342 66.757 -2.7123
3091.395707 66.803 -2.4077
3113.797234 66.850 -2.3885
3136.361093 66.893 -2.5977
3159.088458 66.930 -2.9753
3181.980515 66.956 -3.4625
3205.038458 66.971 -4.0032
3228.263488 66.974 -4.5449
3251.656816 66.965 -5.0389
3275.219661 66.945 -5.4399
3298.953253 66.915 -5.7067
3322.858828 66.879 -5.8022
3346.937633 66.837 -5.6965
3371.190923 66.795 -5.3694
3395.619962 66.755 -4.8150
3420.226024 66.723 -4.0459
3445.010392 66.702 -3.0960
3469.974357 66.696 -2.0193
3495.119222 66.706 -0.8850
3520.446296 66.734 0.2319
3545.956901 66.777 1.2619
3571.652367 66.833 2.1502
3597.534032 66.900 2.8627
3623.603247 66.973 3.3871
3649.861370 67.050 3.7303
3676.309770 67.129 3.9128
3702.949826 67.208 3.9631
3729.782927 67.286 3.9125
3756.810471 67.364 3.7909
3784.033869 67.443 3.6240
3811.454538 67.523 3.4318
3839.073909 67.605 3.2277
3866.893421 67.689 3.0190
3894.914525 67.775 2.8075
3923.138681 67.863 2.5901
3951.567361 67.951 2.3609
3980.202047 68.039 2.1124
4009.044232 68.125 1.8378
4038.095419 68.206 1.5327
4067.357123 68.281 1.1970
4096.830869 68.348 0.8355
4126.518194 68.406 0.4581
4156.420646 68.455 0.0782
4186.539784 68.494 -0.2886
4216.877177 68.526 -0.6271
4247.434407 68.550 -0.9251
4278.213068 68.570 -1.1753
4309.214763 68.588 -1.3774
4340.441110 68.607 -1.5387
4371.893735 68.629 -1.6737
4403.574279 68.655 -1.8026
4435.484394 68.688 -1.9482
4467.625742 68.725 -2.1324
4500.000000 68.766 -2.3723
4532.608855 68.809 -2.6770
4565.454007 68.849 -3.0451
4598.537169 68.885 -3.4642
4631.860065 68.912 -3.9107
4665.424432 68.929 -4.3524
4699.232021 68.935 -4.7509
4733.284593 68.931 -5.0664
4767.583925 68.919 -5.2623
4802.131803 68.902 -5.3104
4836.930030 68.887 -5.1963
4871.980419 68.877 -4.9231
4907.284797 68.879 -4.5125
4942.845006 68.895 -4.0036
4978.662898 68.930 -3.4483
5014.740342 68.981 -2.9031
5051.079217 69.048 -2.4216
5087.681420 69.127 -2.0466
5124.548856 69.212 -1.8053
5161.683450 69.300 -1.7072
5199.087136 69.387 -1.7453
5236.761864 69.468 -1.8995
5274.709600 69.543 -2.1415
5312.932320 69.612 -2.4400
5351.432018 69.675 -2.7664
5390.210700 69.735 -3.0992
5429.270389 69.794 -3.4271
5468.613120 69.855 -3.7505
5508.240945 69.918 -4.0797
5548.155929 69.984 -4.4329
5588.360154 70.053 -4.8307
5628.855716 70.123 -5.2920
5669.644725 70.190 -5.8298
5710.729307 70.253 -6.4485
5752.111606 70.308 -7.1430
5793.793778 70.354 -7.9003
5835.777996 70.388 -8.7010
5878.066449 70.410 -9.5227
5920.661342 70.419 -10.3429
5963.564894 70.417 -11.1417
6006.779344 70.405 -11.9032
6050.306943 70.383 -12.6166
6094.149961 70.354 -13.2751
6138.310684 70.317 -13.8746
6182.791414 70.274 -14.4118
6227.594469 70.227 -14.8826
6272.722186 70.174 -15.2819
6318.176916 70.118 -15.6044
6363.961031 70.061 -15.8468
6410.076916 70.004 -16.0098
6456.526975 69.950 -16.1002
6503.313631 69.901 -16.1315
6550.439323 69.860 -16.1229
6597.906506 69.827 -16.0963
6645.717657 69.803 -16.0727
6693.875266 69.786 -16.0688
6742.381846 69.775 -16.0938
6791.239924 69.768 -16.1483
6840.452048 69.763 -16.2258
6890.020784 69.759 -16.3145
6939.948714 69.756 -16.4014
6990.238444 69.753 -16.4764
7040.892593 69.752 -16.5352
7091.913803 69.756 -16.5813
7143.304734 69.764 -16.6258
7195.068065 69.780 -16.6853
7247.206494 69.803 -16.7783
7299.722739 69.833 -16.9210
7352.619540 69.869 -17.1241
7405.899652 69.909 -17.3914
7459.565853 69.951 -17.7190
7513.620943 69.995 -18.0975
7568.067737 70.039 -18.5143
7622.909076 70.082 -18.9559
7678.147817 70.124 -19.4102
7733.786842 70.166 -19.8680
7789.829049 70.206 -20.3226
7846.277361 70.247 -20.7695
7903.134722 70.287 -21.2058
7960.404094 70.328 -21.6296
8018.088463 70.371 -22.0398
8076.190838 70.415 -22.4376
8134.714246 70.461 -22.8264
8193.661738 70.509 -23.2123
8253.036389 70.557 -23.6035
8312.841293 70.606 -24.0088
8373.079567 70.653 -24.4350
8433.754353 70.697 -24.8857
8494.868814 70.736 -25.3598
8556.426135 70.768 -25.8521
8618.429526 70.793 -26.3548
8680.882219 70.811 -26.8599
8743.787470 70.821 -27.3614
8807.148559 70.824 -27.8559
8870.968788 70.818 -28.3423
8935.251484 70.805 -28.8205
9000.000000 70.782 -29.2892
9065.217710 70.750 -29.7445
9130.908014 70.709 -30.1799
9197.074338 70.660 -30.5879
9263.720130 70.604 -30.9627
9330.848865 70.543 -31.3033
9398.464042 70.481 -31.6158
9466.569187 70.421 -31.9133
9535.167849 70.368 -32.2154
9604.263606 70.323 -32.5454
9673.860059 70.290 -32.9269
9743.960837 70.268 -33.3813
9814.569594 70.257 -33.9256
9885.690011 70.256 -34.5704
9957.325796 70.260 -35.3193
10029.480683 70.266 -36.1684
10102.158435 70.269 -37.1057
10175.362839 70.266 -38.1125
10249.097713 70.253 -39.1639
10323.366900 70.226 -40.2312
10398.174272 70.186 -41.2842
10473.523729 70.129 -42.2929
10549.419199 70.057 -43.2304
10625.864640 69.970 -44.0733
10702.864035 69.869 -44.8040
10780.421400 69.755 -45.4110
10858.540777 69.630 -45.8906
10937.226240 69.495 -46.2473
11016.481890 69.355 -46.4945
11096.311859 69.210 -46.6538
11176.720309 69.066 -46.7532
11257.711431 68.924 -46.8235
11339.289449 68.787 -46.8954
11421.458615 68.659 -46.9957
11504.223212 68.539 -47.1454
11587.587556 68.430 -47.3583
11671.555992 68.331 -47.6412
11756.132898 68.241 -47.9936
11841.322683 68.159 -48.4091
11927.129788 68.083 -48.8765
12013.558688 68.011 -49.3811
12100.613886 67.941 -49.9061
12188.299922 67.873 -50.4344
12276.621368 67.805 -50.9504
12365.582827 67.738 -51.4411
12455.188938 67.671 -51.8973
12545.444371 67.605 -52.3145
12636.353832 67.543 -52.6931
12727.922061 67.486 -53.0384
12820.153831 67.436 -53.3598
12913.053951 67.394 -53.6700
13006.627263 67.360 -53.9829
13100.878646 67.337 -54.3119
13195.813013 67.322 -54.6680
13291.435313 67.316 -55.0580
13387.750533 67.317 -55.4843
13484.763692 67.323 -55.9442
13582.479848 67.332 -56.4312
13680.904096 67.343 -56.9352
13780.041567 67.354 -57.4450
13879.897429 67.365 -57.9494
13980.476887 67.375 -58.4390
14081.785186 67.384 -58.9078
14183.827606 67.394 -59.3542
14286.609468 67.404 -59.7808
14390.136129 67.415 -60.1944
14494.412988 67.429 -60.6047
14599.445479 67.445 -61.0231
14705.239079 67.463 -61.4612
14811.799303 67.483 -61.9292
14919.131707 67.505 -62.4354
15027.241885 67.528 -62.9857
15136.135475 67.553 -63.5837
15245.818152 67.580 -64.2320
15356.295635 67.607 -64.9324
15467.573683 67.636 -65.6875
15579.658098 67.666 -66.5002
15692.554723 67.697 -67.3749
15806.269443 67.728 -68.3159
15920.808187 67.759 -69.3279
16036.176927 67.789 -70.4143
16152.381675 67.816 -71.5768
16269.428491 67.840 -72.8154
16387.323477 67.858 -74.1278
16506.072778 67.870 -75.5107
16625.682585 67.874 -76.9599
16746.159135 67.869 -78.4713
16867.508707 67.854 -80.0421
16989.737628 67.830 -81.6706
17112.852271 67.796 -83.3575
17236.859053 67.753 -85.1054
17361.764439 67.702 -86.9188
17487.574941 67.644 -88.8045
17614.297118 67.579 -90.7708
17741.937576 67.511 -92.8278
17870.502969 67.440 -94.9869
18000.000000 67.369 -97.2603
18130.435420 67.299 -99.6612
18261.816029 67.233 -102.2027
18394.148676 67.171 -104.8979
18527.440260 67.115 -107.7593
18661.697729 67.066 -110.7987
18796.928084 67.025 -114.0268
18933.138373 66.990 -117.4529
19070.335698 66.962 -121.0853
19208.527212 66.940 -124.9307
19347.720119 66.923 -128.9946
19487.921674 66.910 -133.2811
19629.139188 66.900 -137.7931
19771.380022 66.892 -142.5319
19914.651592 66.885 -147.4971
20058.961367 66.876 -152.6868
20204.316870 66.866 -158.0968
20350.725678 66.851 -163.7204
20498.195426 66.831 -169.5476
20646.733800 66.803 -175.5648
20796.348544 66.765 178.2465
20947.047458 66.717 171.9117
21098.838399 66.656 165.4649
21251.729279 66.583 158.9530
21405.728070 66.498 152.4395
21560.842800 66.403 146.0091
21717.081554 66.298 139.7709
21874.452480 66.190 133.8569
22032.963779 66.081 128.4129
22192.623718 65.978 123.5786
22353.440617 65.886 119.4604
22515.422863 65.808 116.1038
22678.578898 65.747 113.4781
22842.917229 65.704 111.4816
23008.446424 65.677 109.9673
23175.175112 65.661 108.7784
23343.111984 65.654 107.7789
23512.265796 65.651 106.8708
23682.645366 65.650 105.9959
23854.259577 65.650 105.1266
24027.117375 65.650 104.2535
