* Measurement data measured by REW V5.40 beta 100
* Source: Trace Arithmetic result A * B
* Format: Trace Arithmetic result A * B
* Dated: Sep 23, 2025 2:08:15 PM
* REW Settings:
*  C-weighting compensation: Off
*  Target level: 69.5 dB
* Note: ; Trace Arithmetic A times B A = L.120.Blue B = X801 (revised) 
* Measurement: LX
* Smoothing: Psychoacoustic
* Frequency Step: 96 ppo
* Start Frequency: 1.0986328 Hz
*
* Freq(Hz) SPL(dB) Phase(degrees)
1.098633 44.977 -6.9923
1.106594 45.098 -5.1035
1.114613 45.224 -2.6220
1.122690 45.353 0.7237
1.130825 45.486 5.3764
1.139020 45.623 12.0755
1.147273 45.763 22.0256
1.155587 45.906 36.8356
1.163961 46.051 57.0595
1.172395 46.199 79.0886
1.180891 46.348 97.2485
1.189448 46.499 109.8732
1.198068 46.652 118.2811
1.206749 46.805 123.9739
1.215494 46.959 127.9497
1.224302 47.113 130.8086
1.233174 47.268 132.9127
1.242110 47.422 134.4866
1.251111 47.576 135.6752
1.260177 47.730 136.5750
1.269308 47.883 137.2526
1.278506 48.034 137.7549
1.287771 48.185 138.1158
1.297103 48.334 138.3607
1.306502 48.482 138.5082
1.315969 48.628 138.5730
1.325505 48.772 138.5663
1.335111 48.914 138.4966
1.344785 49.054 138.3711
1.354530 49.191 138.1951
1.364346 49.326 137.9732
1.374232 49.458 137.7090
1.384191 49.587 137.4054
1.394221 49.714 137.0650
1.404324 49.837 136.6897
1.414500 49.958 136.2814
1.424750 50.075 135.8418
1.435075 50.189 135.3720
1.445474 50.299 134.8737
1.455948 50.406 134.3479
1.466499 50.509 133.7959
1.477126 50.608 133.2191
1.487830 50.704 132.6187
1.498611 50.796 131.9961
1.509471 50.884 131.3528
1.520409 50.968 130.6904
1.531426 51.048 130.0103
1.542524 51.124 129.3146
1.553701 51.195 128.6049
1.564960 51.263 127.8833
1.576301 51.326 127.1519
1.587723 51.385 126.4126
1.599228 51.439 125.6678
1.610817 51.489 124.9196
1.622490 51.534 124.1704
1.634247 51.575 123.4224
1.646089 51.612 122.6778
1.658018 51.643 121.9389
1.670032 51.670 121.2079
1.682134 51.692 120.4869
1.694323 51.709 119.7778
1.706601 51.721 119.0826
1.718968 51.728 118.4029
1.731424 51.730 117.7405
1.743971 51.728 117.0967
1.756608 51.720 116.4729
1.769338 51.707 115.8701
1.782159 51.689 115.2894
1.795073 51.666 114.7316
1.808081 51.638 114.1972
1.821183 51.605 113.6867
1.834380 51.567 113.2005
1.847673 51.524 112.7387
1.861062 51.476 112.3014
1.874548 51.424 111.8884
1.888132 51.368 111.4996
1.901814 51.307 111.1347
1.915595 51.242 110.7932
1.929476 51.174 110.4747
1.943458 51.103 110.1786
1.957541 51.028 109.9043
1.971726 50.951 109.6513
1.986014 50.872 109.4187
2.000406 50.791 109.2058
2.014901 50.709 109.0120
2.029502 50.627 108.8365
2.044209 50.545 108.6784
2.059022 50.463 108.5371
2.073943 50.382 108.4116
2.088971 50.304 108.3014
2.104109 50.228 108.2055
2.119356 50.156 108.1233
2.134714 50.087 108.0540
2.150183 50.022 107.9970
2.165764 49.962 107.9514
2.181458 49.907 107.9168
2.197266 49.857 107.8923
2.213188 49.812 107.8776
2.229226 49.773 107.8719
2.245379 49.739 107.8749
2.261650 49.710 107.8860
2.278039 49.685 107.9048
2.294547 49.665 107.9310
2.311174 49.648 107.9643
2.327922 49.634 108.0045
2.344791 49.622 108.0515
2.361782 49.612 108.1051
2.378897 49.602 108.1653
2.396135 49.593 108.2324
2.413499 49.583 108.3064
2.430988 49.571 108.3878
2.448604 49.557 108.4768
2.466347 49.540 108.5740
2.484219 49.520 108.6801
2.502221 49.496 108.7958
2.520353 49.468 108.9220
2.538617 49.434 109.0596
2.557013 49.396 109.2098
2.575542 49.353 109.3736
2.594205 49.304 109.5525
2.613004 49.249 109.7478
2.631939 49.189 109.9609
2.651011 49.124 110.1931
2.670221 49.053 110.4460
2.689571 48.977 110.7210
2.709061 48.896 111.0192
2.728691 48.811 111.3420
2.748465 48.723 111.6903
2.768381 48.631 112.0648
2.788442 48.536 112.4658
2.808648 48.439 112.8936
2.829001 48.340 113.3477
2.849501 48.241 113.8273
2.870150 48.142 114.3310
2.890948 48.044 114.8569
2.911897 47.948 115.4025
2.932998 47.854 115.9648
2.954251 47.763 116.5400
2.975659 47.676 117.1242
2.997222 47.594 117.7127
3.018941 47.517 118.3004
3.040818 47.445 118.8821
3.062853 47.380 119.4522
3.085047 47.321 120.0051
3.107403 47.268 120.5352
3.129920 47.222 121.0368
3.152601 47.182 121.5048
3.175446 47.150 121.9338
3.198457 47.123 122.3192
3.221634 47.103 122.6565
3.244979 47.090 122.9417
3.268494 47.082 123.1709
3.292179 47.081 123.3407
3.316035 47.085 123.4477
3.340064 47.096 123.4886
3.364268 47.111 123.4597
3.388647 47.132 123.3568
3.413202 47.159 123.1745
3.437936 47.190 122.9052
3.462849 47.227 122.5382
3.487942 47.268 122.0570
3.513217 47.313 121.4354
3.538675 47.363 120.6301
3.564318 47.416 119.5648
3.590146 47.472 118.0944
3.616162 47.531 115.9097
3.642366 47.591 112.2297
3.668760 47.654 104.4263
3.695346 47.716 77.6325
3.722124 47.779 -7.6686
3.749096 47.840 -36.5918
3.776263 47.900 -44.7898
3.803627 47.958 -48.6405
3.831190 48.012 -50.9559
3.858953 48.063 -52.5571
3.886916 48.109 -53.7660
3.915082 48.151 -54.7328
3.943453 48.186 -55.5367
3.972028 48.216 -56.2223
4.000811 48.240 -56.8165
4.029803 48.256 -57.3359
4.059005 48.266 -57.7915
4.088418 48.269 -58.1900
4.118044 48.265 -58.5363
4.147885 48.254 -58.8332
4.177942 48.236 -59.0830
4.208218 48.211 -59.2872
4.238712 48.179 -59.4470
4.269427 48.141 -59.5638
4.300366 48.098 -59.6389
4.331528 48.049 -59.6738
4.362916 47.996 -59.6706
4.394531 47.938 -59.6318
4.426376 47.877 -59.5605
4.458451 47.814 -59.4605
4.490759 47.749 -59.3361
4.523301 47.683 -59.1925
4.556079 47.618 -59.0356
4.589094 47.554 -58.8720
4.622348 47.492 -58.7091
4.655844 47.435 -58.5550
4.689582 47.382 -58.4187
4.723564 47.336 -58.3099
4.757793 47.298 -58.2393
4.792270 47.269 -58.2190
4.826997 47.250 -58.2630
4.861975 47.242 -58.3880
4.897207 47.247 -58.6148
4.932695 47.266 -58.9716
4.968439 47.299 -59.4987
5.004442 47.346 -60.2589
5.040706 47.409 -61.3596
5.077234 47.487 -63.0048
5.114025 47.580 -65.6443
5.151084 47.688 -70.5004
5.188410 47.810 -82.3012
5.226008 47.946 -130.8810
5.263878 48.094 157.5872
5.302022 48.254 140.0615
5.340442 48.425 133.5720
5.379142 48.605 129.9900
5.418121 48.793 127.5293
5.457383 48.988 125.5928
5.496929 49.189 123.9276
5.536762 49.395 122.4091
5.576884 49.604 120.9702
5.617296 49.815 119.5721
5.658002 50.028 118.1920
5.699002 50.241 116.8162
5.740299 50.454 115.4372
5.781896 50.665 114.0511
5.823794 50.873 112.6569
5.865995 51.078 111.2554
5.908503 51.280 109.8489
5.951318 51.476 108.4408
5.994444 51.668 107.0351
6.037882 51.854 105.6367
6.081635 52.034 104.2504
6.125705 52.208 102.8816
6.170095 52.374 101.5358
6.214806 52.534 100.2181
6.259841 52.687 98.9340
6.305202 52.833 97.6883
6.350892 52.972 96.4860
6.396913 53.104 95.3315
6.443268 53.229 94.2288
6.489959 53.348 93.1815
6.536988 53.462 92.1929
6.584357 53.570 91.2657
6.632070 53.673 90.4019
6.680129 53.772 89.6033
6.728536 53.868 88.8711
6.777294 53.962 88.2060
6.826405 54.054 87.6082
6.875872 54.145 87.0775
6.925697 54.236 86.6134
6.975884 54.327 86.2152
7.026434 54.421 85.8821
7.077350 54.516 85.6138
7.128635 54.613 85.4110
7.180293 54.714 85.2767
7.232324 54.817 85.2188
7.284732 54.924 85.2562
7.337520 55.034 85.4360
7.390691 55.147 85.8945
7.444247 55.262 87.1957
7.498191 55.380 96.9040
7.552526 55.501 -102.0786
7.607255 55.623 -98.5039
7.662380 55.747 -97.5960
7.717905 55.873 -97.1855
7.773832 56.000 -96.9573
7.830165 56.128 -96.8208
7.886905 56.257 -96.7417
7.944057 56.387 -96.7056
8.001623 56.519 -96.7067
8.059606 56.653 -96.7433
8.118009 56.790 -96.8162
8.176836 56.930 -96.9276
8.236088 57.074 -97.0809
8.295770 57.222 -97.2803
8.355885 57.376 -97.5307
8.416435 57.536 -97.8372
8.477424 57.703 -98.2052
8.538855 57.877 -98.6399
8.600731 58.059 -99.1460
8.663055 58.250 -99.7272
8.725832 58.448 -100.3860
8.789063 58.655 -101.1230
8.852752 58.869 -101.9365
8.916902 59.090 -102.8224
8.981518 59.319 -103.7736
9.046602 59.553 -104.7807
9.112157 59.792 -105.8313
9.178188 60.036 -106.9112
9.244696 60.283 -108.0049
9.311687 60.532 -109.0960
9.379164 60.782 -110.1685
9.447129 61.034 -111.2075
9.515587 61.285 -112.1998
9.584541 61.535 -113.1345
9.653994 61.783 -114.0033
9.723951 62.029 -114.8010
9.794415 62.272 -115.5249
9.865389 62.511 -116.1750
9.936878 62.747 -117.2059
10.008884 62.978 -118.3758
10.081413 63.204 -119.4853
10.154467 63.425 -120.5422
10.228051 63.640 -121.5552
10.302167 63.850 -122.2987
10.376821 64.054 -122.8916
10.452016 64.251 -123.4709
10.527755 64.441 -124.0469
10.604044 64.625 -124.6298
10.680885 64.802 -125.1182
10.758283 64.971 -125.6029
10.836242 65.132 -126.1217
10.914766 65.286 -126.6819
10.993859 65.432 -127.2818
11.073525 65.569 -127.8575
11.153768 65.698 -128.4903
11.234593 65.819 -129.1828
11.316003 65.931 -129.9367
11.398004 66.034 -130.7195
11.480599 66.127 -131.5368
11.563792 66.212 -132.4134
11.647588 66.288 -133.3463
11.731991 66.355 -134.3246
11.817006 66.414 -135.3130
11.902637 66.463 -136.3427
11.988888 66.504 -137.4070
12.075764 66.537 -138.4981
12.163270 66.562 -139.5753
12.251411 66.580 -140.6581
12.340189 66.590 -141.7409
12.429611 66.594 -142.8140
12.519681 66.593 -143.8466
12.610404 66.586 -144.8439
12.701784 66.575 -145.8039
12.793827 66.560 -146.7191
12.886536 66.542 -147.5666
12.979917 66.523 -148.3524
13.073975 66.503 -149.0792
13.168715 66.484 -149.7462
13.264140 66.466 -150.3392
13.360258 66.450 -150.8739
13.457072 66.438 -151.3587
13.554587 66.430 -151.7997
13.652809 66.428 -152.1909
13.751743 66.432 -152.5577
13.851394 66.443 -152.9109
13.951767 66.461 -153.2576
14.052867 66.487 -153.6060
14.154700 66.521 -153.9742
14.257271 66.564 -154.3728
14.360585 66.615 -154.8032
14.464648 66.674 -155.2795
14.569465 66.742 -155.8116
14.675041 66.818 -156.4036
14.781382 66.902 -157.0560
14.888494 66.993 -157.7781
14.996382 67.091 -158.5718
15.105052 67.196 -159.4318
15.214510 67.307 -160.3619
15.324760 67.424 -161.3615
15.435810 67.546 -162.4253
15.547664 67.674 -163.5496
15.660329 67.805 -164.7329
15.773810 67.941 -165.9696
15.888114 68.081 -167.2524
16.003246 68.224 -168.5801
16.119212 68.370 -169.9478
16.236018 68.520 -171.3478
16.353671 68.671 -172.7792
16.472176 68.825 -174.2379
16.591541 68.980 -175.7181
16.711770 69.137 -177.2189
16.832870 69.294 -178.7377
16.954848 69.453 179.7292
17.077710 69.612 178.1826
17.201462 69.772 176.6238
17.326111 69.931 175.0556
17.451663 70.090 173.4777
17.578125 70.249 171.8907
17.705503 70.406 170.2952
17.833805 70.563 168.6917
17.963036 70.718 167.0804
18.093203 70.872 165.4615
18.224314 71.024 163.8352
18.356375 71.174 162.2017
18.489393 71.322 160.5611
18.623375 71.467 158.9135
18.758327 71.610 157.2583
18.894258 71.751 155.5961
19.031174 71.889 153.9276
19.169081 72.024 152.2525
19.307988 72.156 150.5718
19.447902 72.284 148.8855
19.588829 72.410 147.1934
19.730778 72.532 145.4970
19.873756 72.651 143.7955
20.017769 72.766 142.0902
20.162826 72.877 140.3818
20.308934 72.984 138.6696
20.456101 73.088 136.9551
20.604334 73.187 135.2375
20.753642 73.282 133.5177
20.904031 73.374 131.7960
21.055511 73.460 130.0710
21.208087 73.543 128.3452
21.361770 73.621 126.6169
21.516566 73.695 124.8878
21.672484 73.764 123.1571
21.829532 73.828 121.4247
21.987718 73.888 119.6920
22.147050 73.943 117.9573
22.307536 73.993 116.2228
22.469186 74.038 114.4863
22.632007 74.078 112.7499
22.796008 74.113 111.0134
22.961197 74.142 109.2773
23.127583 74.166 107.5423
23.295175 74.185 105.8083
23.463982 74.198 104.0777
23.634011 74.206 102.3497
23.805273 74.207 100.6286
23.977776 74.202 98.9134
24.151529 74.192 97.2094
24.326541 74.175 95.5168
24.502821 74.151 93.8412
24.680379 74.121 92.1843
24.859223 74.084 90.5523
25.039363 74.040 88.9481
25.220808 73.990 87.3787
25.403569 73.933 85.8480
25.587654 73.869 84.3636
25.773072 73.798 82.9305
25.959835 73.721 81.5568
26.147950 73.637 80.2477
26.337429 73.548 79.0117
26.528281 73.452 77.8532
26.720516 73.352 76.7811
26.914144 73.248 75.7984
27.109175 73.139 74.9129
27.305619 73.029 74.1255
27.503487 72.916 73.4410
27.702788 72.803 72.8576
27.903534 72.690 72.3751
28.105735 72.579 71.9885
28.309400 72.472 71.6920
28.514542 72.369 71.4769
28.721170 72.273 71.3303
28.929296 72.184 71.2405
29.138929 72.105 71.1903
29.350082 72.034 71.1658
29.562765 71.975 71.1490
29.776989 71.926 71.1241
29.992765 71.889 71.0763
30.210105 71.863 70.9912
30.429020 71.848 70.8582
30.649521 71.843 70.6661
30.871620 71.848 70.4090
31.095328 71.860 70.0819
31.320658 71.879 69.6808
31.547620 71.902 69.2069
31.776228 71.930 68.6602
32.006491 71.960 68.0436
32.238423 71.991 67.3616
32.472036 72.021 66.6182
32.707342 72.050 65.8204
32.944353 72.076 64.9750
33.183081 72.098 64.0882
33.423540 72.115 63.1689
33.665740 72.126 62.2253
33.909696 72.131 61.2652
34.155420 72.130 60.2986
34.402924 72.122 59.3341
34.652222 72.106 58.3794
34.903326 72.083 57.4427
35.156250 72.052 56.5328
35.411007 72.015 55.6715
35.667609 71.971 54.8651
35.926072 71.921 54.1214
36.186407 71.865 53.4455
36.448628 71.805 52.8438
36.712750 71.742 52.3227
36.978786 71.677 51.8880
37.246749 71.611 51.5421
37.516655 71.547 51.2890
37.788516 71.486 51.1300
38.062347 71.430 51.0639
38.338162 71.382 51.0860
38.615977 71.342 51.1922
38.895804 71.315 51.3746
39.177659 71.300 51.6220
39.461556 71.301 51.9193
39.747511 71.317 52.2537
40.035538 71.351 52.6085
40.325652 71.403 52.9655
40.617868 71.472 53.3052
40.912202 71.558 53.6097
41.208669 71.660 53.8631
41.507284 71.777 54.0495
41.808063 71.907 54.1550
42.111021 72.048 54.1678
42.416175 72.198 54.0790
42.723540 72.356 53.8814
43.033132 72.519 53.5699
43.344968 72.686 53.1412
43.659064 72.855 52.5938
43.975435 73.024 51.9276
44.294099 73.193 51.1435
44.615073 73.360 50.2436
44.938372 73.523 49.2305
45.264014 73.683 48.1074
45.592016 73.837 46.8777
45.922394 73.986 45.5454
46.255167 74.128 44.1147
46.590351 74.263 42.5903
46.927964 74.390 40.9762
47.268023 74.510 39.2765
47.610547 74.621 37.4956
47.955552 74.723 35.6376
48.303058 74.816 33.7071
48.653082 74.899 31.7082
49.005642 74.972 29.6445
49.360757 75.036 27.5205
49.718446 75.089 25.3406
50.078726 75.132 23.1082
50.441617 75.164 20.8275
50.807138 75.186 18.5027
51.175307 75.197 16.1379
51.546145 75.198 13.7372
51.919669 75.189 11.3043
52.295901 75.170 8.8428
52.674858 75.142 6.3563
53.056562 75.104 3.8478
53.441032 75.057 1.3209
53.828287 75.002 -1.2219
54.218349 74.939 -3.7786
54.611238 74.869 -6.3455
55.006973 74.792 -8.9211
55.405577 74.709 -11.5040
55.807068 74.621 -14.0927
56.211469 74.529 -16.6854
56.618801 74.434 -19.2814
57.029084 74.335 -21.8794
57.442340 74.236 -24.4791
57.858591 74.136 -27.0811
58.277858 74.036 -29.6857
58.700164 73.937 -32.2943
59.125529 73.841 -34.9094
59.553977 73.748 -37.5353
59.985530 73.660 -40.1780
60.420210 73.577 -42.8475
60.858039 73.501 -45.5574
61.299042 73.431 -48.3303
61.743240 73.371 -51.2025
62.190657 73.319 -54.2328
62.641316 73.277 -57.5223
63.095241 73.246 -61.2567
63.552455 73.226 -65.8076
64.012982 73.218 -72.0134
64.476847 73.222 -82.1393
64.944073 73.240 -103.8076
65.414684 73.270 -154.5601
65.888706 73.314 161.4787
66.366163 73.370 143.9839
66.847079 73.441 135.7386
67.331481 73.523 130.9498
67.819392 73.619 127.8141
68.310840 73.725 125.6255
68.805848 73.843 124.0519
69.304444 73.971 122.9115
69.806652 74.107 122.0898
70.312500 74.251 121.5061
70.822013 74.401 121.0946
71.335219 74.556 120.8008
71.852143 74.714 120.5744
72.372814 74.875 120.3702
72.897257 75.036 120.1486
73.425500 75.197 119.8726
73.957572 75.356 119.5148
74.493499 75.512 119.0506
75.033309 75.663 118.4644
75.577032 75.810 117.7444
76.124694 75.950 116.8856
76.676325 76.084 115.8861
77.231953 76.209 114.7496
77.791608 76.327 113.4815
78.355318 76.435 112.0905
78.923113 76.534 110.5861
79.495022 76.622 108.9796
80.071076 76.700 107.2819
80.651304 76.768 105.5057
81.235736 76.825 103.6628
81.824404 76.871 101.7656
82.417337 76.906 99.8254
83.014567 76.930 97.8539
83.616125 76.943 95.8618
84.222042 76.946 93.8596
84.832350 76.939 91.8571
85.447080 76.921 89.8632
86.066265 76.894 87.8865
86.689936 76.858 85.9353
87.318127 76.814 84.0162
87.950871 76.762 82.1356
88.588199 76.702 80.2993
89.230145 76.635 78.5121
89.876744 76.563 76.7787
90.528028 76.487 75.1022
91.184031 76.406 73.4854
91.844788 76.322 71.9293
92.510333 76.236 70.4349
93.180701 76.149 69.0020
93.855927 76.063 67.6292
94.536046 75.979 66.3140
95.221093 75.897 65.0533
95.911104 75.819 63.8432
96.606116 75.747 62.6796
97.306164 75.681 61.5573
98.011284 75.621 60.4702
98.721514 75.570 59.4126
99.436891 75.527 58.3785
100.157452 75.493 57.3622
100.883234 75.468 56.3570
101.614275 75.452 55.3537
102.350614 75.445 54.3474
103.092289 75.446 53.3333
103.839338 75.456 52.3076
104.591801 75.472 51.2665
105.349716 75.495 50.2068
106.113124 75.523 49.1260
106.882063 75.556 48.0222
107.656575 75.593 46.8943
108.436699 75.632 45.7411
109.222476 75.672 44.5636
110.013947 75.713 43.3619
110.811153 75.754 42.1368
111.614136 75.795 40.8900
112.422939 75.833 39.6232
113.237601 75.869 38.3380
114.058168 75.903 37.0365
114.884680 75.933 35.7208
115.717182 75.960 34.3934
116.555716 75.983 33.0565
117.400327 76.002 31.7122
118.251058 76.016 30.3619
119.107954 76.026 29.0081
119.971060 76.032 27.6528
120.840419 76.034 26.2973
121.716079 76.031 24.9432
122.598084 76.023 23.5915
123.486480 76.011 22.2434
124.381314 75.995 20.9003
125.282632 75.974 19.5630
126.190482 75.949 18.2329
127.104910 75.920 16.9106
128.025965 75.886 15.5978
128.953694 75.849 14.2950
129.888145 75.807 13.0035
130.829368 75.762 11.7236
131.777412 75.713 10.4560
132.732325 75.661 9.2012
133.694158 75.606 7.9595
134.662961 75.548 6.7308
135.638785 75.487 5.5148
136.621679 75.422 4.3112
137.611696 75.355 3.1203
138.608887 75.283 1.9426
139.613304 75.207 0.7791
140.625000 75.127 -0.3683
141.644027 75.041 -1.4971
142.670438 74.949 -2.6032
143.704287 74.850 -3.6824
144.745627 74.744 -4.7302
145.794514 74.629 -5.7410
146.851001 74.506 -6.7097
147.915144 74.374 -7.6303
148.986998 74.233 -8.4978
150.066619 74.083 -9.3077
151.154063 73.924 -10.0569
152.249388 73.756 -10.7431
153.352650 73.580 -11.3651
154.463906 73.396 -11.9238
155.583216 73.206 -12.4216
156.710636 73.009 -12.8615
157.846226 72.808 -13.2473
158.990044 72.603 -13.5828
160.142152 72.395 -13.8726
161.302608 72.186 -14.1205
162.471473 71.978 -14.3292
163.648808 71.771 -14.5000
164.834675 71.567 -14.6324
166.029135 71.368 -14.7244
167.232251 71.175 -14.7709
168.444084 70.992 -14.7646
169.664700 70.819 -14.6956
170.894160 70.659 -14.5513
172.132530 70.514 -14.3156
173.379873 70.387 -13.9691
174.636255 70.280 -13.4902
175.901741 70.194 -12.8545
177.176398 70.132 -12.0339
178.460291 70.096 -11.0010
179.753488 70.085 -9.7296
181.056056 70.102 -8.1993
182.368062 70.146 -6.3997
183.689577 70.217 -4.3353
185.020667 70.314 -2.0322
186.361403 70.434 0.4573
187.711854 70.575 3.0554
189.072092 70.736 5.6627
190.442186 70.912 8.1694
191.822209 71.101 10.4686
193.212232 71.299 12.4692
194.612327 71.504 14.1039
196.022568 71.711 15.3329
197.443029 71.918 16.1418
198.873782 72.123 16.5371
200.314904 72.323 16.5401
201.766468 72.516 16.1809
203.228551 72.701 15.4929
204.701229 72.876 14.5116
206.184578 73.042 13.2714
207.678677 73.196 11.8032
209.183602 73.338 10.1355
210.699433 73.468 8.2936
212.226248 73.585 6.2993
213.764127 73.689 4.1714
215.313149 73.779 1.9263
216.873397 73.855 -0.4214
218.444951 73.916 -2.8586
220.027894 73.961 -5.3730
221.622306 73.989 -7.9531
223.228273 74.000 -10.5878
224.845877 73.993 -13.2664
226.475203 73.967 -15.9769
228.116336 73.922 -18.7078
229.769361 73.857 -21.4476
231.434364 73.773 -24.1840
233.111433 73.669 -26.9045
234.800654 73.545 -29.5972
236.502117 73.401 -32.2496
238.215909 73.239 -34.8484
239.942119 73.057 -37.3800
241.680839 72.858 -39.8310
243.432158 72.641 -42.1873
245.196168 72.407 -44.4351
246.972960 72.157 -46.5610
248.762628 71.892 -48.5524
250.565264 71.612 -50.3981
252.380964 71.319 -52.0890
254.209820 71.015 -53.6183
256.051929 70.701 -54.9810
257.907387 70.378 -56.1742
259.776290 70.050 -57.1963
261.658736 69.718 -58.0441
263.554824 69.386 -58.7114
265.464650 69.056 -59.1851
267.388317 68.733 -59.4426
269.325923 68.418 -59.4476
271.277569 68.116 -59.1457
273.243358 67.831 -58.4608
275.223392 67.565 -57.2900
277.217775 67.321 -55.5034
279.226609 67.101 -52.9502
281.250000 66.904 -49.4793
283.288053 66.729 -44.9866
285.340875 66.576 -39.4954
287.408573 66.440 -33.2445
289.491254 66.318 -26.7081
291.589027 66.205 -20.4838
293.702001 66.097 -15.0895
295.830287 65.990 -10.8157
297.973995 65.882 -7.7150
300.133238 65.767 -5.6839
302.308127 65.646 -4.5482
304.498776 65.516 -4.1188
306.705300 65.378 -4.2197
308.927813 65.232 -4.6943
311.166431 65.081 -5.4059
313.421271 64.927 -6.2314
315.692451 64.776 -7.0537
317.980089 64.635 -7.7520
320.284304 64.510 -8.1884
322.605216 64.414 -8.1901
324.942946 64.355 -7.5191
327.297617 64.346 -5.8254
329.669350 64.394 -2.5734
332.058270 64.506 3.0455
334.464501 64.682 12.0992
336.888169 64.918 25.3325
339.329399 65.208 41.5156
341.788320 65.542 56.8718
344.265059 65.908 68.3637
346.759746 66.297 75.7151
349.272510 66.699 79.9286
351.803482 67.107 82.0012
354.352795 67.515 82.6324
356.920582 67.918 82.2749
359.506975 68.311 81.2199
362.112111 68.693 79.6583
364.736125 69.059 77.7178
367.379153 69.409 75.4856
370.041334 69.739 73.0212
372.722806 70.048 70.3659
375.423709 70.334 67.5488
378.144184 70.596 64.5915
380.884373 70.831 61.5106
383.644418 71.039 58.3210
386.424463 71.219 55.0367
389.224654 71.370 51.6724
392.045137 71.491 48.2452
394.886057 71.584 44.7730
397.747564 71.649 41.2756
400.629807 71.687 37.7756
403.532936 71.699 34.2953
406.457102 71.687 30.8581
409.402458 71.652 27.4865
412.369157 71.596 24.2045
415.357354 71.521 21.0388
418.367204 71.428 18.0197
421.398865 71.320 15.1834
424.452495 71.197 12.5737
427.528253 71.063 10.2455
430.626299 70.919 8.2685
433.746795 70.769 6.7286
436.889903 70.617 5.7294
440.055787 70.469 5.3931
443.244613 70.332 5.8531
446.456546 70.216 7.2358
449.691754 70.128 9.6250
452.950406 70.080 13.0087
456.232671 70.080 17.2198
459.538721 70.133 21.9152
462.868728 70.241 26.6341
466.222866 70.402 30.9278
469.601309 70.610 34.4786
473.004234 70.857 37.1411
476.431817 71.132 38.9103
479.884239 71.426 39.8611
483.361678 71.730 40.0992
486.864316 72.036 39.7328
490.392335 72.338 38.8585
493.945920 72.630 37.5586
497.525256 72.907 35.9018
501.130529 73.168 33.9462
504.761927 73.409 31.7411
508.419640 73.630 29.3297
512.103859 73.829 26.7498
515.814774 74.006 24.0351
519.552581 74.161 21.2158
523.317473 74.294 18.3192
527.109647 74.407 15.3694
530.929301 74.499 12.3887
534.776633 74.571 9.3965
538.651845 74.625 6.4093
542.555139 74.663 3.4413
546.486717 74.686 0.5037
550.446785 74.696 -2.3956
554.435549 74.695 -5.2512
558.453218 74.683 -8.0610
562.500000 74.662 -10.8248
566.576107 74.631 -13.5431
570.681751 74.591 -16.2165
574.817146 74.540 -18.8441
578.982508 74.476 -21.4220
583.178054 74.399 -23.9437
587.404003 74.307 -26.3995
591.660574 74.199 -28.7758
595.947991 74.074 -31.0566
600.266475 73.932 -33.2256
604.616254 73.774 -35.2672
608.997552 73.601 -37.1690
613.410600 73.416 -38.9233
617.855626 73.222 -40.5283
622.332862 73.021 -41.9894
626.842543 72.816 -43.3192
631.384902 72.611 -44.5355
635.960177 72.409 -45.6597
640.568607 72.212 -46.7144
645.210431 72.024 -47.7208
649.885892 71.847 -48.6956
654.595233 71.680 -49.6527
659.338700 71.527 -50.6003
664.116540 71.386 -51.5410
668.929002 71.258 -52.4722
673.776337 71.142 -53.3890
678.658799 71.040 -54.2827
683.576640 70.950 -55.1449
688.530118 70.872 -55.9701
693.519491 70.807 -56.7578
698.545019 70.752 -57.5134
703.606964 70.707 -58.2481
708.705591 70.669 -58.9766
713.841163 70.633 -59.7153
719.013951 70.597 -60.4761
724.224222 70.555 -61.2613
729.472249 70.502 -62.0598
734.758306 70.434 -62.8439
740.082668 70.347 -63.5690
745.445612 70.240 -64.1750
750.847418 70.109 -64.5912
756.288368 69.956 -64.7433
761.768745 69.781 -64.5630
767.288835 69.586 -63.9982
772.848927 69.375 -63.0221
778.449309 69.151 -61.6420
784.090273 68.919 -59.8980
789.772115 68.683 -57.8538
795.495129 68.448 -55.5748
801.259614 68.219 -53.1033
807.065872 68.001 -50.4360
812.914204 67.798 -47.5120
818.804915 67.617 -44.2162
824.738313 67.461 -40.4008
830.714707 67.336 -35.9282
836.734408 67.247 -30.7386
842.797731 67.196 -24.9301
848.904991 67.183 -18.8046
855.056506 67.206 -12.8223
861.252598 67.261 -7.4569
867.493589 67.341 -3.0412
873.779805 67.441 0.2975
880.111574 67.551 2.6024
886.489225 67.668 4.0159
892.913092 67.787 4.7181
899.383508 67.905 4.8887
905.900812 68.022 4.6866
912.465342 68.140 4.2442
919.077442 68.260 3.6647
925.737456 68.387 3.0217
932.445732 68.524 2.3610
939.202618 68.673 1.7029
946.008467 68.835 1.0462
952.863634 69.007 0.3752
959.768477 69.187 -0.3331
966.723355 69.367 -1.1010
973.728631 69.543 -1.9424
980.784670 69.705 -2.8553
987.891840 69.849 -3.8181
995.050512 69.967 -4.7891
1002.261058 70.057 -5.7076
1009.523855 70.116 -6.4990
1016.839281 70.144 -7.0807
1024.207717 70.142 -7.3730
1031.629549 70.114 -7.3120
1039.105162 70.065 -6.8662
1046.634946 70.002 -6.0508
1054.219294 69.931 -4.9370
1061.858602 69.859 -3.6494
1069.553267 69.792 -2.3474
1077.303691 69.735 -1.1939
1085.110277 69.689 -0.3232
1092.973434 69.656 0.1791
1100.893570 69.636 0.2780
1108.871098 69.627 -0.0183
1116.906436 69.629 -0.6724
1125.000000 69.640 -1.6338
1133.152214 69.660 -2.8495
1141.363502 69.688 -4.2714
1149.634292 69.724 -5.8595
1157.965016 69.765 -7.5809
1166.356108 69.809 -9.4111
1174.808005 69.854 -11.3312
1183.321148 69.896 -13.3248
1191.895981 69.930 -15.3757
1200.532951 69.953 -17.4673
1209.232507 69.960 -19.5812
1217.995105 69.949 -21.6964
1226.821199 69.916 -23.7900
1235.711251 69.861 -25.8375
1244.665724 69.781 -27.8112
1253.685085 69.676 -29.6797
1262.769804 69.546 -31.4072
1271.920355 69.391 -32.9512
1281.137214 69.213 -34.2618
1290.420862 69.012 -35.2797
1299.771784 68.791 -35.9362
1309.190466 68.553 -36.1555
1318.677400 68.304 -35.8596
1328.233080 68.049 -34.9763
1337.858004 67.797 -33.4567
1347.552675 67.558 -31.2949
1357.317597 67.342 -28.5490
1367.153280 67.162 -25.3537
1377.060236 67.027 -21.9120
1387.038982 66.942 -18.4639
1397.090039 66.909 -15.2396
1407.213929 66.926 -12.4169
1417.411181 66.983 -10.1018
1427.682327 67.071 -8.3306
1438.027902 67.178 -7.0856
1448.448444 67.293 -6.3159
1458.944499 67.406 -5.9513
1469.516612 67.511 -5.9136
1480.165335 67.602 -6.1249
1490.891224 67.676 -6.5127
1501.694836 67.731 -7.0134
1512.576736 67.769 -7.5742
1523.537490 67.789 -8.1539
1534.577671 67.794 -8.7217
1545.697853 67.786 -9.2567
1556.898617 67.766 -9.7446
1568.180546 67.738 -10.1763
1579.544229 67.702 -10.5439
1590.990258 67.661 -10.8412
1602.519229 67.617 -11.0609
1614.131744 67.574 -11.1952
1625.828408 67.534 -11.2343
1637.609831 67.499 -11.1680
1649.476627 67.472 -10.9869
1661.429414 67.455 -10.6852
1673.468817 67.451 -10.2643
1685.595461 67.460 -9.7351
1697.809981 67.481 -9.1212
1710.113012 67.514 -8.4575
1722.505196 67.557 -7.7868
1734.987179 67.606 -7.1544
1747.559611 67.658 -6.6017
1760.223148 67.708 -6.1617
1772.978451 67.755 -5.8548
1785.826183 67.794 -5.6882
1798.767016 67.825 -5.6569
1811.801623 67.845 -5.7456
1824.930685 67.855 -5.9322
1838.154885 67.855 -6.1913
1851.474913 67.846 -6.4963
1864.891463 67.832 -6.8242
1878.405236 67.817 -7.1564
1892.016934 67.804 -7.4823
1905.727269 67.798 -7.7982
1919.536954 67.805 -8.1092
1933.446710 67.829 -8.4279
1947.457262 67.873 -8.7723
1961.569340 67.941 -9.1646
1975.783680 68.032 -9.6306
1990.101023 68.146 -10.1958
2004.522116 68.280 -10.8853
2019.047709 68.429 -11.7198
2033.678561 68.589 -12.7160
2048.415435 68.752 -13.8848
2063.259097 68.912 -15.2299
2078.210323 69.064 -16.7464
2093.269892 69.202 -18.4213
2108.438588 69.321 -20.2325
2123.717204 69.416 -22.1490
2139.106534 69.485 -24.1304
2154.607382 69.524 -26.1266
2170.220555 69.532 -28.0776
2185.946868 69.508 -29.9114
2201.787140 69.452 -31.5444
2217.742197 69.363 -32.8790
2233.812871 69.243 -33.8029
2250.000000 69.095 -34.1927
2266.304428 68.924 -33.9202
2282.727004 68.735 -32.8677
2299.268584 68.534 -30.9572
2315.930032 68.331 -28.1927
2332.712216 68.134 -24.7037
2349.616010 67.953 -20.7631
2366.642297 67.798 -16.7454
2383.791962 67.676 -13.0310
2401.065902 67.593 -9.9095
2418.465015 67.551 -7.5322
2435.990209 67.550 -5.9261
2453.642398 67.586 -5.0369
2471.422503 67.655 -4.7725
2489.331449 67.750 -5.0333
2507.370171 67.863 -5.7277
2525.539609 67.986 -6.7778
2543.840710 68.113 -8.1199
2562.274428 68.236 -9.7017
2580.841725 68.349 -11.4779
2599.543568 68.446 -13.4078
2618.380932 68.523 -15.4520
2637.354800 68.577 -17.5689
2656.466160 68.604 -19.7144
2675.716009 68.603 -21.8387
2695.105350 68.572 -23.8860
2714.635194 68.512 -25.7934
2734.306560 68.424 -27.4899
2754.120472 68.309 -28.8962
2774.077965 68.169 -29.9261
2794.180077 68.009 -30.4882
2814.427858 67.833 -30.4946
2834.822362 67.647 -29.8734
2855.364654 67.460 -28.5873
2876.055803 67.278 -26.6591
2896.896889 67.110 -24.1920
2917.888998 66.964 -21.3756
2939.033224 66.846 -18.4603
2960.330671 66.761 -15.7060
2981.782447 66.708 -13.3268
3003.389672 66.687 -11.4581
3025.153472 66.692 -10.1515
3047.074981 66.717 -9.3925
3069.155342 66.757 -9.1248
3091.395707 66.803 -9.2705
3113.797234 66.850 -9.7462
3136.361093 66.893 -10.4702
3159.088458 66.930 -11.3665
3181.980515 66.956 -12.3669
3205.038458 66.971 -13.4099
3228.263488 66.974 -14.4420
3251.656816 66.965 -15.4152
3275.219661 66.945 -16.2856
3298.953253 66.915 -17.0146
3322.858828 66.879 -17.5702
3346.937633 66.837 -17.9261
3371.190923 66.795 -18.0662
3395.619962 66.755 -17.9883
3420.226024 66.723 -17.7076
3445.010392 66.702 -17.2568
3469.974357 66.696 -16.6870
3495.119222 66.706 -16.0628
3520.446296 66.734 -15.4526
3545.956901 66.777 -14.9194
3571.652367 66.833 -14.5132
3597.534032 66.900 -14.2657
3623.603247 66.973 -14.1893
3649.861370 67.050 -14.2794
3676.309770 67.129 -14.5189
3702.949826 67.208 -14.8835
3729.782927 67.286 -15.3469
3756.810471 67.364 -15.8839
3784.033869 67.443 -16.4728
3811.454538 67.523 -17.0973
3839.073909 67.605 -17.7476
3866.893421 67.689 -18.4190
3894.914525 67.775 -19.1118
3923.138681 67.863 -19.8294
3951.567361 67.951 -20.5767
3980.202047 68.039 -21.3595
4009.044232 68.125 -22.1818
4038.095419 68.206 -23.0434
4067.357123 68.281 -23.9387
4096.830869 68.348 -24.8556
4126.518194 68.406 -25.7755
4156.420646 68.455 -26.6746
4186.539784 68.494 -27.5239
4216.877177 68.526 -28.2927
4247.434407 68.550 -28.9502
4278.213068 68.570 -29.4700
4309.214763 68.588 -29.8339
4340.441110 68.607 -30.0358
4371.893735 68.629 -30.0842
4403.574279 68.655 -30.0044
4435.484394 68.688 -29.8372
4467.625742 68.725 -29.6334
4500.000000 68.766 -29.4460
4532.608855 68.809 -29.3220
4565.454007 68.849 -29.2917
4598.537169 68.885 -29.3644
4631.860065 68.912 -29.5275
4665.424432 68.929 -29.7490
4699.232021 68.935 -29.9845
4733.284593 68.931 -30.1840
4767.583925 68.919 -30.3009
4802.131803 68.902 -30.3019
4836.930030 68.887 -30.1733
4871.980419 68.877 -29.9237
4907.284797 68.879 -29.5853
4942.845006 68.895 -29.2066
4978.662898 68.930 -28.8435
5014.740342 68.981 -28.5477
5051.079217 69.048 -28.3581
5087.681420 69.127 -28.2931
5124.548856 69.212 -28.3492
5161.683450 69.300 -28.5021
5199.087136 69.387 -28.7114
5236.761864 69.468 -28.9283
5274.709600 69.543 -29.1025
5312.932320 69.612 -29.1907
5351.432018 69.675 -29.1657
5390.210700 69.735 -29.0245
5429.270389 69.794 -28.7903
5468.613120 69.855 -28.5121
5508.240945 69.918 -28.2552
5548.155929 69.984 -28.0889
5588.360154 70.053 -28.0728
5628.855716 70.123 -28.2452
5669.644725 70.190 -28.6175
5710.729307 70.253 -29.1767
5752.111606 70.308 -29.8887
5793.793778 70.354 -30.7047
5835.777996 70.388 -31.5703
5878.066449 70.410 -32.4316
5920.661342 70.419 -33.2410
5963.564894 70.417 -33.9634
6006.779344 70.405 -34.5790
6050.306943 70.383 -35.0825
6094.149961 70.354 -35.4800
6138.310684 70.317 -35.7836
6182.791414 70.274 -36.0051
6227.594469 70.227 -36.1506
6272.722186 70.174 -36.2171
6318.176916 70.118 -36.1943
6363.961031 70.061 -36.0703
6410.076916 70.004 -35.8375
6456.526975 69.950 -35.5006
6503.313631 69.901 -35.0804
6550.439323 69.860 -34.6148
6597.906506 69.827 -34.1532
6645.717657 69.803 -33.7471
6693.875266 69.786 -33.4412
6742.381846 69.775 -33.2634
6791.239924 69.768 -33.2215
6840.452048 69.763 -33.3052
6890.020784 69.759 -33.4914
6939.948714 69.756 -33.7510
6990.238444 69.753 -34.0568
7040.892593 69.752 -34.3876
7091.913803 69.756 -34.7337
7143.304734 69.764 -35.0961
7195.068065 69.780 -35.4838
7247.206494 69.803 -35.9083
7299.722739 69.833 -36.3787
7352.619540 69.869 -36.8976
7405.899652 69.909 -37.4584
7459.565853 69.951 -38.0465
7513.620943 69.995 -38.6420
7568.067737 70.039 -39.2223
7622.909076 70.082 -39.7661
7678.147817 70.124 -40.2573
7733.786842 70.165 -40.6854
7789.829049 70.206 -41.0450
7846.277361 70.247 -41.3339
7903.134722 70.287 -41.5505
7960.404094 70.328 -41.6943
8018.088463 70.371 -41.7665
8076.190838 70.415 -41.7708
8134.714246 70.461 -41.7182
8193.661738 70.509 -41.6300
8253.036389 70.557 -41.5358
8312.841293 70.606 -41.4708
8373.079567 70.653 -41.4716
8433.754353 70.697 -41.5681
8494.868814 70.736 -41.7797
8556.426135 70.768 -42.1138
8618.429526 70.793 -42.5679
8680.882219 70.811 -43.1318
8743.787470 70.821 -43.7920
8807.148559 70.824 -44.5338
8870.968788 70.818 -45.3425
8935.251484 70.805 -46.2024
9000.000000 70.782 -47.0960
9065.217710 70.750 -48.0024
9130.908014 70.709 -48.8973
9197.074338 70.660 -49.7545
9263.720130 70.604 -50.5490
9330.848865 70.543 -51.2592
9398.464042 70.481 -51.8713
9466.569187 70.421 -52.3798
9535.167849 70.368 -52.7881
9604.263606 70.323 -53.1087
9673.860059 70.290 -53.3618
9743.960837 70.268 -53.5740
9814.569594 70.257 -53.7767
9885.690011 70.256 -54.0038
9957.325796 70.260 -54.2881
10029.480683 70.266 -54.6569
10102.158435 70.269 -55.1288
10175.362839 70.266 -55.7100
10249.097713 70.253 -56.3945
10323.366900 70.226 -57.1641
10398.174272 70.186 -57.9926
10473.523729 70.129 -58.8486
10549.419199 70.057 -59.7003
10625.864640 69.970 -60.5178
10702.864035 69.869 -61.2761
10780.421400 69.755 -61.9564
10858.540777 69.630 -62.5491
10937.226240 69.495 -63.0536
11016.481890 69.355 -63.4802
11096.311859 69.210 -63.8472
11176.720309 69.066 -64.1786
11257.711431 68.924 -64.5017
11339.289449 68.787 -64.8425
11421.458615 68.659 -65.2222
11504.223212 68.539 -65.6552
11587.587556 68.430 -66.1486
11671.555992 68.331 -66.7020
11756.132898 68.241 -67.3088
11841.322683 68.159 -67.9571
11927.129788 68.083 -68.6317
12013.558688 68.011 -69.3160
12100.613886 67.941 -69.9933
12188.299922 67.873 -70.6481
12276.621368 67.805 -71.2684
12365.582827 67.738 -71.8456
12455.188938 67.671 -72.3761
12545.444371 67.605 -72.8602
12636.353832 67.543 -73.3035
12727.922061 67.486 -73.7144
12820.153831 67.436 -74.1049
12913.053951 67.394 -74.4883
13006.627263 67.360 -74.8783
13100.878646 67.337 -75.2875
13195.813013 67.322 -75.7256
13291.435313 67.316 -76.1983
13387.750533 67.317 -76.7064
13484.763692 67.323 -77.2460
13582.479848 67.332 -77.8080
13680.904096 67.343 -78.3805
13780.041567 67.354 -78.9506
13879.897429 67.365 -79.5051
13980.476887 67.375 -80.0319
14081.785186 67.384 -80.5226
14183.827606 67.394 -80.9730
14286.609468 67.404 -81.3832
14390.136129 67.415 -81.7570
14494.412988 67.429 -82.1012
14599.445479 67.445 -82.4245
14705.239079 67.463 -82.7363
14811.799303 67.483 -83.0436
14919.131707 67.505 -83.3512
15027.241885 67.528 -83.6619
15136.135475 67.553 -83.9749
15245.818152 67.580 -84.2865
15356.295635 67.607 -84.5926
15467.573683 67.636 -84.8883
15579.658098 67.666 -85.1699
15692.554723 67.697 -85.4349
15806.269443 67.728 -85.6828
15920.808187 67.759 -85.9153
16036.176927 67.789 -86.1356
16152.381675 67.816 -86.3487
16269.428491 67.840 -86.5594
16387.323477 67.858 -86.7732
16506.072778 67.870 -86.9940
16625.682585 67.874 -87.2244
16746.159135 67.869 -87.4668
16867.508707 67.854 -87.7222
16989.737628 67.830 -87.9906
17112.852271 67.796 -88.2722
17236.859053 67.753 -88.5694
17361.764439 67.702 -88.8817
17487.574941 67.644 -89.2068
17614.297118 67.579 -89.5622
17741.937576 67.511 -89.9544
17870.502969 67.440 -90.3366
18000.000000 67.369 -90.7111
18130.435420 67.299 -91.0977
18261.816029 67.233 -91.5007
18394.148676 67.171 -91.9225
18527.440260 67.115 -92.3647
18661.697729 67.066 -92.8282
18796.928084 67.025 -93.3131
18933.138373 66.990 -93.8194
19070.335698 66.962 -94.3471
19208.527212 66.940 -94.8951
19347.720119 66.923 -95.4628
19487.921674 66.910 -96.0507
19629.139188 66.900 -96.6602
19771.380022 66.892 -97.2946
19914.651592 66.885 -97.9609
20058.961367 66.876 -98.5964
20204.316870 66.866 -99.0590
20350.725678 66.851 -99.5355
20498.195426 66.831 -100.0262
20646.733800 66.803 -100.5317
20796.348544 66.765 -101.0524
20947.047458 66.717 -101.5892
21098.838399 66.656 -102.1432
21251.729279 66.583 -102.7162
21405.728070 66.498 -103.3103
21560.842800 66.403 -103.9279
21717.081554 66.299 -104.5721
21874.452480 66.190 -105.2461
22032.963779 66.081 -105.9528
22192.623718 65.978 -106.6947
22353.440617 65.886 -107.4730
22515.422863 65.808 -108.2872
22678.578898 65.747 -109.1348
22842.917229 65.704 -110.0116
23008.446424 65.677 -110.9125
23175.175112 65.661 -111.8320
23343.111984 65.654 -112.7654
23512.265796 65.651 -113.7093
23682.645366 65.650 -114.6614
23854.259577 65.650 -115.6210
24027.117375 65.650 -116.5876
