* Measurement data measured by REW V5.40 beta 100
* Source: RMS + phase average
* Format: RMS + phase average
* Dated: Sep 23, 2025 2:20:02 PM
* REW Settings:
*  C-weighting compensation: Off
*  Target level: 70.0 dB
* Note: ; RMS + phase average of LX, RX
* Measurement: RMS + phase average
* Smoothing: Psychoacoustic
* Frequency Step: 96 ppo
* Start Frequency: 1.0986328 Hz
*
* Freq(Hz) SPL(dB) Phase(degrees)
1.098633 49.262 93.7477
1.106594 49.244 94.0327
1.114613 49.226 94.3386
1.122690 49.207 94.6662
1.130825 49.187 95.0162
1.139020 49.167 95.3894
1.147273 49.145 95.7866
1.155587 49.123 96.2082
1.163961 49.101 96.6550
1.172395 49.078 97.1275
1.180891 49.055 97.6261
1.189448 49.032 98.1513
1.198068 49.009 98.7033
1.206749 48.986 99.2824
1.215494 48.963 99.8887
1.224302 48.941 100.5224
1.233174 48.920 101.1833
1.242110 48.899 101.8711
1.251111 48.880 102.5857
1.260177 48.863 103.3265
1.269308 48.847 104.0930
1.278506 48.834 104.8842
1.287771 48.823 105.6993
1.297103 48.815 106.5372
1.306502 48.810 107.3965
1.315969 48.808 108.2756
1.325505 48.811 109.1730
1.335111 48.818 110.0867
1.344785 48.830 111.0146
1.354530 48.847 111.9546
1.364346 48.870 112.9041
1.374232 48.899 113.8607
1.384191 48.933 114.8217
1.394221 48.974 115.7842
1.404324 49.021 116.7454
1.414500 49.075 117.7023
1.424750 49.136 118.6521
1.435075 49.203 119.5918
1.445474 49.277 120.5183
1.455948 49.357 121.4290
1.466499 49.443 122.3209
1.477126 49.535 123.1915
1.487830 49.633 124.0382
1.498611 49.735 124.8585
1.509471 49.841 125.6504
1.520409 49.952 126.4117
1.531426 50.066 127.1405
1.542524 50.182 127.8352
1.553701 50.301 128.4943
1.564960 50.421 129.1164
1.576301 50.543 129.7004
1.587723 50.665 130.2454
1.599228 50.786 130.7504
1.610817 50.908 131.2149
1.622490 51.028 131.6382
1.634247 51.147 132.0200
1.646089 51.264 132.3599
1.658018 51.378 132.6576
1.670032 51.490 132.9131
1.682134 51.599 133.1263
1.694323 51.704 133.2972
1.706601 51.806 133.4257
1.718968 51.904 133.5121
1.731424 51.998 133.5566
1.743971 52.087 133.5592
1.756608 52.172 133.5204
1.769338 52.252 133.4404
1.782159 52.327 133.3197
1.795073 52.398 133.1586
1.808081 52.463 132.9579
1.821183 52.524 132.7180
1.834380 52.579 132.4398
1.847673 52.629 132.1240
1.861062 52.674 131.7716
1.874548 52.714 131.3838
1.888132 52.748 130.9617
1.901814 52.778 130.5067
1.915595 52.803 130.0204
1.929476 52.822 129.5044
1.943458 52.837 128.9607
1.957541 52.846 128.3913
1.971726 52.852 127.7985
1.986014 52.852 127.1846
2.000406 52.848 126.5523
2.014901 52.840 125.9044
2.029502 52.827 125.2439
2.044209 52.810 124.5739
2.059022 52.790 123.8977
2.073943 52.766 123.2189
2.088971 52.738 122.5411
2.104109 52.707 121.8681
2.119356 52.673 121.2040
2.134714 52.636 120.5528
2.150183 52.596 119.9190
2.165764 52.555 119.3070
2.181458 52.511 118.7214
2.197266 52.466 118.1672
2.213188 52.420 117.6493
2.229226 52.372 117.1730
2.245379 52.325 116.7438
2.261650 52.278 116.3671
2.278039 52.231 116.0488
2.294547 52.185 115.7950
2.311174 52.141 115.6119
2.327922 52.100 115.5058
2.344791 52.061 115.4831
2.361782 52.026 115.5505
2.378897 51.995 115.7145
2.396135 51.969 115.9817
2.413499 51.949 116.3586
2.430988 51.934 116.8512
2.448604 51.926 117.4652
2.466347 51.924 118.2058
2.484219 51.930 119.0773
2.502221 51.943 120.0829
2.520353 51.963 121.2246
2.538617 51.991 122.5028
2.557013 52.026 123.9161
2.575542 52.068 125.4610
2.594205 52.117 127.1317
2.613004 52.171 128.9201
2.631939 52.232 130.8158
2.651011 52.298 132.8058
2.670221 52.368 134.8756
2.689571 52.441 137.0087
2.709061 52.518 139.1877
2.728691 52.596 141.3947
2.748465 52.676 143.6120
2.768381 52.757 145.8226
2.788442 52.837 148.0110
2.808648 52.916 150.1633
2.829001 52.994 152.2679
2.849501 53.069 154.3154
2.870150 53.142 156.2986
2.890948 53.211 158.2126
2.911897 53.276 160.0549
2.932998 53.336 161.8243
2.954251 53.391 163.5218
2.975659 53.440 165.1493
2.997222 53.483 166.7102
3.018941 53.520 168.2088
3.040818 53.550 169.6499
3.062853 53.573 171.0391
3.085047 53.588 172.3823
3.107403 53.596 173.6859
3.129920 53.596 174.9566
3.152601 53.587 176.2013
3.175446 53.570 177.4271
3.198457 53.544 178.6413
3.221634 53.510 179.8516
3.244979 53.467 -178.9341
3.268494 53.416 -177.7075
3.292179 53.356 -176.4601
3.316035 53.287 -175.1828
3.340064 53.210 -173.8659
3.364268 53.125 -172.4993
3.388647 53.032 -171.0720
3.413202 52.931 -169.5722
3.437936 52.824 -167.9872
3.462849 52.709 -166.3035
3.487942 52.589 -164.5060
3.513217 52.464 -162.5789
3.538675 52.333 -160.5050
3.564318 52.199 -158.2658
3.590146 52.062 -155.8418
3.616162 51.922 -153.2129
3.642366 51.781 -150.3583
3.668760 51.641 -147.2579
3.695346 51.501 -143.8927
3.722124 51.363 -140.2469
3.749096 51.228 -136.3088
3.776263 51.098 -132.0739
3.803627 50.972 -127.5461
3.831190 50.853 -122.7399
3.858953 50.741 -117.6815
3.886916 50.636 -112.4083
3.915082 50.540 -106.9666
3.943453 50.453 -101.4080
3.972028 50.375 -95.7840
4.000811 50.306 -90.1408
4.029803 50.247 -84.5142
4.059005 50.197 -78.9263
4.088418 50.156 -73.3840
4.118044 50.124 -67.8788
4.147885 50.100 -62.3883
4.177942 50.085 -56.8783
4.208218 50.076 -51.3055
4.238712 50.075 -45.6216
4.269427 50.080 -39.7766
4.300366 50.092 -33.7246
4.331528 50.109 -27.4316
4.362916 50.132 -20.8827
4.394531 50.159 -14.0920
4.426376 50.191 -7.1096
4.458451 50.227 -0.0228
4.490759 50.267 7.0491
4.523301 50.310 13.9701
4.556079 50.356 20.6073
4.589094 50.404 26.8488
4.622348 50.455 32.6155
4.655844 50.507 37.8646
4.689582 50.560 42.5844
4.723564 50.613 46.7875
4.757793 50.667 50.5017
4.792270 50.720 53.7634
4.826997 50.772 56.6119
4.861975 50.823 59.0857
4.897207 50.873 61.2214
4.932695 50.920 63.0519
4.968439 50.966 64.6061
5.004442 51.009 65.9093
5.040706 51.051 66.9833
5.077234 51.090 67.8463
5.114025 51.128 68.5137
5.151084 51.165 68.9985
5.188410 51.200 69.3114
5.226008 51.235 69.4612
5.263878 51.271 69.4556
5.302022 51.307 69.3010
5.340442 51.346 69.0042
5.379142 51.387 68.5719
5.418121 51.432 68.0126
5.457383 51.481 67.3370
5.496929 51.535 66.5600
5.536762 51.595 65.7016
5.576884 51.661 64.7882
5.617296 51.734 63.8533
5.658002 51.815 62.9367
5.699002 51.902 62.0828
5.740299 51.996 61.3362
5.781896 52.098 60.7369
5.823794 52.206 60.3140
5.865995 52.321 60.0811
5.908503 52.442 60.0337
5.951318 52.568 60.1506
5.994444 52.699 60.3978
6.037882 52.834 60.7338
6.081635 52.973 61.1159
6.125705 53.114 61.5050
6.170095 53.256 61.8682
6.214806 53.400 62.1799
6.259841 53.545 62.4218
6.305202 53.689 62.5815
6.350892 53.832 62.6511
6.396913 53.974 62.6260
6.443268 54.115 62.5032
6.489959 54.253 62.2806
6.536988 54.389 61.9560
6.584357 54.523 61.5266
6.632070 54.654 60.9885
6.680129 54.783 60.3361
6.728536 54.909 59.5620
6.777294 55.032 58.6564
6.826405 55.153 57.6068
6.875872 55.272 56.3972
6.925697 55.389 55.0081
6.975884 55.504 53.4147
7.026434 55.617 51.5872
7.077350 55.729 49.4879
7.128635 55.840 47.0709
7.180293 55.949 44.2799
7.232324 56.057 41.0458
7.284732 56.164 37.2852
7.337520 56.270 32.9005
7.390691 56.375 27.7825
7.444247 56.479 21.8199
7.498191 56.582 14.9218
7.552526 56.684 7.0545
7.607255 56.785 -1.7077
7.662380 56.886 -11.1407
7.717905 56.985 -20.8771
7.773832 57.084 -30.4817
7.830165 57.183 -39.5683
7.886905 57.282 -47.8862
7.944057 57.381 -55.3362
8.001623 57.481 -61.9343
8.059606 57.582 -67.7605
8.118009 57.686 -72.9183
8.176836 57.793 -77.5110
8.236088 57.904 -81.6303
8.295770 58.019 -85.3527
8.355885 58.139 -88.7393
8.416435 58.266 -91.8383
8.477424 58.399 -94.6866
8.538855 58.539 -97.3124
8.600731 58.687 -99.7372
8.663055 58.843 -101.9774
8.725832 59.007 -104.0460
8.789063 59.178 -105.9540
8.852752 59.357 -107.7109
8.916902 59.543 -109.3259
8.981518 59.736 -110.8083
9.046602 59.934 -112.1681
9.112157 60.138 -113.4160
9.178188 60.346 -114.5636
9.244696 60.558 -115.6235
9.311687 60.774 -116.6092
9.379164 60.992 -117.5348
9.447129 61.212 -118.4150
9.515587 61.433 -119.2647
9.584541 61.655 -120.0991
9.653994 61.878 -120.9330
9.723951 62.101 -121.7806
9.794415 62.324 -122.6555
9.865389 62.547 -123.5701
9.936878 62.768 -124.5352
10.008884 62.989 -125.5596
10.081413 63.208 -126.6497
10.154467 63.426 -127.8093
10.228051 63.642 -129.0385
10.302167 63.855 -130.3341
10.376821 64.066 -131.6891
10.452016 64.275 -133.0927
10.527755 64.479 -134.5312
10.604044 64.681 -135.9879
10.680885 64.878 -137.4450
10.758283 65.071 -138.8840
10.836242 65.258 -140.2874
10.914766 65.441 -141.6395
10.993859 65.617 -142.9275
11.073525 65.787 -144.1418
11.153768 65.950 -145.2764
11.234593 66.106 -146.3282
11.316003 66.255 -147.2972
11.398004 66.395 -148.1855
11.480599 66.528 -148.9969
11.563792 66.652 -149.7363
11.647588 66.768 -150.4088
11.731991 66.875 -151.0200
11.817006 66.973 -151.5750
11.902637 67.064 -152.0789
11.988888 67.145 -152.5358
12.075764 67.220 -152.9500
12.163270 67.286 -153.3248
12.251411 67.345 -153.6635
12.340189 67.398 -153.9690
12.429611 67.445 -154.2442
12.519681 67.487 -154.4919
12.610404 67.525 -154.7153
12.701784 67.559 -154.9174
12.793827 67.590 -155.1016
12.886536 67.619 -155.2719
12.979917 67.647 -155.4321
13.073975 67.674 -155.5865
13.168715 67.702 -155.7396
13.264140 67.731 -155.8960
13.360258 67.761 -156.0601
13.457072 67.792 -156.2363
13.554587 67.827 -156.4289
13.652809 67.863 -156.6417
13.751743 67.903 -156.8783
13.851394 67.945 -157.1416
13.951767 67.991 -157.4343
14.052867 68.039 -157.7583
14.154700 68.091 -158.1152
14.257271 68.147 -158.5060
14.360585 68.205 -158.9312
14.464648 68.267 -159.3908
14.569465 68.332 -159.8844
14.675041 68.400 -160.4112
14.781382 68.471 -160.9700
14.888494 68.544 -161.5597
14.996382 68.621 -162.1787
15.105052 68.699 -162.8255
15.214510 68.780 -163.4988
15.324760 68.862 -164.1974
15.435810 68.947 -164.9204
15.547664 69.033 -165.6674
15.660329 69.121 -166.4384
15.773810 69.209 -167.2343
15.888114 69.300 -168.0562
16.003246 69.391 -168.9059
16.119212 69.484 -169.7861
16.236018 69.578 -170.6995
16.353671 69.673 -171.6496
16.472176 69.769 -172.6400
16.591541 69.867 -173.6745
16.711770 69.966 -174.7568
16.832870 70.066 -175.8904
16.954848 70.168 -177.0789
17.077710 70.271 -178.3248
17.201462 70.376 -179.6304
17.326111 70.482 179.0026
17.451663 70.589 177.5736
17.578125 70.698 176.0824
17.705503 70.808 174.5300
17.833805 70.919 172.9180
17.963036 71.031 171.2489
18.093203 71.144 169.5258
18.224314 71.258 167.7526
18.356375 71.372 165.9338
18.489393 71.487 164.0741
18.623375 71.602 162.1789
18.758327 71.716 160.2536
18.894258 71.831 158.3036
19.031174 71.945 156.3345
19.169081 72.058 154.3516
19.307988 72.171 152.3598
19.447902 72.282 150.3640
19.588829 72.392 148.3682
19.730778 72.501 146.3761
19.873756 72.607 144.3908
20.017769 72.712 142.4149
20.162826 72.814 140.4502
20.308934 72.915 138.4979
20.456101 73.012 136.5588
20.604334 73.107 134.6331
20.753642 73.200 132.7205
20.904031 73.289 130.8202
21.055511 73.376 128.9313
21.208087 73.460 127.0525
21.361770 73.541 125.1821
21.516566 73.618 123.3187
21.672484 73.693 121.4604
21.829532 73.764 119.6055
21.987718 73.833 117.7524
22.147050 73.898 115.8996
22.307536 73.960 114.0455
22.469186 74.018 112.1891
22.632007 74.073 110.3292
22.796008 74.125 108.4653
22.961197 74.174 106.5969
23.127583 74.218 104.7237
23.295175 74.259 102.8460
23.463982 74.297 100.9641
23.634011 74.330 99.0788
23.805273 74.359 97.1911
23.977776 74.383 95.3023
24.151529 74.403 93.4139
24.326541 74.418 91.5279
24.502821 74.429 89.6461
24.680379 74.434 87.7710
24.859223 74.433 85.9050
25.039363 74.427 84.0508
25.220808 74.415 82.2113
25.403569 74.397 80.3895
25.587654 74.374 78.5886
25.773072 74.344 76.8117
25.959835 74.308 75.0623
26.147950 74.265 73.3436
26.337429 74.217 71.6590
26.528281 74.162 70.0119
26.720516 74.102 68.4054
26.914144 74.035 66.8427
27.109175 73.963 65.3268
27.305619 73.886 63.8606
27.503487 73.804 62.4466
27.702788 73.717 61.0871
27.903534 73.626 59.7843
28.105735 73.532 58.5398
28.309400 73.434 57.3548
28.514542 73.333 56.2301
28.721170 73.231 55.1658
28.929296 73.126 54.1614
29.138929 73.021 53.2158
29.350082 72.916 52.3271
29.562765 72.810 51.4926
29.776989 72.706 50.7090
29.992765 72.602 49.9720
30.210105 72.501 49.2769
30.429020 72.402 48.6182
30.649521 72.305 47.9903
30.871620 72.211 47.3869
31.095328 72.120 46.8016
31.320658 72.033 46.2283
31.547620 71.949 45.6606
31.776228 71.868 45.0927
32.006491 71.790 44.5192
32.238423 71.715 43.9353
32.472036 71.642 43.3369
32.707342 71.571 42.7208
32.944353 71.502 42.0845
33.183081 71.435 41.4268
33.423540 71.367 40.7469
33.665740 71.300 40.0455
33.909696 71.233 39.3240
34.155420 71.164 38.5845
34.402924 71.095 37.8303
34.652222 71.023 37.0654
34.903326 70.950 36.2941
35.156250 70.875 35.5217
35.411007 70.798 34.7539
35.667609 70.719 33.9966
35.926072 70.639 33.2561
36.186407 70.558 32.5387
36.448628 70.477 31.8508
36.712750 70.396 31.1986
36.978786 70.317 30.5880
37.246749 70.242 30.0246
37.516655 70.170 29.5132
37.788516 70.104 29.0582
38.062347 70.045 28.6631
38.338162 69.995 28.3306
38.615977 69.956 28.0625
38.895804 69.928 27.8594
39.177659 69.914 27.7211
39.461556 69.913 27.6465
39.747511 69.928 27.6332
40.035538 69.958 27.6783
40.325652 70.004 27.7777
40.617868 70.065 27.9269
40.912202 70.140 28.1207
41.208669 70.230 28.3534
41.507284 70.332 28.6188
41.808063 70.445 28.9108
42.111021 70.568 29.2228
42.416175 70.699 29.5483
42.723540 70.837 29.8808
43.033132 70.980 30.2140
43.344968 71.127 30.5416
43.659064 71.276 30.8577
43.975435 71.426 31.1564
44.294099 71.576 31.4323
44.615073 71.725 31.6801
44.938372 71.872 31.8950
45.264014 72.016 32.0724
45.592016 72.156 32.2083
45.922394 72.292 32.2987
46.255167 72.423 32.3404
46.590351 72.548 32.3306
46.927964 72.666 32.2669
47.268023 72.778 32.1474
47.610547 72.883 31.9707
47.955552 72.981 31.7362
48.303058 73.070 31.4435
48.653082 73.152 31.0932
49.005642 73.225 30.6861
49.360757 73.290 30.2239
49.718446 73.346 29.7088
50.078726 73.393 29.1435
50.441617 73.432 28.5317
50.807138 73.462 27.8775
51.175307 73.484 27.1861
51.546145 73.498 26.4634
51.919669 73.504 25.7163
52.295901 73.503 24.9530
52.674858 73.496 24.1831
53.056562 73.483 23.4181
53.441032 73.465 22.6714
53.828287 73.443 21.9594
54.218349 73.418 21.3017
54.611238 73.392 20.7225
55.006973 73.365 20.2515
55.405577 73.339 19.9257
55.807068 73.314 19.7917
56.211469 73.293 19.9083
56.618801 73.277 20.3509
57.029084 73.266 21.2156
57.442340 73.261 22.6248
57.858591 73.264 24.7320
58.277858 73.274 27.7216
58.700164 73.294 31.7958
59.125529 73.322 37.1328
59.553977 73.358 43.7980
59.985530 73.404 51.6154
60.420210 73.458 60.0818
60.858039 73.520 68.4559
61.299042 73.590 76.0286
61.743240 73.666 82.3684
62.190657 73.749 87.3634
62.641316 73.837 91.1153
63.095241 73.930 93.8162
63.552455 74.028 95.6700
64.012982 74.130 96.8584
64.476847 74.235 97.5317
64.944073 74.344 97.8101
65.414684 74.455 97.7886
65.888706 74.570 97.5420
66.366163 74.687 97.1290
66.847079 74.806 96.5964
67.331481 74.928 95.9807
67.819392 75.052 95.3110
68.310840 75.177 94.6095
68.805848 75.305 93.8934
69.304444 75.433 93.1752
69.806652 75.562 92.4635
70.312500 75.692 91.7639
70.822013 75.822 91.0788
71.335219 75.950 90.4087
71.852143 76.077 89.7519
72.372814 76.202 89.1056
72.897257 76.324 88.4657
73.425500 76.441 87.8275
73.957572 76.554 87.1860
74.493499 76.662 86.5361
75.033309 76.763 85.8733
75.577032 76.856 85.1930
76.124694 76.943 84.4916
76.676325 77.020 83.7658
77.231953 77.089 83.0133
77.791608 77.148 82.2324
78.355318 77.198 81.4220
78.923113 77.237 80.5818
79.495022 77.266 79.7121
80.071076 77.284 78.8138
80.651304 77.292 77.8881
81.235736 77.289 76.9370
81.824404 77.275 75.9630
82.417337 77.251 74.9690
83.014567 77.217 73.9583
83.616125 77.173 72.9347
84.222042 77.121 71.9024
84.832350 77.059 70.8661
85.447080 76.990 69.8306
86.066265 76.913 68.8013
86.689936 76.830 67.7833
87.318127 76.742 66.7821
87.950871 76.650 65.8029
88.588199 76.554 64.8510
89.230145 76.457 63.9308
89.876744 76.360 63.0466
90.528028 76.264 62.2018
91.184031 76.172 61.3987
91.844788 76.084 60.6387
92.510333 76.004 59.9219
93.180701 75.932 59.2471
93.855927 75.870 58.6115
94.536046 75.821 58.0112
95.221093 75.785 57.4406
95.911104 75.764 56.8930
96.606116 75.759 56.3606
97.306164 75.769 55.8349
98.011284 75.796 55.3067
98.721514 75.838 54.7666
99.436891 75.895 54.2054
100.157452 75.965 53.6142
100.883234 76.047 52.9844
101.614275 76.140 52.3062
102.350614 76.242 51.5728
103.092289 76.351 50.7785
103.839338 76.465 49.9187
104.591801 76.583 48.9902
105.349716 76.703 47.9910
106.113124 76.823 46.9202
106.882063 76.941 45.7782
107.656575 77.056 44.5664
108.436699 77.167 43.2873
109.222476 77.272 41.9441
110.013947 77.371 40.5408
110.811153 77.462 39.0821
111.614136 77.544 37.5732
112.422939 77.617 36.0198
113.237601 77.680 34.4278
114.058168 77.732 32.8037
114.884680 77.773 31.1538
115.717182 77.803 29.4846
116.555716 77.821 27.8025
117.400327 77.826 26.1136
118.251058 77.820 24.4239
119.107954 77.802 22.7390
119.971060 77.772 21.0641
120.840419 77.730 19.4036
121.716079 77.677 17.7616
122.598084 77.613 16.1416
123.486480 77.538 14.5464
124.381314 77.454 12.9783
125.282632 77.360 11.4390
126.190482 77.257 9.9297
127.104910 77.147 8.4513
128.025965 77.029 7.0038
128.953694 76.904 5.5871
129.888145 76.775 4.2006
130.829368 76.640 2.8430
131.777412 76.502 1.5129
132.732325 76.361 0.2079
133.694158 76.218 -1.0743
134.662961 76.074 -2.3371
135.638785 75.930 -3.5838
136.621679 75.787 -4.8185
137.611696 75.645 -6.0453
138.608887 75.505 -7.2684
139.613304 75.367 -8.4922
140.625000 75.232 -9.7205
141.644027 75.100 -10.9569
142.670438 74.971 -12.2047
143.704287 74.844 -13.4663
144.745627 74.720 -14.7436
145.794514 74.598 -16.0377
146.851001 74.478 -17.3491
147.915144 74.358 -18.6779
148.986998 74.239 -20.0234
150.066619 74.121 -21.3847
151.154063 74.002 -22.7606
152.249388 73.882 -24.1495
153.352650 73.762 -25.5497
154.463906 73.640 -26.9595
155.583216 73.517 -28.3768
156.710636 73.392 -29.7995
157.846226 73.265 -31.2253
158.990044 73.136 -32.6517
160.142152 73.005 -34.0760
161.302608 72.872 -35.4951
162.471473 72.738 -36.9056
163.648808 72.603 -38.3040
164.834675 72.467 -39.6858
166.029135 72.332 -41.0464
167.232251 72.199 -42.3801
168.444084 72.069 -43.6798
169.664700 71.942 -44.9367
170.894160 71.822 -46.1391
172.132530 71.710 -47.2715
173.379873 71.606 -48.3125
174.636255 71.513 -49.2326
175.901741 71.431 -49.9908
177.176398 71.362 -50.5290
178.460291 71.305 -50.7651
179.753488 71.260 -50.5809
181.056056 71.228 -49.8050
182.368062 71.206 -48.1871
183.689577 71.195 -45.3638
185.020667 71.192 -40.8276
186.361403 71.197 -33.9568
187.711854 71.208 -24.2665
189.072092 71.224 -12.0696
190.442186 71.245 0.9177
191.822209 71.268 12.3627
193.212232 71.295 20.9532
194.612327 71.324 26.6942
196.022568 71.355 30.1642
197.443029 71.388 31.9710
198.873782 71.423 32.5880
200.314904 71.460 32.3520
201.766468 71.498 31.4972
203.228551 71.538 30.1876
204.701229 71.578 28.5393
206.184578 71.619 26.6359
207.678677 71.659 24.5388
209.183602 71.699 22.2935
210.699433 71.736 19.9340
212.226248 71.771 17.4865
213.764127 71.802 14.9711
215.313149 71.828 12.4035
216.873397 71.847 9.7966
218.444951 71.859 7.1611
220.027894 71.862 4.5063
221.622306 71.855 1.8409
223.228273 71.836 -0.8266
224.845877 71.804 -3.4871
226.475203 71.758 -6.1312
228.116336 71.697 -8.7478
229.769361 71.621 -11.3247
231.434364 71.528 -13.8477
233.111433 71.419 -16.3009
234.800654 71.293 -18.6661
236.502117 71.150 -20.9235
238.215909 70.990 -23.0512
239.942119 70.814 -25.0263
241.680839 70.622 -26.8247
243.432158 70.415 -28.4218
245.196168 70.194 -29.7926
246.972960 69.959 -30.9121
248.762628 69.712 -31.7554
250.565264 69.454 -32.2967
252.380964 69.188 -32.5099
254.209820 68.915 -32.3671
256.051929 68.639 -31.8385
257.907387 68.363 -30.8923
259.776290 68.091 -29.4952
261.658736 67.826 -27.6151
263.554824 67.573 -25.2252
265.464650 67.337 -22.3121
267.388317 67.122 -18.8862
269.325923 66.932 -14.9925
271.277569 66.770 -10.7199
273.243358 66.639 -6.2000
275.223392 66.539 -1.5962
277.217775 66.471 2.9191
279.226609 66.433 7.1905
281.250000 66.424 11.0987
283.288053 66.441 14.5690
285.340875 66.481 17.5678
287.408573 66.542 20.0944
289.491254 66.622 22.1693
291.589027 66.719 23.8257
293.702001 66.830 25.1022
295.830287 66.954 26.0383
297.973995 67.090 26.6720
300.133238 67.234 27.0375
302.308127 67.385 27.1650
304.498776 67.540 27.0801
306.705300 67.695 26.8049
308.927813 67.847 26.3582
311.166431 67.992 25.7577
313.421271 68.127 25.0213
315.692451 68.249 24.1692
317.980089 68.355 23.2261
320.284304 68.441 22.2231
322.605216 68.507 21.1991
324.942946 68.552 20.2031
327.297617 68.575 19.2945
329.669350 68.578 18.5451
332.058270 68.563 18.0386
334.464501 68.534 17.8701
336.888169 68.496 18.1428
339.329399 68.454 18.9604
341.788320 68.417 20.4129
344.265059 68.392 22.5532
346.759746 68.389 25.3656
349.272510 68.416 28.7361
351.803482 68.478 32.4432
354.352795 68.579 36.1874
356.920582 68.719 39.6566
359.506975 68.896 42.5970
362.112111 69.104 44.8547
364.736125 69.335 46.3755
367.379153 69.581 47.1795
370.041334 69.834 47.3296
372.722806 70.086 46.9063
375.423709 70.331 45.9924
378.144184 70.563 44.6649
380.884373 70.777 42.9925
383.644418 70.971 41.0347
386.424463 71.142 38.8426
389.224654 71.288 36.4604
392.045137 71.409 33.9253
394.886057 71.504 31.2693
397.747564 71.576 28.5187
400.629807 71.624 25.6956
403.532936 71.651 22.8185
406.457102 71.658 19.9032
409.402458 71.647 16.9644
412.369157 71.621 14.0166
415.357354 71.582 11.0754
418.367204 71.531 8.1584
421.398865 71.471 5.2860
424.452495 71.403 2.4815
427.528253 71.329 -0.2285
430.626299 71.250 -2.8141
433.746795 71.168 -5.2425
436.889903 71.085 -7.4782
440.055787 71.003 -9.4828
443.244613 70.924 -11.2153
446.456546 70.850 -12.6317
449.691754 70.786 -13.6848
452.950406 70.733 -14.3236
456.232671 70.696 -14.4934
459.538721 70.678 -14.1372
462.868728 70.683 -13.1990
466.222866 70.713 -11.6318
469.601309 70.772 -9.4117
473.004234 70.860 -6.5595
476.431817 70.977 -3.1663
479.884239 71.123 0.5886
483.361678 71.294 4.4435
486.864316 71.486 8.0941
490.392335 71.695 11.2553
493.945920 71.915 13.7174
497.525256 72.141 15.3705
501.130529 72.368 16.1963
504.761927 72.592 16.2418
508.419640 72.810 15.5915
512.103859 73.018 14.3444
515.814774 73.215 12.6003
519.552581 73.399 10.4523
523.317473 73.567 7.9832
527.109647 73.720 5.2659
530.929301 73.855 2.3643
534.776633 73.971 -0.6642
538.651845 74.067 -3.7670
542.555139 74.142 -6.8939
546.486717 74.196 -9.9964
550.446785 74.228 -13.0274
554.435549 74.237 -15.9420
558.453218 74.224 -18.6989
562.500000 74.189 -21.2626
566.576107 74.131 -23.6046
570.681751 74.053 -25.7057
574.817146 73.955 -27.5557
578.982508 73.838 -29.1539
583.178054 73.704 -30.5079
587.404003 73.555 -31.6319
591.660574 73.393 -32.5457
595.947991 73.220 -33.2721
600.266475 73.040 -33.8365
604.616254 72.856 -34.2655
608.997552 72.672 -34.5857
613.410600 72.493 -34.8226
617.855626 72.322 -34.9993
622.332862 72.165 -35.1342
626.842543 72.026 -35.2392
631.384902 71.909 -35.3172
635.960177 71.818 -35.3606
640.568607 71.756 -35.3504
645.210431 71.725 -35.2561
649.885892 71.725 -35.0378
654.595233 71.756 -34.6498
659.338700 71.817 -34.0472
664.116540 71.906 -33.1953
668.929002 72.018 -32.0818
673.776337 72.151 -30.7294
678.658799 72.299 -29.2050
683.576640 72.456 -27.6190
688.530118 72.618 -26.1133
693.519491 72.777 -24.8381
698.545019 72.927 -23.9251
703.606964 73.061 -23.4674
708.705591 73.174 -23.5090
713.841163 73.260 -24.0461
719.013951 73.315 -25.0337
724.224222 73.335 -26.3962
729.472249 73.317 -28.0376
734.758306 73.260 -29.8506
740.082668 73.163 -31.7251
745.445612 73.028 -33.5567
750.847418 72.856 -35.2533
756.288368 72.651 -36.7420
761.768745 72.416 -37.9740
767.288835 72.156 -38.9280
772.848927 71.878 -39.6099
778.449309 71.589 -40.0495
784.090273 71.296 -40.2926
789.772115 71.006 -40.3919
795.495129 70.729 -40.3965
801.259614 70.471 -40.3438
807.065872 70.239 -40.2558
812.914204 70.037 -40.1386
818.804915 69.868 -39.9851
824.738313 69.731 -39.7788
830.714707 69.624 -39.4983
836.734408 69.542 -39.1185
842.797731 69.479 -38.6124
848.904991 69.427 -37.9504
855.056506 69.381 -37.1022
861.252598 69.334 -36.0394
867.493589 69.282 -34.7414
873.779805 69.221 -33.2015
880.111574 69.149 -31.4337
886.489225 69.068 -29.4756
892.913092 68.976 -27.3864
899.383508 68.878 -25.2388
905.900812 68.775 -23.1075
912.465342 68.672 -21.0570
919.077442 68.575 -19.1333
925.737456 68.489 -17.3618
932.445732 68.419 -15.7506
939.202618 68.372 -14.2974
946.008467 68.351 -12.9960
952.863634 68.358 -11.8417
959.768477 68.393 -10.8325
966.723355 68.454 -9.9675
973.728631 68.534 -9.2427
980.784670 68.628 -8.6467
987.891840 68.728 -8.1571
995.050512 68.830 -7.7398
1002.261058 68.928 -7.3517
1009.523855 69.019 -6.9459
1016.839281 69.101 -6.4800
1024.207717 69.174 -5.9247
1031.629549 69.240 -5.2718
1039.105162 69.299 -4.5387
1046.634946 69.353 -3.7677
1054.219294 69.404 -3.0196
1061.858602 69.451 -2.3627
1069.553267 69.494 -1.8601
1077.303691 69.532 -1.5600
1085.110277 69.563 -1.4903
1092.973434 69.585 -1.6585
1100.893570 69.598 -2.0559
1108.871098 69.600 -2.6624
1116.906436 69.592 -3.4529
1125.000000 69.575 -4.4007
1133.152214 69.551 -5.4809
1141.363502 69.522 -6.6707
1149.634292 69.491 -7.9496
1157.965016 69.459 -9.2983
1166.356108 69.429 -10.6979
1174.808005 69.402 -12.1287
1183.321148 69.378 -13.5693
1191.895981 69.358 -14.9968
1200.532951 69.341 -16.3865
1209.232507 69.326 -17.7127
1217.995105 69.312 -18.9498
1226.821199 69.297 -20.0743
1235.711251 69.282 -21.0658
1244.665724 69.264 -21.9095
1253.685085 69.244 -22.5971
1262.769804 69.219 -23.1280
1271.920355 69.189 -23.5099
1281.137214 69.154 -23.7584
1290.420862 69.113 -23.8960
1299.771784 69.065 -23.9506
1309.190466 69.011 -23.9534
1318.677400 68.952 -23.9361
1328.233080 68.888 -23.9275
1337.858004 68.822 -23.9509
1347.552675 68.756 -24.0212
1357.317597 68.692 -24.1436
1367.153280 68.631 -24.3134
1377.060236 68.575 -24.5158
1387.038982 68.526 -24.7279
1397.090039 68.484 -24.9200
1407.213929 68.447 -25.0573
1417.411181 68.416 -25.1027
1427.682327 68.388 -25.0180
1438.027902 68.362 -24.7667
1448.448444 68.337 -24.3153
1458.944499 68.313 -23.6350
1469.516612 68.288 -22.7035
1480.165335 68.263 -21.5068
1490.891224 68.239 -20.0426
1501.694836 68.216 -18.3247
1512.576736 68.197 -16.3878
1523.537490 68.180 -14.2916
1534.577671 68.169 -12.1192
1545.697853 68.161 -9.9714
1556.898617 68.159 -7.9526
1568.180546 68.161 -6.1564
1579.544229 68.166 -4.6522
1590.990258 68.174 -3.4784
1602.519229 68.183 -2.6423
1614.131744 68.193 -2.1255
1625.828408 68.204 -1.8908
1637.609831 68.215 -1.8904
1649.476627 68.227 -2.0731
1661.429414 68.242 -2.3897
1673.468817 68.261 -2.7983
1685.595461 68.285 -3.2664
1697.809981 68.318 -3.7723
1710.113012 68.358 -4.3049
1722.505196 68.405 -4.8613
1734.987179 68.459 -5.4443
1747.559611 68.517 -6.0596
1760.223148 68.577 -6.7128
1772.978451 68.635 -7.4079
1785.826183 68.689 -8.1461
1798.767016 68.738 -8.9263
1811.801623 68.778 -9.7450
1824.930685 68.808 -10.5972
1838.154885 68.829 -11.4773
1851.474913 68.839 -12.3795
1864.891463 68.841 -13.2985
1878.405236 68.834 -14.2288
1892.016934 68.820 -15.1645
1905.727269 68.800 -16.0991
1919.536954 68.776 -17.0243
1933.446710 68.748 -17.9299
1947.457262 68.717 -18.8040
1961.569340 68.685 -19.6333
1975.783680 68.652 -20.4048
1990.101023 68.617 -21.1067
2004.522116 68.583 -21.7307
2019.047709 68.549 -22.2741
2033.678561 68.515 -22.7405
2048.415435 68.483 -23.1408
2063.259097 68.453 -23.4917
2078.210323 68.424 -23.8126
2093.269892 68.397 -24.1223
2108.438588 68.370 -24.4347
2123.717204 68.344 -24.7554
2139.106534 68.314 -25.0799
2154.607382 68.281 -25.3928
2170.220555 68.242 -25.6686
2185.946868 68.194 -25.8738
2201.787140 68.138 -25.9699
2217.742197 68.073 -25.9172
2233.812871 67.998 -25.6795
2250.000000 67.916 -25.2298
2266.304428 67.828 -24.5558
2282.727004 67.738 -23.6652
2299.268584 67.650 -22.5884
2315.930032 67.568 -21.3785
2332.712216 67.495 -20.1066
2349.616010 67.433 -18.8532
2366.642297 67.386 -17.6972
2383.791962 67.354 -16.7056
2401.065902 67.336 -15.9262
2418.465015 67.331 -15.3856
2435.990209 67.340 -15.0902
2453.642398 67.359 -15.0309
2471.422503 67.387 -15.1892
2489.331449 67.424 -15.5423
2507.370171 67.467 -16.0674
2525.539609 67.514 -16.7439
2543.840710 67.563 -17.5547
2562.274428 67.610 -18.4845
2580.841725 67.653 -19.5189
2599.543568 67.688 -20.6421
2618.380932 67.711 -21.8346
2637.354800 67.719 -23.0721
2656.466160 67.709 -24.3242
2675.716009 67.679 -25.5534
2695.105350 67.629 -26.7154
2714.635194 67.556 -27.7589
2734.306560 67.463 -28.6266
2754.120472 67.350 -29.2565
2774.077965 67.221 -29.5858
2794.180077 67.079 -29.5550
2814.427858 66.931 -29.1157
2834.822362 66.781 -28.2403
2855.364654 66.638 -26.9325
2876.055803 66.508 -25.2376
2896.896889 66.399 -23.2470
2917.888998 66.317 -21.0928
2939.033224 66.264 -18.9313
2960.330671 66.241 -16.9179
2981.782447 66.247 -15.1823
3003.389672 66.276 -13.8126
3025.153472 66.324 -12.8505
3047.074981 66.382 -12.2969
3069.155342 66.445 -12.1216
3091.395707 66.506 -12.2747
3113.797234 66.561 -12.6953
3136.361093 66.606 -13.3185
3159.088458 66.639 -14.0796
3181.980515 66.658 -14.9170
3205.038458 66.664 -15.7732
3228.263488 66.657 -16.5965
3251.656816 66.640 -17.3405
3275.219661 66.616 -17.9651
3298.953253 66.587 -18.4368
3322.858828 66.556 -18.7302
3346.937633 66.529 -18.8296
3371.190923 66.508 -18.7312
3395.619962 66.497 -18.4458
3420.226024 66.499 -17.9998
3445.010392 66.516 -17.4349
3469.974357 66.548 -16.8052
3495.119222 66.596 -16.1712
3520.446296 66.657 -15.5931
3545.956901 66.728 -15.1237
3571.652367 66.807 -14.8033
3597.534032 66.889 -14.6568
3623.603247 66.971 -14.6938
3649.861370 67.052 -14.9106
3676.309770 67.128 -15.2932
3702.949826 67.198 -15.8207
3729.782927 67.263 -16.4686
3756.810471 67.321 -17.2108
3784.033869 67.374 -18.0222
3811.454538 67.421 -18.8794
3839.073909 67.463 -19.7620
3866.893421 67.502 -20.6528
3894.914525 67.538 -21.5385
3923.138681 67.573 -22.4101
3951.567361 67.607 -23.2628
3980.202047 67.641 -24.0961
4009.044232 67.677 -24.9127
4038.095419 67.713 -25.7174
4067.357123 67.749 -26.5153
4096.830869 67.786 -27.3100
4126.518194 67.821 -28.1014
4156.420646 67.853 -28.8851
4186.539784 67.882 -29.6511
4216.877177 67.906 -30.3846
4247.434407 67.925 -31.0665
4278.213068 67.938 -31.6760
4309.214763 67.945 -32.1928
4340.441110 67.947 -32.6008
4371.893735 67.945 -32.8911
4403.574279 67.940 -33.0647
4435.484394 67.933 -33.1332
4467.625742 67.926 -33.1182
4500.000000 67.918 -33.0478
4532.608855 67.909 -32.9520
4565.454007 67.899 -32.8570
4598.537169 67.887 -32.7813
4631.860065 67.873 -32.7321
4665.424432 67.855 -32.7058
4699.232021 67.834 -32.6893
4733.284593 67.811 -32.6636
4767.583925 67.786 -32.6090
4802.131803 67.763 -32.5088
4836.930030 67.743 -32.3539
4871.980419 67.730 -32.1451
4907.284797 67.726 -31.8933
4942.845006 67.735 -31.6186
4978.662898 67.757 -31.3467
5014.740342 67.793 -31.1053
5051.079217 67.842 -30.9191
5087.681420 67.901 -30.8063
5124.548856 67.968 -30.7758
5161.683450 68.040 -30.8250
5199.087136 68.114 -30.9412
5236.761864 68.187 -31.1031
5274.709600 68.257 -31.2848
5312.932320 68.324 -31.4601
5351.432018 68.388 -31.6082
5390.210700 68.450 -31.7176
5429.270389 68.510 -31.7892
5468.613120 68.569 -31.8366
5508.240945 68.628 -31.8839
5548.155929 68.686 -31.9609
5588.360154 68.744 -32.0973
5628.855716 68.800 -32.3163
5669.644725 68.852 -32.6306
5710.729307 68.898 -33.0398
5752.111606 68.938 -33.5316
5793.793778 68.968 -34.0836
5835.777996 68.989 -34.6680
5878.066449 69.000 -35.2559
5920.661342 69.002 -35.8214
5963.564894 68.995 -36.3447
6006.779344 68.980 -36.8140
6050.306943 68.959 -37.2242
6094.149961 68.931 -37.5754
6138.310684 68.899 -37.8691
6182.791414 68.863 -38.1049
6227.594469 68.822 -38.2773
6272.722186 68.779 -38.3755
6318.176916 68.735 -38.3847
6363.961031 68.690 -38.2902
6410.076916 68.648 -38.0823
6456.526975 68.611 -37.7617
6503.313631 68.580 -37.3430
6550.439323 68.557 -36.8555
6597.906506 68.544 -36.3399
6645.717657 68.539 -35.8416
6693.875266 68.543 -35.4033
6742.381846 68.554 -35.0574
6791.239924 68.569 -34.8230
6840.452048 68.586 -34.7044
6890.020784 68.605 -34.6946
6939.948714 68.623 -34.7790
6990.238444 68.641 -34.9406
7040.892593 68.659 -35.1642
7091.913803 68.678 -35.4394
7143.304734 68.698 -35.7611
7195.068065 68.719 -36.1295
7247.206494 68.743 -36.5473
7299.722739 68.768 -37.0172
7352.619540 68.795 -37.5388
7405.899652 68.821 -38.1072
7459.565853 68.846 -38.7119
7513.620943 68.869 -39.3377
7568.067737 68.890 -39.9663
7622.909076 68.907 -40.5789
7678.147817 68.920 -41.1577
7733.786842 68.931 -41.6877
7789.829049 68.940 -42.1571
7846.277361 68.948 -42.5569
7903.134722 68.955 -42.8808
7960.404094 68.964 -43.1246
8018.088463 68.974 -43.2870
8076.190838 68.988 -43.3709
8134.714246 69.005 -43.3851
8193.661738 69.027 -43.3453
8253.036389 69.053 -43.2741
8312.841293 69.082 -43.1996
8373.079567 69.115 -43.1522
8433.754353 69.151 -43.1607
8494.868814 69.187 -43.2491
8556.426135 69.223 -43.4342
8618.429526 69.259 -43.7256
8680.882219 69.293 -44.1264
8743.787470 69.325 -44.6345
8807.148559 69.354 -45.2445
8870.968788 69.379 -45.9476
8935.251484 69.398 -46.7317
9000.000000 69.409 -47.5805
9065.217710 69.412 -48.4735
9130.908014 69.405 -49.3860
9197.074338 69.387 -50.2913
9263.720130 69.360 -51.1623
9330.848865 69.324 -51.9752
9398.464042 69.282 -52.7113
9466.569187 69.236 -53.3594
9535.167849 69.190 -53.9168
9604.263606 69.145 -54.3893
9673.860059 69.105 -54.7905
9743.960837 69.071 -55.1410
9814.569594 69.044 -55.4666
9885.690011 69.023 -55.7963
9957.325796 69.006 -56.1591
10029.480683 68.992 -56.5808
10102.158435 68.976 -57.0805
10175.362839 68.957 -57.6682
10249.097713 68.931 -58.3431
10323.366900 68.895 -59.0948
10398.174272 68.849 -59.9044
10473.523729 68.791 -60.7476
10549.419199 68.721 -61.5976
10625.864640 68.640 -62.4282
10702.864035 68.547 -63.2155
10780.421400 68.445 -63.9407
10858.540777 68.335 -64.5912
10937.226240 68.220 -65.1624
11016.481890 68.101 -65.6578
11096.311859 67.982 -66.0887
11176.720309 67.865 -66.4726
11257.711431 67.752 -66.8307
11339.289449 67.646 -67.1846
11421.458615 67.548 -67.5538
11504.223212 67.458 -67.9536
11587.587556 67.378 -68.3939
11671.555992 67.305 -68.8789
11756.132898 67.240 -69.4077
11841.322683 67.180 -69.9742
11927.129788 67.124 -70.5686
12013.558688 67.071 -71.1784
12100.613886 67.018 -71.7896
12188.299922 66.964 -72.3884
12276.621368 66.910 -72.9625
12365.582827 66.854 -73.5023
12455.188938 66.797 -74.0022
12545.444371 66.740 -74.4607
12636.353832 66.684 -74.8806
12727.922061 66.630 -75.2689
12820.153831 66.579 -75.6356
12913.053951 66.532 -75.9930
13006.627263 66.489 -76.3541
13100.878646 66.451 -76.7309
13195.813013 66.419 -77.1330
13291.435313 66.390 -77.5668
13387.750533 66.365 -78.0343
13484.763692 66.343 -78.5335
13582.479848 66.322 -79.0581
13680.904096 66.301 -79.5985
13780.041567 66.281 -80.1423
13879.897429 66.261 -80.6765
13980.476887 66.240 -81.1880
14081.785186 66.219 -81.6660
14183.827606 66.199 -82.1024
14286.609468 66.181 -82.4934
14390.136129 66.165 -82.8390
14494.412988 66.152 -83.1436
14599.445479 66.143 -83.4142
14705.239079 66.137 -83.6603
14811.799303 66.136 -83.8916
14919.131707 66.137 -84.1171
15027.241885 66.142 -84.3438
15136.135475 66.149 -84.5767
15245.818152 66.158 -84.8179
15356.295635 66.168 -85.0678
15467.573683 66.180 -85.3251
15579.658098 66.193 -85.5882
15692.554723 66.206 -85.8553
15806.269443 66.219 -86.1254
15920.808187 66.232 -86.3987
16036.176927 66.243 -86.6764
16152.381675 66.253 -86.9606
16269.428491 66.261 -87.2543
16387.323477 66.264 -87.5606
16506.072778 66.263 -87.8824
16625.682585 66.256 -88.2214
16746.159135 66.242 -88.5783
16867.508707 66.221 -88.9522
16989.737628 66.193 -89.3406
17112.852271 66.156 -89.7402
17236.859053 66.112 -90.1465
17361.764439 66.060 -90.5551
17487.574941 66.002 -90.9618
17614.297118 65.938 -91.3632
17741.937576 65.871 -91.7566
17870.502969 65.802 -92.1408
18000.000000 65.732 -92.5155
18130.435420 65.663 -92.8815
18261.816029 65.596 -93.2402
18394.148676 65.534 -93.5934
18527.440260 65.477 -93.9428
18661.697729 65.426 -94.2901
18796.928084 65.381 -94.6364
18933.138373 65.343 -94.9823
19070.335698 65.310 -95.3281
19208.527212 65.283 -95.6736
19347.720119 65.260 -96.0189
19487.921674 65.241 -96.3642
19629.139188 65.226 -96.7103
19771.380022 65.211 -97.0587
19914.651592 65.198 -97.4113
20058.961367 65.184 -97.7708
20204.316870 65.168 -98.1395
20350.725678 65.148 -98.5200
20498.195426 65.122 -98.9147
20646.733800 65.089 -99.3253
20796.348544 65.046 -99.7537
20947.047458 64.992 -100.2013
21098.838399 64.927 -100.6694
21251.729279 64.849 -101.1596
21405.728070 64.759 -101.6735
21560.842800 64.659 -102.2133
21717.081554 64.550 -102.7815
21874.452480 64.437 -103.3813
22032.963779 64.325 -104.0157
22192.623718 64.219 -104.6874
22353.440617 64.124 -105.3982
22515.422863 64.044 -106.1477
22678.578898 63.982 -106.9335
22842.917229 63.938 -107.7513
23008.446424 63.910 -108.5952
23175.175112 63.894 -109.4591
23343.111984 63.886 -110.3377
23512.265796 63.883 -111.2268
23682.645366 63.882 -112.1242
23854.259577 63.882 -113.0287
24027.117375 63.882 -113.9398
