* Measurement data measured by REW V5.40 beta 100
* Source: Trace Arithmetic result A / B
* Format: Trace Arithmetic result A / B
* Dated: Sep 23, 2025 2:25:16 PM
* REW Settings:
*  C-weighting compensation: Off
*  Target level: 75.0 dB
* Note: ; Trace Arithmetic A over B A = Target RMS + phase average B = RX-MP Maximum gain 0.0 dB Lower frequency limit 20 Hz Upper frequency limit 225 Hz 
* Measurement: RX-MP-INV+0dB
* Smoothing: 1/48 octave
* Frequency Step: 96 ppo
* Start Frequency: 1.0986328 Hz
*
* Freq(Hz) SPL(dB) Phase(degrees)
1.098633 0.011 0.0000
1.106594 0.011 0.0000
1.114613 0.011 0.0000
1.122690 0.011 0.0000
1.130825 0.011 0.0000
1.139020 0.011 0.0000
1.147273 0.011 0.0000
1.155587 0.011 0.0000
1.163961 0.011 0.0000
1.172395 0.011 0.0000
1.180891 0.011 0.0000
1.189448 0.011 0.0000
1.198068 0.011 0.0000
1.206749 0.011 0.0000
1.215494 0.011 0.0000
1.224302 0.011 0.0000
1.233174 0.011 0.0000
1.242110 0.010 0.0000
1.251111 0.010 0.0000
1.260177 0.010 0.0000
1.269308 0.010 0.0000
1.278506 0.010 0.0000
1.287771 0.010 0.0000
1.297103 0.010 0.0000
1.306502 0.010 0.0000
1.315969 0.010 0.0000
1.325505 0.010 -0.0000
1.335111 0.010 -0.0000
1.344785 0.010 -0.0000
1.354530 0.010 -0.0000
1.364346 0.010 -0.0000
1.374232 0.010 -0.0000
1.384191 0.010 -0.0000
1.394221 0.010 -0.0000
1.404324 0.010 -0.0000
1.414500 0.010 -0.0000
1.424750 0.010 -0.0000
1.435075 0.010 -0.0000
1.445474 0.010 -0.0000
1.455948 0.010 -0.0000
1.466499 0.010 -0.0000
1.477126 0.010 -0.0000
1.487830 0.010 -0.0000
1.498611 0.010 -0.0000
1.509471 0.010 -0.0000
1.520409 0.010 -0.0000
1.531426 0.010 -0.0000
1.542524 0.010 -0.0000
1.553701 0.010 -0.0000
1.564960 0.010 -0.0000
1.576301 0.010 -0.0000
1.587723 0.010 -0.0000
1.599228 0.010 -0.0000
1.610817 0.010 -0.0000
1.622490 0.010 -0.0000
1.634247 0.010 -0.0000
1.646089 0.010 -0.0000
1.658018 0.010 0.0000
1.670032 0.010 0.0000
1.682134 0.011 0.0000
1.694323 0.011 0.0000
1.706601 0.011 0.0000
1.718968 0.011 0.0000
1.731424 0.011 0.0000
1.743971 0.011 0.0000
1.756608 0.011 0.0000
1.769338 0.011 0.0000
1.782159 0.011 0.0000
1.795073 0.011 0.0000
1.808081 0.011 0.0000
1.821183 0.011 0.0000
1.834380 0.011 0.0000
1.847673 0.011 0.0000
1.861062 0.011 0.0000
1.874548 0.011 0.0000
1.888132 0.011 0.0000
1.901814 0.011 0.0000
1.915595 0.011 0.0000
1.929476 0.011 0.0000
1.943458 0.011 0.0000
1.957541 0.011 0.0000
1.971726 0.011 0.0000
1.986014 0.010 0.0000
2.000406 0.010 0.0000
2.014901 0.010 0.0000
2.029502 0.010 0.0000
2.044209 0.010 -0.0000
2.059022 0.010 -0.0000
2.073943 0.010 -0.0000
2.088971 0.010 -0.0000
2.104109 0.010 -0.0000
2.119356 0.010 -0.0000
2.134714 0.010 -0.0000
2.150183 0.010 -0.0000
2.165764 0.010 -0.0000
2.181458 0.010 -0.0000
2.197266 0.010 -0.0000
2.213188 0.010 -0.0000
2.229226 0.010 -0.0000
2.245379 0.010 -0.0000
2.261650 0.010 -0.0000
2.278039 0.010 -0.0000
2.294547 0.010 -0.0000
2.311174 0.010 -0.0000
2.327922 0.010 -0.0000
2.344791 0.010 -0.0000
2.361782 0.010 -0.0000
2.378897 0.010 -0.0000
2.396135 0.010 -0.0000
2.413499 0.011 -0.0000
2.430988 0.011 -0.0000
2.448604 0.011 0.0000
2.466347 0.011 0.0000
2.484219 0.011 0.0000
2.502221 0.011 0.0000
2.520353 0.011 0.0000
2.538617 0.011 0.0000
2.557013 0.011 0.0000
2.575542 0.011 0.0000
2.594205 0.011 0.0000
2.613004 0.011 0.0000
2.631939 0.011 0.0000
2.651011 0.011 0.0000
2.670221 0.011 0.0000
2.689571 0.011 0.0000
2.709061 0.011 0.0000
2.728691 0.010 0.0000
2.748465 0.010 0.0000
2.768381 0.010 0.0000
2.788442 0.010 0.0000
2.808648 0.010 0.0000
2.829001 0.010 0.0000
2.849501 0.010 0.0000
2.870150 0.010 -0.0000
2.890948 0.010 -0.0000
2.911897 0.010 -0.0000
2.932998 0.010 -0.0000
2.954251 0.010 -0.0000
2.975659 0.010 -0.0000
2.997222 0.010 -0.0000
3.018941 0.010 -0.0000
3.040818 0.010 -0.0000
3.062853 0.010 -0.0000
3.085047 0.010 -0.0000
3.107403 0.010 0.0000
3.129920 0.010 0.0000
3.152601 0.011 0.0000
3.175446 0.011 0.0000
3.198457 0.011 0.0000
3.221634 0.011 0.0000
3.244979 0.011 0.0000
3.268494 0.011 0.0000
3.292179 0.011 0.0000
3.316035 0.011 0.0000
3.340064 0.011 0.0000
3.364268 0.011 0.0000
3.388647 0.011 0.0000
3.413202 0.011 0.0000
3.437936 0.011 0.0000
3.462849 0.010 0.0000
3.487942 0.010 0.0000
3.513217 0.010 0.0000
3.538675 0.010 0.0000
3.564318 0.010 0.0000
3.590146 0.010 0.0000
3.616162 0.010 0.0000
3.642366 0.010 0.0000
3.668760 0.010 0.0000
3.695346 0.010 0.0000
3.722124 0.010 0.0000
3.749096 0.010 0.0000
3.776263 0.010 0.0000
3.803627 0.010 0.0000
3.831190 0.010 0.0000
3.858953 0.010 0.0000
3.886916 0.011 0.0000
3.915082 0.011 0.0000
3.943453 0.011 0.0000
3.972028 0.011 0.0000
4.000811 0.011 0.0000
4.029803 0.011 0.0000
4.059005 0.011 0.0000
4.088418 0.011 0.0000
4.118044 0.011 0.0000
4.147885 0.011 0.0000
4.177942 0.011 0.0000
4.208218 0.010 0.0000
4.238712 0.010 0.0000
4.269427 0.010 0.0000
4.300366 0.010 0.0000
4.331528 0.010 0.0000
4.362916 0.010 -0.0000
4.394531 0.010 -0.0000
4.426376 0.010 -0.0000
4.458451 0.010 -0.0000
4.490759 0.010 -0.0000
4.523301 0.010 0.0000
4.556079 0.010 0.0000
4.589094 0.010 0.0000
4.622348 0.011 0.0000
4.655844 0.011 0.0000
4.689582 0.011 0.0000
4.723564 0.011 0.0000
4.757793 0.011 0.0000
4.792270 0.011 0.0000
4.826997 0.011 0.0000
4.861975 0.011 0.0000
4.897207 0.011 0.0000
4.932695 0.010 0.0000
4.968439 0.010 0.0000
5.004442 0.010 0.0000
5.040706 0.010 0.0000
5.077234 0.010 0.0000
5.114025 0.010 0.0000
5.151084 0.010 0.0000
5.188410 0.010 0.0000
5.226008 0.010 0.0000
5.263878 0.010 -0.0000
5.302022 0.010 -0.0000
5.340442 0.010 -0.0000
5.379142 0.011 -0.0000
5.418121 0.011 -0.0000
5.457383 0.011 -0.0000
5.496929 0.011 -0.0000
5.536762 0.011 -0.0000
5.576884 0.011 0.0000
5.617296 0.011 0.0000
5.658002 0.010 0.0000
5.699002 0.010 0.0000
5.740299 0.010 0.0000
5.781896 0.010 0.0000
5.823794 0.010 0.0000
5.865995 0.010 0.0000
5.908503 0.010 0.0000
5.951318 0.010 0.0000
5.994444 0.010 -0.0000
6.037882 0.010 -0.0000
6.081635 0.011 -0.0000
6.125705 0.011 -0.0000
6.170095 0.011 -0.0000
6.214806 0.011 -0.0000
6.259841 0.011 -0.0000
6.305202 0.011 -0.0000
6.350892 0.011 -0.0000
6.396913 0.010 0.0000
6.443268 0.010 0.0000
6.489959 0.010 0.0000
6.536988 0.010 0.0000
6.584357 0.010 0.0000
6.632070 0.010 0.0000
6.680129 0.010 0.0000
6.728536 0.010 -0.0000
6.777294 0.010 -0.0000
6.826405 0.011 -0.0000
6.875872 0.011 -0.0000
6.925697 0.011 -0.0001
6.975884 0.011 -0.0001
7.026434 0.011 -0.0000
7.077350 0.011 -0.0000
7.128635 0.010 0.0000
7.180293 0.010 0.0000
7.232324 0.010 0.0001
7.284732 0.010 0.0001
7.337520 0.010 0.0001
7.390691 0.010 0.0001
7.444247 0.010 0.0000
7.498191 0.010 -0.0000
7.552526 0.011 -0.0001
7.607255 0.011 -0.0001
7.662380 0.011 -0.0001
7.717905 0.011 -0.0001
7.773832 0.011 -0.0001
7.830165 0.011 -0.0000
7.886905 0.010 0.0000
7.944057 0.010 0.0001
8.001623 0.010 0.0001
8.059606 0.010 0.0001
8.118009 0.010 0.0001
8.176836 0.010 0.0001
8.236088 0.010 -0.0000
8.295770 0.011 -0.0001
8.355885 0.011 -0.0001
8.416435 0.011 -0.0001
8.477424 0.011 -0.0001
8.538855 0.011 -0.0001
8.600731 0.010 -0.0000
8.663055 0.010 0.0000
8.725832 0.010 0.0001
8.789063 0.010 0.0001
8.852752 0.010 0.0001
8.916902 0.010 0.0001
8.981518 0.010 0.0000
9.046602 0.011 0.0000
9.112157 0.011 -0.0000
9.178188 0.011 -0.0001
9.244696 0.011 -0.0001
9.311687 0.010 -0.0001
9.379164 0.010 -0.0001
9.447129 0.010 -0.0001
9.515587 0.010 -0.0001
9.584541 0.010 -0.0000
9.653994 0.010 0.0001
9.723951 0.010 0.0003
9.794415 0.011 0.0004
9.865389 0.011 0.0004
9.936878 0.011 0.0003
10.008884 0.011 -0.0000
10.081413 0.010 -0.0004
10.154467 0.010 -0.0007
10.228051 0.010 -0.0009
10.302167 0.010 -0.0007
10.376821 0.010 -0.0001
10.452016 0.010 0.0006
10.527755 0.011 0.0012
10.604044 0.011 0.0015
10.680885 0.011 0.0011
10.758283 0.011 0.0002
10.836242 0.010 -0.0010
10.914766 0.010 -0.0019
10.993859 0.010 -0.0022
11.073525 0.010 -0.0014
11.153768 0.010 -0.0001
11.234593 0.011 0.0014
11.316003 0.011 0.0024
11.398004 0.011 0.0024
11.480599 0.011 0.0015
11.563792 0.010 0.0003
11.647588 0.010 -0.0010
11.731991 0.010 -0.0018
11.817006 0.010 -0.0023
11.902637 0.010 -0.0028
11.988888 0.011 -0.0027
12.075764 0.011 -0.0019
12.163270 0.011 0.0008
12.251411 0.010 0.0054
12.340189 0.010 0.0094
12.429611 0.010 0.0105
12.519681 0.010 0.0051
12.610404 0.010 -0.0067
12.701784 0.011 -0.0187
12.793827 0.011 -0.0244
12.886536 0.011 -0.0167
12.979917 0.010 0.0029
13.073975 0.010 0.0243
13.168715 0.010 0.0368
13.264140 0.010 0.0349
13.360258 0.010 0.0243
13.457072 0.011 0.0065
13.554587 0.011 -0.0172
13.652809 0.011 -0.0425
13.751743 0.010 -0.0727
13.851394 0.010 -0.1170
13.951767 0.010 -0.1739
14.052867 0.010 -0.1658
14.154700 0.010 -0.1994
14.257271 0.011 -0.4345
14.360585 0.011 -0.9764
14.464648 0.010 -1.7527
14.569465 0.010 -2.7425
14.675041 0.010 -3.9406
14.781382 0.010 -5.5103
14.888494 0.010 -7.2613
14.996382 0.011 -8.8540
15.105052 0.010 -10.1096
15.214510 0.010 -11.1833
15.324760 0.010 -12.0656
15.435810 0.010 -12.7233
15.547664 0.010 -13.0993
15.660329 0.010 -13.3407
15.773810 0.010 -13.6234
15.888114 0.010 -13.9513
16.003246 0.010 -14.2631
16.119212 0.010 -14.5307
16.236018 0.010 -14.6922
16.353671 0.010 -14.8113
16.472176 0.010 -15.0355
16.591541 0.010 -15.4125
16.711770 0.010 -15.9006
16.832870 0.010 -16.5553
16.954848 0.010 -17.4798
17.077710 0.010 -18.6104
17.201462 0.010 -19.6808
17.326111 0.010 -20.5680
17.451663 0.010 -21.3644
17.578125 0.010 -22.0527
17.705503 0.010 -22.6043
17.833805 0.010 -23.0463
17.963036 0.010 -23.4433
18.093203 0.010 -23.8036
18.224314 0.010 -24.1123
18.356375 0.010 -24.3617
18.489393 0.010 -24.4832
18.623375 0.010 -24.6564
18.758327 0.010 -25.0689
18.894258 0.010 -25.6570
19.031174 0.010 -26.4807
19.169081 0.010 -27.6548
19.307988 0.010 -29.0818
19.447902 0.010 -30.4923
19.588829 0.010 -31.9667
19.730778 0.011 -33.3026
19.873756 0.010 -34.2321
20.017769 0.010 -34.8395
20.162826 0.010 -35.0885
20.308934 0.010 -34.8330
20.456101 0.011 -34.3543
20.604334 0.010 -34.0085
20.753642 0.010 -33.6950
20.904031 0.010 -33.5330
21.055511 0.010 -33.6475
21.208087 0.011 -33.7627
21.361770 0.010 -33.6011
21.516566 0.010 -33.2689
21.672484 0.010 -32.8373
21.829532 0.010 -32.2868
21.987718 0.010 -31.7003
22.147050 0.010 -31.1313
22.307536 0.010 -30.5151
22.469186 0.010 -29.6794
22.632007 0.010 -28.8115
22.796008 0.010 -28.5410
22.961197 0.010 -28.7966
23.127583 0.010 -29.9220
23.295175 0.010 -32.1891
23.463982 0.011 -34.4321
23.634011 0.010 -36.4437
23.805273 0.010 -37.7106
23.977776 0.010 -37.4864
24.151529 0.011 -36.4688
24.326541 0.010 -35.0789
24.502821 0.010 -33.5424
24.680379 0.010 -32.7933
24.859223 0.007 -32.3896
25.039363 -0.004 -31.7841
25.220808 -0.039 -30.9220
25.403569 -0.131 -29.0494
25.587654 -0.222 -26.5796
25.773072 -0.188 -24.6412
25.959835 -0.088 -23.1112
26.147950 -0.059 -22.3947
26.337429 -0.140 -21.8214
26.528281 -0.386 -19.7374
26.720516 -0.627 -16.4647
26.914144 -0.610 -11.8273
27.109175 -0.438 -7.1504
27.305619 -0.234 -3.8258
27.503487 -0.076 -1.5091
27.702788 -0.015 -0.1206
27.903534 0.004 0.4263
28.105735 0.009 0.1669
28.309400 0.010 -1.5250
28.514542 0.010 -4.3895
28.721170 0.010 -6.3639
28.929296 0.010 -6.6795
29.138929 0.010 -2.9031
29.350082 0.010 3.1136
29.562765 0.011 10.9591
29.776989 0.010 16.8521
29.992765 0.010 20.4184
30.210105 0.010 21.0104
30.429020 0.011 19.7321
30.649521 0.010 17.3836
30.871620 0.010 15.1805
31.095328 0.010 13.5144
31.320658 0.010 13.3548
31.547620 0.010 14.4598
31.776228 0.010 16.9685
32.006491 0.010 18.2616
32.238423 0.010 17.5122
32.472036 0.010 12.5905
32.707342 0.011 5.9100
32.944353 0.010 -1.1180
33.183081 0.010 -4.6064
33.423540 0.010 -5.2738
33.665740 0.010 -3.4486
33.909696 0.010 -1.5492
34.155420 0.010 0.3230
34.402924 0.010 2.0076
34.652222 0.010 3.9927
34.903326 0.010 5.6730
35.156250 0.010 6.8019
35.411007 0.010 7.1950
35.667609 0.010 7.9627
35.926072 0.010 9.4727
36.186407 0.010 12.0608
36.448628 0.010 14.1951
36.712750 0.010 14.6666
36.978786 0.010 12.5109
37.246749 0.010 7.6591
37.516655 0.010 1.7371
37.788516 0.010 -4.2967
38.062347 0.010 -9.7820
38.338162 0.010 -15.8056
38.615977 0.010 -22.9158
38.895804 0.010 -30.2101
39.177659 0.010 -35.8962
39.461556 0.010 -37.8468
39.747511 0.010 -36.7207
40.035538 0.010 -34.0662
40.325652 0.010 -31.3305
40.617868 0.010 -29.1029
40.912202 0.010 -25.9503
41.208669 0.010 -21.7156
41.507284 0.010 -18.4712
41.808063 0.010 -18.7715
42.111021 0.010 -24.0571
42.416175 0.010 -30.9409
42.723540 0.010 -34.6453
43.033132 0.010 -34.4642
43.344968 0.010 -32.2087
43.659064 0.010 -30.4664
43.975435 0.010 -30.6993
44.294099 0.010 -32.2290
44.615073 0.010 -32.7469
44.938372 0.010 -30.4016
45.264014 0.010 -25.4173
45.592016 0.010 -19.7671
45.922394 0.010 -15.4770
46.255167 0.010 -13.2347
46.590351 0.010 -12.7482
46.927964 0.010 -14.3659
47.268023 0.010 -19.5888
47.610547 0.010 -28.6739
47.955552 0.010 -38.1451
48.303058 0.010 -43.5340
48.653082 0.010 -43.5437
49.005642 0.010 -40.2594
49.360757 0.010 -37.9050
49.718446 0.010 -39.4268
50.078726 0.010 -42.5533
50.441617 0.010 -41.5455
50.807138 0.010 -34.2065
51.175307 0.010 -24.4315
51.546145 0.010 -16.6764
51.919669 0.010 -10.9054
52.295901 0.010 -4.6904
52.674858 0.010 2.8268
53.056562 0.010 9.4455
53.441032 0.010 12.1381
53.828287 0.010 10.3903
54.218349 0.010 6.5809
54.611238 0.010 3.4393
55.006973 0.010 1.7627
55.405577 0.010 0.9392
55.807068 0.010 0.3917
56.211469 0.010 -0.8879
56.618801 0.010 -4.6897
57.029084 0.010 -11.4120
57.442340 0.010 -18.5097
57.858591 0.010 -22.9951
58.277858 0.010 -25.1807
58.700164 0.010 -28.5909
59.125529 0.010 -36.2857
59.553977 0.010 -47.9182
59.985530 0.010 -60.4874
60.420210 0.010 -71.6671
60.858039 0.010 -81.3761
61.299042 0.010 -89.4070
61.743240 0.008 -94.0561
62.190657 -0.002 -94.0715
62.641316 -0.035 -89.9136
63.095241 -0.120 -82.6067
63.552455 -0.266 -73.3125
64.012982 -0.419 -64.1839
64.476847 -0.578 -57.1363
64.944073 -0.773 -52.1853
65.414684 -1.077 -47.9359
65.888706 -1.466 -42.6267
66.366163 -1.740 -35.5296
66.847079 -1.767 -27.4268
67.331481 -1.504 -19.6550
67.819392 -1.054 -13.1859
68.310840 -0.573 -8.1857
68.805848 -0.228 -3.8755
69.304444 -0.064 0.5856
69.806652 -0.009 4.7208
70.312500 0.006 6.8136
70.822013 0.010 5.9442
71.335219 0.010 2.6146
71.852143 0.010 -3.3225
72.372814 0.010 -14.3375
72.897257 0.010 -33.3901
73.425500 0.006 -56.5928
73.957572 -0.010 -72.3853
74.493499 -0.078 -77.8274
75.033309 -0.303 -77.1922
75.577032 -0.877 -74.3674
76.124694 -1.905 -70.3676
76.676325 -3.233 -64.9151
77.231953 -4.661 -57.8594
77.791608 -6.047 -48.6408
78.355318 -7.194 -36.0756
78.923113 -7.799 -20.4660
79.495022 -7.671 -4.5235
80.071076 -6.901 8.9792
80.651304 -5.756 18.9153
81.235736 -4.479 25.4765
81.824404 -3.228 29.0028
82.417337 -2.132 29.9984
83.014567 -1.267 29.4174
83.616125 -0.644 28.1874
84.222042 -0.259 26.7923
84.832350 -0.077 25.6410
85.447080 -0.012 25.5964
86.066265 0.005 27.3982
86.689936 0.009 30.5914
87.318127 0.010 34.1708
87.950871 0.010 37.2153
88.588199 0.010 39.1410
89.230145 0.010 40.7757
89.876744 0.010 42.7808
90.528028 0.010 44.2549
91.184031 0.010 44.1009
91.844788 0.010 41.1746
92.510333 0.010 32.5475
93.180701 0.010 17.3971
93.855927 0.010 -0.6285
94.536046 0.010 -16.6998
95.221093 0.010 -27.2545
95.911104 0.010 -30.4760
96.606116 0.010 -28.4992
97.306164 0.010 -26.0703
98.011284 0.010 -25.4074
98.721514 0.010 -26.5116
99.436891 0.010 -30.9386
100.157452 0.010 -41.3684
100.883234 0.010 -53.9000
101.614275 0.010 -61.8303
102.350614 0.010 -64.0250
103.092289 0.009 -61.7849
103.839338 0.004 -57.3891
104.591801 -0.019 -53.9974
105.349716 -0.102 -53.0605
106.113124 -0.336 -54.3281
106.882063 -0.848 -56.9627
107.656575 -1.706 -59.0387
108.436699 -2.801 -58.3694
109.222476 -3.867 -54.4668
110.013947 -4.664 -49.7680
110.811153 -5.256 -47.3756
111.614136 -5.929 -46.7266
112.422939 -6.815 -44.9697
113.237601 -7.809 -40.5307
114.058168 -8.730 -34.1788
114.884680 -9.512 -27.4325
115.717182 -10.181 -19.9843
116.555716 -10.677 -10.5659
117.400327 -10.825 0.8597
118.251058 -10.513 12.0830
119.107954 -9.861 20.7023
119.971060 -9.080 26.7385
120.840419 -8.253 31.7664
121.716079 -7.289 37.0988
122.598084 -6.088 41.7523
123.486480 -4.755 43.2542
124.381314 -3.556 40.3773
125.282632 -2.736 34.3206
126.190482 -2.401 27.2142
127.104910 -2.544 21.1000
128.025965 -3.041 17.8327
128.953694 -3.655 18.2693
129.888145 -4.117 21.6243
130.829368 -4.280 25.6916
131.777412 -4.195 28.8830
132.732325 -3.978 31.3757
133.694158 -3.637 34.2367
134.662961 -3.057 37.8781
135.638785 -2.198 40.0598
136.621679 -1.307 37.7399
137.611696 -0.702 32.4213
138.608887 -0.434 27.2159
139.613304 -0.418 22.3322
140.625000 -0.637 17.8160
141.644027 -1.046 15.1777
142.670438 -1.465 15.0727
143.704287 -1.706 15.9271
144.745627 -1.796 14.8289
145.794514 -2.006 11.1981
146.851001 -2.542 8.4750
147.915144 -3.287 9.4301
148.986998 -3.962 13.1422
150.066619 -4.393 17.5863
151.154063 -4.549 22.1621
152.249388 -4.470 25.9217
153.352650 -4.283 27.7359
154.463906 -4.124 28.7051
155.583216 -4.021 29.4599
156.710636 -4.014 29.2655
157.846226 -4.176 29.1557
158.990044 -4.466 30.7922
160.142152 -4.741 34.3352
161.302608 -4.859 39.2494
162.471473 -4.699 45.4544
163.648808 -4.166 52.0055
164.834675 -3.293 57.1948
166.029135 -2.252 60.1617
167.232251 -1.273 60.4799
168.444084 -0.563 56.9935
169.664700 -0.190 49.5802
170.894160 -0.045 39.8308
172.132530 -0.002 31.3193
173.379873 0.008 27.3048
174.636255 0.009 26.5182
175.901741 0.004 24.8507
177.176398 -0.019 20.7301
178.460291 -0.095 15.9464
179.753488 -0.282 12.9308
181.056056 -0.591 12.6182
182.368062 -0.962 13.2430
183.689577 -1.366 13.5596
185.020667 -1.810 14.2380
186.361403 -2.269 15.9301
187.711854 -2.710 17.9769
189.072092 -3.161 20.3027
190.442186 -3.596 24.7916
191.822209 -3.815 32.3388
193.212232 -3.552 41.4808
194.612327 -2.755 49.1796
196.022568 -1.711 52.2796
197.443029 -0.825 50.4413
198.873782 -0.305 46.3670
200.314904 -0.084 42.2150
201.766468 -0.013 39.2126
203.228551 0.006 36.9754
204.701229 0.009 34.9103
206.184578 0.010 32.2011
207.678677 0.010 27.5874
209.183602 0.010 22.9024
210.699433 0.010 21.5411
212.226248 0.010 22.8280
213.764127 0.010 24.2868
215.313149 0.010 26.0333
216.873397 0.010 28.9326
218.444951 0.010 32.0704
220.027894 0.010 32.9227
221.622306 0.010 28.4699
223.228273 0.010 19.2862
224.845877 0.010 12.1693
226.475203 0.010 11.9661
228.116336 0.010 15.6855
229.769361 0.010 17.7746
231.434364 0.010 16.5467
233.111433 0.010 14.6343
234.800654 0.010 14.9783
236.502117 0.010 17.7646
238.215909 0.010 21.8636
239.942119 0.010 25.1084
241.680839 0.010 24.2536
243.432158 0.010 18.1769
245.196168 0.010 12.6656
246.972960 0.010 11.6023
248.762628 0.010 12.5691
250.565264 0.010 13.2822
252.380964 0.010 13.3016
254.209820 0.010 13.0364
256.051929 0.010 13.0801
257.907387 0.010 12.9914
259.776290 0.010 13.2909
261.658736 0.010 15.6534
263.554824 0.010 16.2357
265.464650 0.010 7.0812
267.388317 0.010 -4.7639
269.325923 0.010 -6.7783
271.277569 0.010 -5.8615
273.243358 0.010 -6.8792
275.223392 0.010 -7.2000
277.217775 0.010 -4.9726
279.226609 0.010 -2.1175
281.250000 0.010 -0.7301
283.288053 0.010 -0.7686
285.340875 0.010 -0.7336
287.408573 0.010 0.2926
289.491254 0.010 1.7654
291.589027 0.010 2.7538
293.702001 0.010 3.0800
295.830287 0.010 3.1202
297.973995 0.010 2.9955
300.133238 0.010 2.6084
302.308127 0.010 1.0287
304.498776 0.010 -0.8405
306.705300 0.010 -1.5298
308.927813 0.010 -1.8318
311.166431 0.010 -1.9451
313.421271 0.010 -1.4911
315.692451 0.010 -0.7991
317.980089 0.010 -0.2748
320.284304 0.010 -0.0530
322.605216 0.010 -0.0058
324.942946 0.010 -0.0004
327.297617 0.010 -0.0000
329.669350 0.010 0.0000
332.058270 0.010 -0.0000
334.464501 0.010 -0.0000
336.888169 0.010 -0.0000
339.329399 0.010 -0.0000
341.788320 0.010 -0.0000
344.265059 0.010 0.0000
346.759746 0.010 -0.0000
349.272510 0.010 -0.0000
351.803482 0.010 -0.0000
354.352795 0.010 0.0000
356.920582 0.010 -0.0000
359.506975 0.010 -0.0000
362.112111 0.010 0.0000
364.736125 0.010 0.0000
367.379153 0.010 0.0000
370.041334 0.010 0.0000
372.722806 0.010 -0.0000
375.423709 0.010 -0.0000
378.144184 0.010 0.0000
380.884373 0.010 -0.0000
383.644418 0.010 -0.0000
386.424463 0.010 0.0000
389.224654 0.010 0.0000
392.045137 0.010 0.0000
394.886057 0.010 -0.0000
397.747564 0.010 -0.0000
400.629807 0.010 0.0000
403.532936 0.010 -0.0000
406.457102 0.010 -0.0000
409.402458 0.010 0.0000
412.369157 0.010 0.0000
415.357354 0.010 0.0000
418.367204 0.010 -0.0000
421.398865 0.010 -0.0000
424.452495 0.010 -0.0000
427.528253 0.010 -0.0000
430.626299 0.010 -0.0000
433.746795 0.010 -0.0000
436.889903 0.010 -0.0000
440.055787 0.010 -0.0000
443.244613 0.010 -0.0000
446.456546 0.010 0.0000
449.691754 0.010 -0.0000
452.950406 0.010 -0.0000
456.232671 0.010 -0.0000
459.538721 0.010 0.0000
462.868728 0.010 0.0000
466.222866 0.010 -0.0000
469.601309 0.010 -0.0000
473.004234 0.010 -0.0000
476.431817 0.010 -0.0000
479.884239 0.010 -0.0000
483.361678 0.010 0.0000
486.864316 0.010 0.0000
490.392335 0.010 0.0000
493.945920 0.010 0.0000
497.525256 0.010 -0.0000
501.130529 0.010 -0.0000
504.761927 0.010 0.0000
508.419640 0.010 0.0000
512.103859 0.010 0.0000
515.814774 0.010 -0.0000
519.552581 0.010 -0.0000
523.317473 0.010 -0.0000
527.109647 0.010 -0.0000
530.929301 0.010 0.0000
534.776633 0.010 0.0000
538.651845 0.010 0.0000
542.555139 0.010 -0.0000
546.486717 0.010 -0.0000
550.446785 0.010 -0.0000
554.435549 0.010 0.0000
558.453218 0.010 0.0000
562.500000 0.010 0.0000
566.576107 0.010 -0.0000
570.681751 0.010 -0.0000
574.817146 0.010 0.0000
578.982508 0.010 0.0000
583.178054 0.010 0.0000
587.404003 0.010 -0.0000
591.660574 0.010 -0.0000
595.947991 0.010 -0.0000
600.266475 0.010 -0.0000
604.616254 0.010 -0.0000
608.997552 0.010 -0.0000
613.410600 0.010 -0.0000
617.855626 0.010 -0.0000
622.332862 0.010 0.0000
626.842543 0.010 0.0000
631.384902 0.010 -0.0000
635.960177 0.010 -0.0000
640.568607 0.010 -0.0000
645.210431 0.010 0.0000
649.885892 0.010 0.0000
654.595233 0.010 -0.0000
659.338700 0.010 -0.0000
664.116540 0.010 -0.0000
668.929002 0.010 0.0000
673.776337 0.010 0.0000
678.658799 0.010 0.0000
683.576640 0.010 0.0000
688.530118 0.010 0.0000
693.519491 0.010 0.0000
698.545019 0.010 0.0000
703.606964 0.010 0.0000
708.705591 0.010 -0.0000
713.841163 0.010 -0.0000
719.013951 0.010 0.0000
724.224222 0.010 0.0000
729.472249 0.010 0.0000
734.758306 0.010 -0.0000
740.082668 0.010 0.0000
745.445612 0.010 0.0000
750.847418 0.010 0.0000
756.288368 0.010 -0.0000
761.768745 0.010 0.0000
767.288835 0.010 0.0000
772.848927 0.010 -0.0000
778.449309 0.010 -0.0000
784.090273 0.010 0.0000
789.772115 0.010 0.0000
795.495129 0.010 -0.0000
801.259614 0.010 -0.0000
807.065872 0.010 -0.0000
812.914204 0.010 -0.0000
818.804915 0.010 -0.0000
824.738313 0.010 -0.0000
830.714707 0.010 0.0000
836.734408 0.010 0.0000
842.797731 0.010 0.0000
848.904991 0.010 -0.0000
855.056506 0.010 -0.0000
861.252598 0.010 0.0000
867.493589 0.010 0.0000
873.779805 0.010 -0.0000
880.111574 0.010 0.0000
886.489225 0.010 0.0000
892.913092 0.010 0.0000
899.383508 0.010 0.0000
905.900812 0.010 0.0000
912.465342 0.010 0.0000
919.077442 0.010 0.0000
925.737456 0.010 0.0000
932.445732 0.010 0.0000
939.202618 0.010 -0.0000
946.008467 0.010 -0.0000
952.863634 0.010 0.0000
959.768477 0.010 -0.0000
966.723355 0.010 -0.0000
973.728631 0.010 0.0000
980.784670 0.010 0.0000
987.891840 0.010 -0.0000
995.050512 0.010 -0.0000
1002.261058 0.010 0.0000
1009.523855 0.010 -0.0000
1016.839281 0.010 -0.0000
1024.207717 0.010 0.0000
1031.629549 0.010 0.0000
1039.105162 0.010 0.0000
1046.634946 0.010 0.0000
1054.219294 0.010 0.0000
1061.858602 0.010 0.0000
1069.553267 0.010 0.0000
1077.303691 0.010 0.0000
1085.110277 0.010 0.0000
1092.973434 0.010 0.0000
1100.893570 0.010 0.0000
1108.871098 0.010 0.0000
1116.906436 0.010 0.0000
1125.000000 0.010 0.0000
1133.152214 0.010 0.0000
1141.363502 0.010 0.0000
1149.634292 0.010 0.0000
1157.965016 0.010 0.0000
1166.356108 0.010 -0.0000
1174.808005 0.010 -0.0000
1183.321148 0.010 -0.0000
1191.895981 0.010 -0.0000
1200.532951 0.010 -0.0000
1209.232507 0.010 -0.0000
1217.995105 0.010 -0.0000
1226.821199 0.010 -0.0000
1235.711251 0.010 0.0000
1244.665724 0.010 0.0000
1253.685085 0.010 -0.0000
1262.769804 0.010 0.0000
1271.920355 0.010 -0.0000
1281.137214 0.010 -0.0000
1290.420862 0.010 -0.0000
1299.771784 0.010 -0.0000
1309.190466 0.010 -0.0000
1318.677400 0.010 -0.0000
1328.233080 0.010 -0.0000
1337.858004 0.010 -0.0000
1347.552675 0.010 -0.0000
1357.317597 0.010 -0.0000
1367.153280 0.010 -0.0000
1377.060236 0.010 0.0000
1387.038982 0.010 0.0000
1397.090039 0.010 0.0000
1407.213929 0.010 0.0000
1417.411181 0.010 0.0000
1427.682327 0.010 0.0000
1438.027902 0.010 0.0000
1448.448444 0.010 0.0000
1458.944499 0.010 0.0000
1469.516612 0.010 0.0000
1480.165335 0.010 -0.0000
1490.891224 0.010 -0.0000
1501.694836 0.010 -0.0000
1512.576736 0.010 -0.0000
1523.537490 0.010 -0.0000
1534.577671 0.010 -0.0000
1545.697853 0.010 -0.0000
1556.898617 0.010 -0.0000
1568.180546 0.010 -0.0000
1579.544229 0.010 -0.0000
1590.990258 0.010 0.0000
1602.519229 0.010 -0.0000
1614.131744 0.010 -0.0000
1625.828408 0.010 0.0000
1637.609831 0.010 0.0000
1649.476627 0.010 0.0000
1661.429414 0.010 0.0000
1673.468817 0.010 0.0000
1685.595461 0.010 0.0000
1697.809981 0.010 -0.0000
1710.113012 0.010 0.0000
1722.505196 0.010 0.0000
1734.987179 0.010 0.0000
1747.559611 0.010 0.0000
1760.223148 0.010 -0.0000
1772.978451 0.010 0.0000
1785.826183 0.010 0.0000
1798.767016 0.010 0.0000
1811.801623 0.010 0.0000
1824.930685 0.010 0.0000
1838.154885 0.010 0.0000
1851.474913 0.010 -0.0000
1864.891463 0.010 -0.0000
1878.405236 0.010 -0.0000
1892.016934 0.010 -0.0000
1905.727269 0.010 -0.0000
1919.536954 0.010 -0.0000
1933.446710 0.010 -0.0000
1947.457262 0.010 -0.0000
1961.569340 0.010 -0.0000
1975.783680 0.010 -0.0000
1990.101023 0.010 -0.0000
2004.522116 0.010 0.0000
2019.047709 0.010 0.0000
2033.678561 0.010 0.0000
2048.415435 0.010 0.0000
2063.259097 0.010 -0.0000
2078.210323 0.010 -0.0000
2093.269892 0.010 -0.0000
2108.438588 0.010 -0.0000
2123.717204 0.010 -0.0000
2139.106534 0.010 -0.0000
2154.607382 0.010 -0.0000
2170.220555 0.010 -0.0000
2185.946868 0.010 0.0000
2201.787140 0.010 0.0000
2217.742197 0.010 0.0000
2233.812871 0.010 -0.0000
2250.000000 0.010 -0.0000
2266.304428 0.010 -0.0000
2282.727004 0.010 -0.0000
2299.268584 0.010 -0.0000
2315.930032 0.010 -0.0000
2332.712216 0.010 -0.0000
2349.616010 0.010 -0.0000
2366.642297 0.010 -0.0000
2383.791962 0.010 0.0000
2401.065902 0.010 0.0000
2418.465015 0.010 0.0000
2435.990209 0.010 0.0000
2453.642398 0.010 0.0000
2471.422503 0.010 -0.0000
2489.331449 0.010 -0.0000
2507.370171 0.010 -0.0000
2525.539609 0.010 -0.0000
2543.840710 0.010 0.0000
2562.274428 0.010 0.0000
2580.841725 0.010 0.0000
2599.543568 0.010 0.0000
2618.380932 0.010 -0.0000
2637.354800 0.010 0.0000
2656.466160 0.010 0.0000
2675.716009 0.010 -0.0000
2695.105350 0.010 -0.0000
2714.635194 0.010 -0.0000
2734.306560 0.010 -0.0000
2754.120472 0.010 0.0000
2774.077965 0.010 0.0000
2794.180077 0.010 0.0000
2814.427858 0.010 -0.0000
2834.822362 0.010 -0.0000
2855.364654 0.010 -0.0000
2876.055803 0.010 0.0000
2896.896889 0.010 0.0000
2917.888998 0.010 0.0000
2939.033224 0.010 0.0000
2960.330671 0.010 0.0000
2981.782447 0.010 0.0000
3003.389672 0.010 -0.0000
3025.153472 0.010 -0.0000
3047.074981 0.010 -0.0000
3069.155342 0.010 -0.0000
3091.395707 0.010 -0.0000
3113.797234 0.010 -0.0000
3136.361093 0.010 0.0000
3159.088458 0.010 0.0000
3181.980515 0.010 0.0000
3205.038458 0.010 0.0000
3228.263488 0.010 -0.0000
3251.656816 0.010 -0.0000
3275.219661 0.010 0.0000
3298.953253 0.010 0.0000
3322.858828 0.010 0.0000
3346.937633 0.010 0.0000
3371.190923 0.010 0.0000
3395.619962 0.010 0.0000
3420.226024 0.010 -0.0000
3445.010392 0.010 -0.0000
3469.974357 0.010 0.0000
3495.119222 0.010 0.0000
3520.446296 0.010 0.0000
3545.956901 0.010 0.0000
3571.652367 0.010 -0.0000
3597.534032 0.010 -0.0000
3623.603247 0.010 -0.0000
3649.861370 0.010 0.0000
3676.309770 0.010 0.0000
3702.949826 0.010 0.0000
3729.782927 0.010 -0.0000
3756.810471 0.010 -0.0000
3784.033869 0.010 -0.0000
3811.454538 0.010 -0.0000
3839.073909 0.010 -0.0000
3866.893421 0.010 0.0000
3894.914525 0.010 0.0000
3923.138681 0.010 0.0000
3951.567361 0.010 -0.0000
3980.202047 0.010 -0.0000
4009.044232 0.010 -0.0000
4038.095419 0.010 0.0000
4067.357123 0.010 0.0000
4096.830869 0.010 0.0000
4126.518194 0.010 0.0000
4156.420646 0.010 -0.0000
4186.539784 0.010 -0.0000
4216.877177 0.010 -0.0000
4247.434407 0.010 0.0000
4278.213068 0.010 0.0000
4309.214763 0.010 -0.0000
4340.441110 0.010 -0.0000
4371.893735 0.010 -0.0000
4403.574279 0.010 0.0000
4435.484394 0.010 0.0000
4467.625742 0.010 0.0000
4500.000000 0.010 -0.0000
4532.608855 0.010 -0.0000
4565.454007 0.010 -0.0000
4598.537169 0.010 -0.0000
4631.860065 0.010 0.0000
4665.424432 0.010 0.0000
4699.232021 0.010 0.0000
4733.284593 0.010 0.0000
4767.583925 0.010 0.0000
4802.131803 0.010 0.0000
4836.930030 0.010 0.0000
4871.980419 0.010 -0.0000
4907.284797 0.010 -0.0000
4942.845006 0.010 -0.0000
4978.662898 0.010 -0.0000
5014.740342 0.010 -0.0000
5051.079217 0.010 -0.0000
5087.681420 0.010 -0.0000
5124.548856 0.010 -0.0000
5161.683450 0.010 -0.0000
5199.087136 0.010 0.0000
5236.761864 0.010 -0.0000
5274.709600 0.010 -0.0000
5312.932320 0.010 -0.0000
5351.432018 0.010 -0.0000
5390.210700 0.010 -0.0000
5429.270389 0.010 -0.0000
5468.613120 0.010 -0.0000
5508.240945 0.010 -0.0000
5548.155929 0.010 0.0000
5588.360154 0.010 0.0000
5628.855716 0.010 0.0000
5669.644725 0.010 -0.0000
5710.729307 0.010 -0.0000
5752.111606 0.010 -0.0000
5793.793778 0.010 -0.0000
5835.777996 0.010 -0.0000
5878.066449 0.010 -0.0000
5920.661342 0.010 0.0000
5963.564894 0.010 0.0000
6006.779344 0.010 -0.0000
6050.306943 0.010 -0.0000
6094.149961 0.010 -0.0000
6138.310684 0.010 -0.0000
6182.791414 0.010 0.0000
6227.594469 0.010 0.0000
6272.722186 0.010 0.0000
6318.176916 0.010 0.0000
6363.961031 0.010 -0.0000
6410.076916 0.010 -0.0000
6456.526975 0.010 0.0000
6503.313631 0.010 0.0000
6550.439323 0.010 -0.0000
6597.906506 0.010 -0.0000
6645.717657 0.010 -0.0000
6693.875266 0.010 0.0000
6742.381846 0.010 0.0000
6791.239924 0.010 -0.0000
6840.452048 0.010 -0.0000
6890.020784 0.010 0.0000
6939.948714 0.010 0.0000
6990.238444 0.010 0.0000
7040.892593 0.010 0.0000
7091.913803 0.010 0.0000
7143.304734 0.010 0.0000
7195.068065 0.010 -0.0000
7247.206494 0.010 -0.0000
7299.722739 0.010 -0.0000
7352.619540 0.010 -0.0000
7405.899652 0.010 -0.0000
7459.565853 0.010 -0.0000
7513.620943 0.010 -0.0000
7568.067737 0.010 -0.0000
7622.909076 0.010 -0.0000
7678.147817 0.010 0.0000
7733.786842 0.010 -0.0000
7789.829049 0.010 -0.0000
7846.277361 0.010 -0.0000
7903.134722 0.010 -0.0000
7960.404094 0.010 -0.0000
8018.088463 0.010 -0.0000
8076.190838 0.010 -0.0000
8134.714246 0.010 0.0000
8193.661738 0.010 0.0000
8253.036389 0.010 -0.0000
8312.841293 0.010 -0.0000
8373.079567 0.010 -0.0000
8433.754353 0.010 0.0000
8494.868814 0.010 0.0000
8556.426135 0.010 0.0000
8618.429526 0.010 0.0000
8680.882219 0.010 -0.0000
8743.787470 0.010 -0.0000
8807.148559 0.010 -0.0000
8870.968788 0.010 -0.0000
8935.251484 0.010 0.0000
9000.000000 0.010 -0.0000
9065.217710 0.010 -0.0000
9130.908014 0.010 -0.0000
9197.074338 0.010 0.0000
9263.720130 0.010 0.0000
9330.848865 0.010 0.0000
9398.464042 0.010 0.0000
9466.569187 0.010 0.0000
9535.167849 0.010 0.0000
9604.263606 0.010 0.0000
9673.860059 0.010 0.0000
9743.960837 0.010 0.0000
9814.569594 0.010 -0.0000
9885.690011 0.010 -0.0000
9957.325796 0.010 0.0000
10029.480683 0.010 0.0000
10102.158435 0.010 0.0000
10175.362839 0.010 0.0000
10249.097713 0.010 -0.0000
10323.366900 0.010 -0.0000
10398.174272 0.010 -0.0000
10473.523729 0.010 -0.0000
10549.419199 0.010 -0.0000
10625.864640 0.010 -0.0000
10702.864035 0.010 -0.0000
10780.421400 0.010 0.0000
10858.540777 0.010 0.0000
10937.226240 0.010 0.0000
11016.481890 0.010 0.0000
11096.311859 0.010 0.0000
11176.720309 0.010 0.0000
11257.711431 0.010 0.0000
11339.289449 0.010 0.0000
11421.458615 0.010 0.0000
11504.223212 0.010 0.0000
11587.587556 0.010 -0.0000
11671.555992 0.010 -0.0000
11756.132898 0.010 0.0000
11841.322683 0.010 -0.0000
11927.129788 0.010 -0.0000
12013.558688 0.010 -0.0000
12100.613886 0.010 -0.0000
12188.299922 0.010 -0.0000
12276.621368 0.010 -0.0000
12365.582827 0.010 -0.0000
12455.188938 0.010 0.0000
12545.444371 0.010 0.0000
12636.353832 0.010 0.0000
12727.922061 0.010 0.0000
12820.153831 0.010 0.0000
12913.053951 0.010 -0.0000
13006.627263 0.010 -0.0000
13100.878646 0.010 -0.0000
13195.813013 0.010 0.0000
13291.435313 0.010 0.0000
13387.750533 0.010 0.0000
13484.763692 0.010 0.0000
13582.479848 0.010 0.0000
13680.904096 0.010 0.0000
13780.041567 0.010 -0.0000
13879.897429 0.010 0.0000
13980.476887 0.010 0.0000
14081.785186 0.010 -0.0000
14183.827606 0.010 0.0000
14286.609468 0.010 0.0000
14390.136129 0.010 -0.0000
14494.412988 0.010 -0.0000
14599.445479 0.010 -0.0000
14705.239079 0.010 -0.0000
14811.799303 0.010 -0.0000
14919.131707 0.010 -0.0000
15027.241885 0.010 -0.0000
15136.135475 0.010 -0.0000
15245.818152 0.010 -0.0000
15356.295635 0.010 -0.0000
15467.573683 0.010 -0.0000
15579.658098 0.010 -0.0000
15692.554723 0.010 -0.0000
15806.269443 0.010 -0.0000
15920.808187 0.010 -0.0000
16036.176927 0.010 -0.0000
16152.381675 0.010 -0.0000
16269.428491 0.010 0.0000
16387.323477 0.010 0.0000
16506.072778 0.010 0.0000
16625.682585 0.010 0.0000
16746.159135 0.010 -0.0000
16867.508707 0.010 0.0000
16989.737628 0.010 0.0000
17112.852271 0.010 -0.0000
17236.859053 0.010 -0.0000
17361.764439 0.010 -0.0000
17487.574941 0.010 -0.0000
17614.297118 0.010 -0.0000
17741.937576 0.010 0.0000
17870.502969 0.010 -0.0000
18000.000000 0.010 -0.0000
18130.435420 0.010 -0.0000
18261.816029 0.010 -0.0000
18394.148676 0.010 -0.0000
18527.440260 0.010 0.0000
18661.697729 0.010 0.0000
18796.928084 0.010 0.0000
18933.138373 0.010 -0.0000
19070.335698 0.010 -0.0000
19208.527212 0.010 0.0000
19347.720119 0.010 0.0000
19487.921674 0.010 0.0000
19629.139188 0.010 -0.0000
19771.380022 0.010 -0.0000
19914.651592 0.010 0.0000
20058.961367 0.010 0.0000
20204.316870 0.010 -0.0000
20350.725678 0.010 -0.0000
20498.195426 0.010 -0.0000
20646.733800 0.010 -0.0000
20796.348544 0.010 -0.0000
20947.047458 0.010 -0.0000
21098.838399 0.010 -0.0000
21251.729279 0.010 -0.0000
21405.728070 0.010 -0.0000
21560.842800 0.010 0.0000
21717.081554 0.010 0.0000
21874.452480 0.010 -0.0000
22032.963779 0.010 -0.0000
22192.623718 0.010 -0.0000
22353.440617 0.010 -0.0000
22515.422863 0.010 -0.0000
22678.578898 0.010 -0.0000
22842.917229 0.010 -0.0000
23008.446424 0.010 -0.0000
23175.175112 0.010 -0.0000
23343.111984 0.010 0.0000
23512.265796 0.010 0.0000
23682.645366 0.010 0.0000
23854.259577 0.010 0.0000
24027.117375 0.010 0.0000
