* Measurement data measured by REW V5.40 beta 100
* Source: EQ window target shape
* Format: 
* Dated: Sep 23, 2025 2:20:56 PM
* REW Settings:
*  C-weighting compensation: Off
*  Target level: 75.0 dB
* Note: ; 
* Measurement: Target RMS + phase average
* Smoothing: 1/48 octave
* Frequency Step: 96 ppo
* Start Frequency: 2.5 Hz
*
* Freq(Hz) SPL(dB)
2.500000 76.111
2.518116 76.111
2.536363 76.111
2.554743 76.111
2.573256 76.111
2.591902 76.111
2.610684 76.111
2.629603 76.111
2.648658 76.111
2.667851 76.111
2.687183 76.111
2.706656 76.111
2.726269 76.111
2.746025 76.111
2.765924 76.111
2.785967 76.111
2.806155 76.111
2.826490 76.111
2.846972 76.111
2.867602 76.111
2.888382 76.111
2.909312 76.111
2.930394 76.111
2.951629 76.111
2.973018 76.111
2.994561 76.111
3.016261 76.111
3.038118 76.111
3.060134 76.111
3.082309 76.111
3.104645 76.111
3.127142 76.111
3.149803 76.111
3.172627 76.111
3.195618 76.111
3.218774 76.111
3.242099 76.111
3.265592 76.111
3.289256 76.111
3.313092 76.111
3.337100 76.111
3.361282 76.111
3.385639 76.111
3.410173 76.111
3.434884 76.111
3.459775 76.111
3.484846 76.111
3.510098 76.111
3.535534 76.111
3.561154 76.111
3.586959 76.111
3.612952 76.111
3.639133 76.111
3.665504 76.111
3.692065 76.111
3.718820 76.111
3.745768 76.111
3.772911 76.111
3.800251 76.111
3.827789 76.111
3.855527 76.111
3.883466 76.111
3.911607 76.111
3.939952 76.111
3.968503 76.111
3.997260 76.111
4.026226 76.111
4.055402 76.111
4.084789 76.111
4.114389 76.111
4.144203 76.111
4.174234 76.111
4.204482 76.111
4.234949 76.111
4.265638 76.111
4.296548 76.111
4.327683 76.111
4.359043 76.111
4.390630 76.111
4.422447 76.111
4.454494 76.111
4.486773 76.111
4.519286 76.111
4.552034 76.111
4.585020 76.111
4.618245 76.111
4.651711 76.111
4.685419 76.111
4.719372 76.111
4.753570 76.111
4.788016 76.111
4.822712 76.111
4.857660 76.111
4.892860 76.111
4.928316 76.111
4.964029 76.111
5.000000 76.111
5.036232 76.111
5.072727 76.111
5.109486 76.111
5.146511 76.111
5.183805 76.111
5.221369 76.111
5.259205 76.111
5.297315 76.111
5.335702 76.111
5.374367 76.111
5.413312 76.111
5.452539 76.111
5.492050 76.111
5.531848 76.111
5.571934 76.111
5.612310 76.111
5.652979 76.111
5.693943 76.111
5.735204 76.111
5.776763 76.111
5.818624 76.111
5.860788 76.111
5.903258 76.111
5.946036 76.111
5.989123 76.111
6.032523 76.111
6.076237 76.111
6.120268 76.111
6.164618 76.111
6.209289 76.111
6.254284 76.111
6.299605 76.111
6.345255 76.111
6.391235 76.111
6.437549 76.111
6.484198 76.111
6.531185 76.111
6.578513 76.111
6.626183 76.111
6.674199 76.111
6.722563 76.111
6.771278 76.111
6.820345 76.111
6.869768 76.111
6.919549 76.111
6.969691 76.111
7.020197 76.111
7.071068 76.111
7.122308 76.111
7.173919 76.111
7.225904 76.111
7.278266 76.111
7.331007 76.111
7.384131 76.111
7.437639 76.111
7.491535 76.111
7.545822 76.111
7.600502 76.111
7.655579 76.111
7.711054 76.111
7.766932 76.111
7.823214 76.111
7.879904 76.111
7.937005 76.111
7.994520 76.111
8.052452 76.111
8.110803 76.111
8.169577 76.111
8.228777 76.111
8.288407 76.111
8.348468 76.111
8.408964 76.111
8.469899 76.111
8.531275 76.111
8.593096 76.111
8.655366 76.111
8.718086 76.111
8.781261 76.111
8.844893 76.111
8.908987 76.111
8.973545 76.111
9.038571 76.111
9.104069 76.111
9.170040 76.111
9.236490 76.111
9.303422 76.111
9.370838 76.111
9.438743 76.111
9.507140 76.111
9.576033 76.111
9.645425 76.111
9.715319 76.111
9.785721 76.111
9.856632 76.111
9.928057 76.111
10.000000 76.111
10.072464 76.111
10.145453 76.111
10.218971 76.111
10.293022 76.111
10.367610 76.111
10.442738 76.111
10.518410 76.111
10.594631 76.111
10.671404 76.111
10.748733 76.111
10.826623 76.111
10.905077 76.111
10.984100 76.111
11.063695 76.111
11.143867 76.111
11.224620 76.111
11.305959 76.111
11.387886 76.111
11.470408 76.111
11.553527 76.111
11.637249 76.111
11.721577 76.111
11.806516 76.111
11.892071 76.111
11.978246 76.111
12.065045 76.111
12.152474 76.111
12.240535 76.111
12.329235 76.111
12.418578 76.111
12.508568 76.111
12.599210 76.111
12.690510 76.111
12.782470 76.111
12.875097 76.111
12.968396 76.111
13.062370 76.111
13.157025 76.111
13.252366 76.111
13.348399 76.111
13.445127 76.111
13.542555 76.111
13.640690 76.111
13.739536 76.111
13.839099 76.111
13.939383 76.111
14.040393 76.111
14.142136 76.111
14.244615 76.111
14.347838 76.111
14.451808 76.111
14.556532 76.111
14.662014 76.111
14.768261 76.111
14.875278 76.111
14.983071 76.111
15.091644 76.111
15.201005 76.111
15.311157 76.111
15.422108 76.111
15.533863 76.111
15.646428 76.111
15.759808 76.111
15.874011 76.111
15.989040 76.111
16.104903 76.111
16.221606 76.111
16.339155 76.111
16.457555 76.111
16.576813 76.111
16.696935 76.111
16.817928 76.111
16.939798 76.111
17.062551 76.111
17.186193 76.111
17.310731 76.111
17.436172 76.111
17.562522 76.111
17.689787 76.111
17.817974 76.111
17.947091 76.111
18.077143 76.111
18.208137 76.111
18.340081 76.111
18.472981 76.111
18.606843 76.111
18.741676 76.111
18.877486 76.111
19.014280 76.111
19.152066 76.111
19.290849 76.111
19.430639 76.111
19.571441 76.111
19.713264 76.111
19.856114 76.111
20.000000 76.112
20.144928 76.116
20.290907 76.122
20.437943 76.128
20.586045 76.134
20.735220 76.140
20.885476 76.145
21.036820 76.151
21.189262 76.157
21.342808 76.163
21.497467 76.168
21.653246 76.173
21.810155 76.178
21.968200 76.183
22.127391 76.187
22.287735 76.191
22.449241 76.193
22.611917 76.194
22.775773 76.194
22.940815 76.193
23.107054 76.193
23.274497 76.192
23.443154 76.192
23.613033 76.192
23.784142 76.191
23.956492 76.192
24.130091 76.193
24.304947 76.195
24.481071 76.198
24.658471 76.204
24.837156 76.210
25.017137 76.217
25.198421 76.224
25.381019 76.232
25.564940 76.239
25.750195 76.247
25.936791 76.255
26.124740 76.262
26.314050 76.270
26.504733 76.276
26.696797 76.282
26.890253 76.287
27.085111 76.292
27.281381 76.296
27.479073 76.300
27.678198 76.304
27.878765 76.307
28.080786 76.310
28.284271 76.313
28.489231 76.315
28.695675 76.317
28.903616 76.319
29.113064 76.320
29.324029 76.321
29.536523 76.321
29.750557 76.321
29.966142 76.321
30.183289 76.321
30.402009 76.321
30.622315 76.321
30.844217 76.320
31.067726 76.319
31.292856 76.319
31.519617 76.319
31.748021 76.319
31.978080 76.319
32.209807 76.319
32.443212 76.319
32.678309 76.319
32.915110 76.319
33.153626 76.319
33.393871 76.319
33.635857 76.319
33.879596 76.319
34.125101 76.319
34.372386 76.319
34.621462 76.320
34.872344 76.320
35.125043 76.321
35.379574 76.321
35.635949 76.322
35.894182 76.322
36.154286 76.321
36.416274 76.321
36.680162 76.320
36.945961 76.319
37.213687 76.317
37.483353 76.314
37.754973 76.311
38.028561 76.308
38.304131 76.304
38.581699 76.300
38.861278 76.296
39.142882 76.291
39.426528 76.286
39.712229 76.281
40.000000 76.276
40.289856 76.270
40.581813 76.263
40.875886 76.257
41.172089 76.250
41.470439 76.243
41.770951 76.236
42.073641 76.229
42.378524 76.222
42.685616 76.216
42.994934 76.210
43.306493 76.204
43.620309 76.199
43.936400 76.196
44.254781 76.194
44.575470 76.193
44.898482 76.194
45.223835 76.194
45.551545 76.195
45.881631 76.195
46.214108 76.195
46.548994 76.195
46.886308 76.194
47.226065 76.192
47.568285 76.188
47.912984 76.182
48.260181 76.174
48.609894 76.164
48.962142 76.153
49.316942 76.141
49.674312 76.129
50.034273 76.116
50.396842 76.102
50.762038 76.089
51.129881 76.075
51.500389 76.062
51.873582 76.049
52.249480 76.038
52.628101 76.029
53.009466 76.019
53.393594 76.010
53.780506 76.002
54.170222 75.993
54.562762 75.985
54.958146 75.976
55.356395 75.967
55.757531 75.959
56.161573 75.950
56.568542 75.941
56.978461 75.932
57.391351 75.923
57.807232 75.913
58.226127 75.903
58.648058 75.892
59.073046 75.881
59.501113 75.870
59.932283 75.857
60.366577 75.845
60.804018 75.831
61.244629 75.816
61.688433 75.800
62.135453 75.783
62.585712 75.764
63.039234 75.745
63.496042 75.725
63.956161 75.704
64.419613 75.682
64.886424 75.660
65.356618 75.637
65.830219 75.613
66.307252 75.588
66.787742 75.563
67.271713 75.538
67.759192 75.512
68.250203 75.486
68.744772 75.459
69.242925 75.432
69.744688 75.403
70.250086 75.374
70.759147 75.345
71.271897 75.314
71.788363 75.283
72.308571 75.251
72.832549 75.218
73.360323 75.184
73.891923 75.150
74.427374 75.114
74.966705 75.078
75.509945 75.041
76.057121 75.003
76.608262 74.965
77.163398 74.926
77.722555 74.887
78.285765 74.848
78.853056 74.808
79.424458 74.768
80.000000 74.729
80.579713 74.689
81.163627 74.648
81.751772 74.608
82.344179 74.567
82.940879 74.525
83.541903 74.483
84.147282 74.440
84.757048 74.397
85.371232 74.353
85.989867 74.308
86.612985 74.261
87.240619 74.214
87.872800 74.166
88.509563 74.117
89.150939 74.067
89.796964 74.018
90.447670 73.967
91.103091 73.917
91.763261 73.865
92.428216 73.814
93.097989 73.762
93.772615 73.711
94.452130 73.659
95.136569 73.607
95.825968 73.555
96.520362 73.503
97.219789 73.451
97.924283 73.399
98.633883 73.346
99.348625 73.293
100.068546 73.240
100.793684 73.187
101.524077 73.133
102.259762 73.079
103.000778 73.024
103.747164 72.969
104.498959 72.914
105.256202 72.858
106.018931 72.803
106.787188 72.748
107.561012 72.692
108.340444 72.637
109.125523 72.582
109.916292 72.527
110.712791 72.473
111.515061 72.419
112.323145 72.365
113.137085 72.312
113.956923 72.259
114.782702 72.207
115.614465 72.154
116.452255 72.102
117.296116 72.050
118.146092 71.999
119.002227 71.948
119.864566 71.897
120.733154 71.847
121.608036 71.796
122.489258 71.746
123.376866 71.696
124.270906 71.647
125.171424 71.598
126.078468 71.550
126.992084 71.502
127.912321 71.454
128.839227 71.407
129.772849 71.361
130.713236 71.315
131.660438 71.270
132.614504 71.225
133.575483 71.181
134.543426 71.138
135.518384 71.095
136.500406 71.053
137.489544 71.012
138.485850 70.971
139.489375 70.931
140.500173 70.892
141.518295 70.854
142.543795 70.817
143.576726 70.781
144.617142 70.746
145.665098 70.713
146.720647 70.680
147.783845 70.647
148.854748 70.616
149.933411 70.585
151.019890 70.555
152.114242 70.526
153.216525 70.497
154.326795 70.469
155.445111 70.441
156.571530 70.414
157.706112 70.387
158.848915 70.361
160.000000 70.335
161.159426 70.310
162.327254 70.286
163.503544 70.262
164.688358 70.238
165.881758 70.216
167.083805 70.194
168.294563 70.173
169.514095 70.152
170.742464 70.133
171.979734 70.115
173.225970 70.097
174.481237 70.079
175.745600 70.062
177.019125 70.045
178.301879 70.029
179.593928 70.013
180.895339 69.997
182.206182 69.982
183.526523 69.966
184.856431 69.950
186.195977 69.934
187.545230 69.918
188.904260 69.902
190.273138 69.887
191.651936 69.871
193.040725 69.856
194.439578 69.842
195.848567 69.828
197.267766 69.814
198.697250 69.801
200.137092 69.789
201.587368 69.777
203.048153 69.767
204.519524 69.756
206.001557 69.747
207.494329 69.738
208.997918 69.729
210.512403 69.721
212.037863 69.714
213.574377 69.707
215.122025 69.701
216.680888 69.696
218.251047 69.692
219.832584 69.689
221.425581 69.687
223.030122 69.685
224.646290 69.683
226.274170 69.682
227.913846 69.680
229.565404 69.679
231.228929 69.677
232.904509 69.675
234.592231 69.672
236.292183 69.667
238.004454 69.661
239.729132 69.653
241.466308 69.645
243.216073 69.636
244.978517 69.626
246.753732 69.617
248.541811 69.607
250.342848 69.597
252.156935 69.588
253.984168 69.579
255.824642 69.571
257.678453 69.564
259.545697 69.558
261.426473 69.554
263.320877 69.550
265.229008 69.547
267.150967 69.544
269.086853 69.541
271.036767 69.538
273.000811 69.536
274.979088 69.534
276.971700 69.532
278.978751 69.530
281.000346 69.527
283.036590 69.523
285.087590 69.520
287.153452 69.516
289.234284 69.512
291.330195 69.509
293.441294 69.506
295.567690 69.503
297.709496 69.501
299.866821 69.499
302.039780 69.497
304.228485 69.497
306.433050 69.498
308.653590 69.500
310.890221 69.503
313.143060 69.507
315.412224 69.510
317.697831 69.513
320.000000 69.517
322.318852 69.520
324.654507 69.523
327.007088 69.525
329.376716 69.526
331.763515 69.526
334.167610 69.523
336.589127 69.520
339.028190 69.516
341.484928 69.511
343.959469 69.506
346.451941 69.502
348.962474 69.497
351.491200 69.492
354.038251 69.488
356.603758 69.485
359.187855 69.484
361.790679 69.485
364.412363 69.487
367.053045 69.492
369.712863 69.497
372.391955 69.502
375.090460 69.508
377.808521 69.514
380.546277 69.520
383.303872 69.526
386.081450 69.531
388.879155 69.535
391.697134 69.538
394.535533 69.540
397.394500 69.540
400.274184 69.538
403.174736 69.537
406.096306 69.534
409.039048 69.531
412.003113 69.526
414.988657 69.522
417.995836 69.516
421.024807 69.510
424.075726 69.503
427.148753 69.495
430.244049 69.486
433.361775 69.475
436.502093 69.464
439.665167 69.453
442.851162 69.442
446.060244 69.431
449.292581 69.420
452.548340 69.410
455.827692 69.400
459.130807 69.390
462.457858 69.383
465.809019 69.378
469.184463 69.374
472.584367 69.372
476.008908 69.372
479.458265 69.371
482.932617 69.371
486.432146 69.372
489.957033 69.373
493.507464 69.374
497.083623 69.375
500.685695 69.376
504.313870 69.376
507.968337 69.375
511.649285 69.373
515.356906 69.370
519.091395 69.368
522.852945 69.365
526.641753 69.362
530.458016 69.360
534.301934 69.357
538.173706 69.354
542.073534 69.351
546.001623 69.349
549.958175 69.347
553.943399 69.346
557.957501 69.345
562.000691 69.344
566.073180 69.344
570.175180 69.343
574.306904 69.343
578.468569 69.343
582.660390 69.343
586.882588 69.343
591.135381 69.343
595.418991 69.344
599.733643 69.345
604.079560 69.346
608.456970 69.348
612.866100 69.350
617.307180 69.351
621.780442 69.352
626.286120 69.353
630.824447 69.353
635.395661 69.352
640.000000 69.351
644.637704 69.348
649.309014 69.343
654.014175 69.336
658.753431 69.327
663.527030 69.316
668.335221 69.305
673.178253 69.293
678.056380 69.281
682.969856 69.269
687.918938 69.257
692.903882 69.246
697.924949 69.235
702.982401 69.227
708.076501 69.221
713.207515 69.218
718.375711 69.216
723.581357 69.217
728.824726 69.218
734.106091 69.219
739.425726 69.221
744.783910 69.224
750.180921 69.227
755.617041 69.230
761.092554 69.233
766.607744 69.235
772.162900 69.237
777.758310 69.238
783.394268 69.238
789.071066 69.238
794.789000 69.237
800.548368 69.236
806.349472 69.235
812.192613 69.233
818.078095 69.230
824.006226 69.226
829.977315 69.222
835.991673 69.215
842.049613 69.207
848.151452 69.197
854.297507 69.186
860.488099 69.175
866.723550 69.163
873.004186 69.151
879.330334 69.139
885.702324 69.128
892.120489 69.117
898.585161 69.106
905.096680 69.098
911.655384 69.091
918.261614 69.087
924.915716 69.085
931.618037 69.084
938.368925 69.084
945.168733 69.084
952.017816 69.085
958.916529 69.085
965.865234 69.086
972.864291 69.087
979.914067 69.088
987.014928 69.087
994.167245 69.085
1001.371391 69.082
1008.627741 69.077
1015.936673 69.072
1023.298569 69.067
1030.713812 69.061
1038.182790 69.056
1045.705890 69.050
1053.283506 69.043
1060.916032 69.037
1068.603867 69.031
1076.347412 69.025
1084.147069 69.018
1092.003245 69.013
1099.916351 69.007
1107.886798 69.001
1115.915003 68.996
1124.001383 68.990
1132.146360 68.985
1140.350359 68.980
1148.613808 68.975
1156.937137 68.971
1165.320781 68.967
1173.765175 68.964
1182.270762 68.962
1190.837983 68.961
1199.467286 68.961
1208.159120 68.960
1216.913939 68.959
1225.732199 68.958
1234.614360 68.957
1243.560885 68.956
1252.572239 68.954
1261.648894 68.951
1270.791322 68.947
1280.000000 68.941
1289.275408 68.933
1298.618029 68.924
1308.028350 68.914
1317.506863 68.903
1327.054061 68.893
1336.670442 68.882
1346.356507 68.871
1356.112761 68.861
1365.939713 68.850
1375.837875 68.841
1385.807763 68.834
1395.849898 68.828
1405.964802 68.824
1416.153002 68.822
1426.415031 68.820
1436.751422 68.818
1447.162715 68.816
1457.649452 68.814
1468.212181 68.813
1478.851452 68.811
1489.567819 68.808
1500.361842 68.804
1511.234082 68.799
1522.185107 68.791
1533.215488 68.782
1544.325799 68.773
1555.516621 68.763
1566.788535 68.752
1578.142131 68.742
1589.577999 68.732
1601.096737 68.721
1612.698944 68.712
1624.385225 68.702
1636.156190 68.695
1648.012452 68.689
1659.954630 68.685
1671.983345 68.683
1684.099226 68.681
1696.302903 68.680
1708.595013 68.678
1720.976197 68.677
1733.447100 68.676
1746.008372 68.675
1758.660669 68.674
1771.404649 68.672
1784.240977 68.668
1797.170323 68.663
1810.193360 68.657
1823.310767 68.650
1836.523229 68.643
1849.831433 68.635
1863.236074 68.627
1876.737851 68.620
1890.337467 68.612
1904.035631 68.604
1917.833058 68.596
1931.730467 68.589
1945.728583 68.583
1959.828134 68.578
1974.029857 68.574
1988.334491 68.571
2002.742782 68.567
2017.255482 68.564
2031.873347 68.561
2046.597138 68.558
2061.427625 68.555
2076.365579 68.552
2091.411780 68.549
2106.567012 68.546
2121.832065 68.542
2137.207735 68.538
2152.694823 68.533
2168.294137 68.528
2184.006490 68.523
2199.832702 68.518
2215.773596 68.512
2231.830005 68.507
2248.002765 68.502
2264.292720 68.496
2280.700718 68.490
2297.227616 68.485
2313.874274 68.479
2330.641561 68.473
2347.530351 68.467
2364.541523 68.461
2381.675966 68.456
2398.934572 68.450
2416.318240 68.444
2433.827878 68.439
2451.464399 68.434
2469.228720 68.428
2487.121769 68.424
2505.144479 68.420
2523.297789 68.417
2541.582644 68.414
2560.000000 68.412
2578.550815 68.410
2597.236057 68.407
2616.056701 68.405
2635.013726 68.402
2654.108121 68.399
2673.340883 68.396
2692.713013 68.391
2712.225522 68.385
2731.879426 68.378
2751.675750 68.370
2771.615527 68.360
2791.699796 68.349
2811.929603 68.338
2832.306004 68.327
2852.830061 68.316
2873.502844 68.305
2894.325430 68.294
2915.298905 68.284
2936.424363 68.275
2957.702904 68.268
2979.135638 68.262
3000.723683 68.258
3022.468164 68.255
3044.370214 68.253
3066.430976 68.251
3088.651599 68.250
3111.033242 68.248
3133.577071 68.246
3156.284262 68.244
3179.155999 68.242
3202.193474 68.238
3225.397888 68.233
3248.770450 68.225
3272.312380 68.217
3296.024905 68.207
3319.909260 68.197
3343.966691 68.187
3368.198452 68.177
3392.605806 68.167
3417.190027 68.158
3441.952394 68.148
3466.894200 68.139
3492.016745 68.133
3517.321337 68.128
3542.809298 68.125
3568.481954 68.123
3594.340646 68.123
3620.386720 68.122
3646.621534 68.122
3673.046457 68.121
3699.662866 68.121
3726.472148 68.120
3753.475701 68.119
3780.674934 68.116
3808.071263 68.112
3835.666117 68.106
3863.460935 68.098
3891.457165 68.088
3919.656268 68.078
3948.059713 68.068
3976.668981 68.057
4005.485564 68.047
4034.510963 68.037
4063.746693 68.027
4093.194277 68.017
4122.855250 68.010
4152.731158 68.005
4182.823560 68.002
4213.134024 68.000
4243.664130 68.000
4274.415470 68.001
4305.389646 68.001
4336.588274 68.002
4368.012981 68.003
4399.665403 68.003
4431.547192 68.003
4463.660010 68.002
4496.005531 68.000
4528.585440 67.995
4561.401437 67.988
4594.455232 67.979
4627.748549 67.969
4661.283122 67.959
4695.060701 67.949
4729.083046 67.938
4763.351932 67.928
4797.869143 67.917
4832.636481 67.907
4867.655757 67.899
4902.928797 67.892
4938.457440 67.887
4974.243539 67.884
5010.288958 67.883
5046.595577 67.882
5083.165289 67.881
5120.000000 67.880
5157.101631 67.879
5194.472115 67.879
5232.113401 67.878
5270.027452 67.876
5308.216243 67.873
5346.681766 67.868
5385.426026 67.861
5424.451043 67.852
5463.758851 67.842
5503.351500 67.832
5543.231054 67.822
5583.399591 67.811
5623.859206 67.800
5664.612008 67.790
5705.660122 67.779
5747.005687 67.769
5788.650860 67.760
5830.597810 67.753
5872.848725 67.747
5915.405808 67.742
5958.271277 67.737
6001.447367 67.733
6044.936328 67.730
6088.740429 67.726
6132.861952 67.723
6177.303198 67.719
6222.066483 67.716
6267.154142 67.713
6312.568524 67.709
6358.311998 67.704
6404.386948 67.699
6450.795775 67.694
6497.540901 67.688
6544.624761 67.683
6592.049809 67.677
6639.818520 67.672
6687.933382 67.666
6736.396904 67.660
6785.211613 67.655
6834.380053 67.649
6883.904789 67.643
6933.788400 67.638
6984.033489 67.632
7034.642675 67.627
7085.618596 67.621
7136.963909 67.616
7188.681291 67.611
7240.773439 67.606
7293.243069 67.600
7346.092914 67.595
7399.325732 67.591
7452.944296 67.586
7506.951403 67.582
7561.349867 67.579
7616.142525 67.575
7671.332234 67.572
7726.921869 67.568
7782.914330 67.565
7839.312536 67.562
7896.119426 67.558
7953.337962 67.555
8010.971128 67.551
8069.021927 67.546
8127.493386 67.541
8186.388553 67.535
8245.710500 67.528
8305.462317 67.520
8365.647121 67.513
8426.268048 67.505
8487.328260 67.497
8548.830939 67.490
8610.779292 67.482
8673.176549 67.476
8736.025961 67.469
8799.330806 67.464
8863.094385 67.460
8927.320020 67.458
8992.011061 67.457
9057.170880 67.457
9122.802874 67.457
9188.910464 67.457
9255.497097 67.458
9322.566244 67.458
9390.121402 67.459
9458.166093 67.459
9526.703863 67.459
9595.738287 67.458
9665.272962 67.455
9735.311514 67.452
9805.857594 67.447
9876.914881 67.442
9948.487077 67.437
10020.577916 67.432
10093.191154 67.426
10166.330578 67.420
10240.000000 67.414
10314.203261 67.407
10388.944230 67.401
10464.226802 67.394
10540.054903 67.388
10616.432486 67.381
10693.363532 67.375
10770.852052 67.369
10848.902086 67.363
10927.517703 67.357
11006.703001 67.351
11086.462108 67.346
11166.799182 67.341
11247.718413 67.337
11329.224017 67.333
11411.320244 67.330
11494.011375 67.328
11577.301719 67.327
11661.195620 67.327
11745.697450 67.327
11830.811616 67.327
11916.542554 67.328
12002.894734 67.329
12089.872657 67.330
12177.480858 67.331
12265.723904 67.332
12354.606395 67.333
12444.132966 67.335
12534.308283 67.337
12625.137048 67.339
12716.623996 67.340
12808.773895 67.342
12901.591551 67.343
12995.081802 67.343
13089.249521 67.343
13184.099619 67.342
13279.637040 67.339
13375.866764 67.335
13472.793808 67.329
13570.423226 67.320
13668.760107 67.309
13767.809577 67.297
13867.576801 67.283
13968.066979 67.269
14069.285350 67.255
14171.237191 67.240
14273.927818 67.226
14377.362583 67.212
14481.546879 67.199
14586.486137 67.188
14692.185828 67.179
14798.651463 67.173
14905.888592 67.169
15013.902806 67.166
15122.699734 67.164
15232.285051 67.163
15342.664467 67.162
15453.843739 67.162
15565.828661 67.162
15678.625072 67.163
15792.238852 67.164
15906.675925 67.165
16021.942256 67.166
16138.043854 67.166
16254.986772 67.166
16372.777107 67.166
16491.420999 67.166
16610.924634 67.166
16731.294241 67.166
16852.536096 67.166
16974.656520 67.166
17097.661878 67.166
17221.558584 67.165
17346.353097 67.162
17472.051922 67.155
17598.661613 67.147
17726.188769 67.137
17854.640040 67.125
17984.022122 67.113
18114.341760 67.100
18245.605748 67.087
18377.820928 67.073
18510.994194 67.058
18645.132489 67.044
18780.242805 67.031
18916.332186 67.023
19053.407727 67.020
19191.476573 67.018
19330.545924 67.018
19470.623028 67.018
19611.715189 67.018
19753.829761 67.018
19896.974155 67.018
20041.155832 67.018
20186.382308 67.018
20332.661156 67.018
20480.000000 67.018
20628.406522 67.018
20777.888460 67.018
20928.453604 67.018
21080.109806 67.018
21232.864972 67.018
21386.727064 67.018
21541.704105 67.018
21697.804172 67.018
21855.035406 67.018
22013.406002 67.018
22172.924216 67.018
22333.598365 67.018
22495.436825 67.018
22658.448034 67.018
22822.640488 67.018
22988.022749 67.018
23154.603438 67.018
23322.391240 67.018
23491.394901 67.018
23661.623232 67.018
23833.085108 67.018
24005.789467 67.018
