* Measurement data measured by REW V5.40 beta 73
* Source: Trace Arithmetic result A / B
* Format: Trace Arithmetic result A / B
* Dated: Mar 11, 2025 7:31:33 AM
* REW Settings:
*  C-weighting compensation: Off
*  Target level: 75.0 dB
* Note: ; Trace Arithmetic A over B A = Target RMS + phase average B = R1-MP Maximum gain 0.0 dB Lower frequency limit 20 Hz Upper frequency limit 224 Hz
* Measurement: Target RMS + phavg over R1-m
* Smoothing: 1/48 octave
* Frequency Step: 96 ppo
* Start Frequency: 0.36621094 Hz
*
* Freq(Hz) SPL(dB) Phase(degrees)
0.366211 0.010 -0.0000
0.368865 0.010 -0.0000
0.371538 0.010 -0.0000
0.374230 0.010 -0.0000
0.376942 0.010 -0.0000
0.379673 0.010 -0.0000
0.382424 0.010 -0.0000
0.385196 0.010 -0.0000
0.387987 0.010 -0.0000
0.390798 0.010 -0.0000
0.393630 0.010 -0.0000
0.396483 0.010 -0.0000
0.399356 0.010 -0.0000
0.402250 0.010 -0.0000
0.405165 0.010 -0.0000
0.408101 0.010 -0.0000
0.411058 0.010 -0.0000
0.414037 0.010 -0.0000
0.417037 0.010 -0.0000
0.420059 0.010 -0.0000
0.423103 0.010 -0.0000
0.426169 0.010 -0.0000
0.429257 0.010 -0.0000
0.432368 0.010 -0.0000
0.435501 0.010 -0.0000
0.438656 0.010 0.0000
0.441835 0.010 0.0000
0.445037 0.010 0.0000
0.448262 0.010 0.0000
0.451510 0.010 0.0000
0.454782 0.010 0.0000
0.458077 0.010 0.0000
0.461397 0.010 0.0000
0.464740 0.010 0.0000
0.468108 0.010 0.0000
0.471500 0.010 0.0000
0.474917 0.010 0.0000
0.478358 0.010 0.0000
0.481825 0.010 0.0000
0.485316 0.010 0.0000
0.488833 0.010 0.0000
0.492375 0.010 0.0000
0.495943 0.010 0.0000
0.499537 0.010 0.0000
0.503157 0.010 0.0000
0.506803 0.010 0.0000
0.510475 0.010 0.0000
0.514175 0.010 0.0000
0.517900 0.010 0.0000
0.521653 0.010 0.0000
0.525434 0.010 0.0000
0.529241 0.010 0.0000
0.533076 0.010 0.0000
0.536939 0.010 0.0000
0.540830 0.010 0.0000
0.544749 0.010 0.0000
0.548696 0.010 0.0000
0.552673 0.010 0.0000
0.556677 0.010 0.0000
0.560711 0.010 0.0000
0.564774 0.010 0.0000
0.568867 0.010 0.0000
0.572989 0.010 0.0000
0.577141 0.010 0.0000
0.581324 0.010 0.0000
0.585536 0.010 0.0000
0.589779 0.010 0.0000
0.594053 0.010 0.0000
0.598358 0.010 0.0000
0.602694 0.010 0.0000
0.607061 0.010 0.0000
0.611460 0.010 0.0000
0.615891 0.010 0.0000
0.620354 0.010 0.0000
0.624849 0.010 0.0000
0.629377 0.010 0.0000
0.633938 0.010 0.0000
0.638532 0.010 0.0000
0.643159 0.010 0.0000
0.647819 0.010 0.0000
0.652514 0.010 0.0000
0.657242 0.010 0.0000
0.662005 0.010 0.0000
0.666802 0.010 0.0000
0.671634 0.010 0.0000
0.676501 0.010 0.0000
0.681403 0.010 0.0000
0.686341 0.010 0.0000
0.691314 0.010 0.0000
0.696324 0.010 0.0000
0.701370 0.010 0.0000
0.706452 0.010 0.0000
0.711571 0.010 0.0000
0.716728 0.010 0.0000
0.721921 0.010 0.0000
0.727153 0.010 0.0000
0.732422 0.010 0.0000
0.737729 0.010 0.0000
0.743075 0.010 0.0000
0.748460 0.010 0.0000
0.753883 0.010 0.0000
0.759346 0.010 0.0000
0.764849 0.010 0.0000
0.770391 0.010 0.0000
0.775974 0.010 0.0000
0.781597 0.010 0.0000
0.787261 0.010 0.0000
0.792966 0.010 0.0000
0.798712 0.010 0.0000
0.804500 0.010 0.0000
0.810329 0.010 0.0000
0.816201 0.010 0.0000
0.822116 0.010 0.0000
0.828073 0.010 0.0000
0.834074 0.010 0.0000
0.840118 0.010 0.0000
0.846206 0.010 0.0000
0.852338 0.010 0.0000
0.858514 0.010 0.0000
0.864735 0.010 0.0000
0.871001 0.010 0.0000
0.877313 0.010 0.0000
0.883670 0.010 0.0000
0.890074 0.010 0.0000
0.896524 0.010 0.0000
0.903020 0.010 0.0000
0.909564 0.010 0.0000
0.916155 0.010 0.0000
0.922794 0.010 0.0000
0.929481 0.010 0.0000
0.936216 0.010 0.0000
0.943000 0.010 -0.0000
0.949834 0.010 -0.0000
0.956717 0.010 -0.0000
0.963649 0.010 -0.0000
0.970632 0.010 -0.0000
0.977666 0.010 -0.0000
0.984750 0.010 -0.0000
0.991886 0.010 -0.0000
0.999074 0.010 -0.0000
1.006314 0.010 -0.0000
1.013606 0.010 -0.0000
1.020951 0.010 -0.0000
1.028349 0.010 -0.0000
1.035801 0.010 -0.0000
1.043307 0.010 -0.0000
1.050867 0.010 -0.0000
1.058482 0.010 -0.0000
1.066152 0.010 -0.0000
1.073878 0.010 -0.0000
1.081660 0.010 -0.0000
1.089498 0.010 -0.0000
1.097393 0.010 -0.0000
1.105345 0.010 -0.0000
1.113355 0.010 -0.0000
1.121423 0.010 -0.0000
1.129549 0.010 -0.0000
1.137734 0.010 -0.0000
1.145979 0.010 -0.0000
1.154283 0.010 -0.0000
1.162647 0.010 -0.0000
1.171072 0.010 -0.0000
1.179558 0.010 -0.0000
1.188106 0.010 -0.0000
1.196715 0.010 -0.0000
1.205387 0.010 -0.0000
1.214122 0.010 -0.0000
1.222920 0.010 -0.0000
1.231782 0.010 -0.0000
1.240708 0.010 -0.0000
1.249699 0.010 -0.0000
1.258754 0.010 -0.0000
1.267876 0.010 -0.0000
1.277063 0.010 -0.0000
1.286318 0.010 -0.0000
1.295639 0.010 -0.0000
1.305027 0.010 -0.0000
1.314484 0.010 -0.0000
1.324009 0.010 -0.0000
1.333604 0.010 0.0000
1.343268 0.010 0.0000
1.353002 0.010 0.0000
1.362806 0.010 0.0000
1.372681 0.010 0.0000
1.382628 0.010 0.0000
1.392647 0.010 0.0000
1.402739 0.010 0.0000
1.412904 0.010 0.0000
1.423142 0.010 0.0000
1.433455 0.010 0.0000
1.443843 0.010 0.0000
1.454305 0.010 0.0000
1.464844 0.010 0.0000
1.475459 0.010 0.0000
1.486150 0.010 0.0000
1.496920 0.010 0.0000
1.507767 0.010 0.0000
1.518693 0.010 0.0000
1.529698 0.010 0.0000
1.540783 0.010 0.0000
1.551948 0.010 0.0000
1.563194 0.010 0.0000
1.574521 0.010 0.0000
1.585931 0.010 0.0000
1.597423 0.010 0.0000
1.608999 0.010 -0.0000
1.620658 0.010 -0.0000
1.632402 0.010 -0.0000
1.644232 0.010 -0.0000
1.656146 0.010 -0.0000
1.668147 0.010 -0.0000
1.680235 0.010 -0.0000
1.692411 0.010 -0.0000
1.704675 0.010 -0.0000
1.717028 0.010 -0.0000
1.729470 0.010 -0.0000
1.742003 0.010 -0.0000
1.754626 0.010 -0.0000
1.767341 0.010 -0.0000
1.780147 0.010 -0.0000
1.793047 0.010 -0.0000
1.806040 0.010 -0.0000
1.819128 0.010 -0.0000
1.832310 0.010 -0.0000
1.845587 0.010 -0.0000
1.858961 0.010 -0.0000
1.872432 0.010 -0.0000
1.886001 0.010 -0.0000
1.899667 0.010 -0.0000
1.913433 0.010 -0.0000
1.927299 0.010 -0.0000
1.941265 0.010 -0.0000
1.955332 0.010 -0.0000
1.969501 0.010 -0.0000
1.983773 0.010 -0.0000
1.998148 0.010 -0.0000
2.012627 0.010 -0.0000
2.027212 0.010 -0.0000
2.041902 0.010 -0.0000
2.056698 0.010 -0.0000
2.071602 0.010 -0.0000
2.086614 0.010 -0.0000
2.101734 0.010 -0.0000
2.116964 0.010 -0.0000
2.132304 0.010 -0.0000
2.147756 0.010 -0.0000
2.163320 0.010 0.0000
2.178996 0.010 0.0000
2.194786 0.010 0.0000
2.210690 0.010 0.0000
2.226710 0.010 0.0000
2.242845 0.010 0.0000
2.259098 0.010 0.0000
2.275468 0.010 -0.0000
2.291957 0.010 -0.0000
2.308566 0.010 -0.0000
2.325295 0.010 -0.0000
2.342145 0.010 -0.0000
2.359117 0.010 -0.0000
2.376212 0.010 -0.0000
2.393431 0.010 -0.0000
2.410775 0.010 -0.0000
2.428244 0.010 -0.0000
2.445840 0.010 -0.0000
2.463564 0.010 -0.0000
2.481416 0.010 -0.0000
2.499397 0.010 -0.0000
2.517509 0.010 -0.0000
2.535752 0.010 -0.0000
2.554127 0.010 -0.0000
2.572635 0.010 -0.0000
2.591277 0.010 -0.0000
2.610055 0.010 -0.0000
2.628968 0.010 -0.0000
2.648019 0.010 -0.0000
2.667208 0.010 -0.0000
2.686535 0.010 -0.0000
2.706003 0.010 -0.0000
2.725612 0.010 -0.0000
2.745363 0.010 -0.0000
2.765257 0.010 -0.0000
2.785295 0.010 -0.0000
2.805478 0.010 -0.0000
2.825808 0.010 -0.0000
2.846285 0.010 -0.0000
2.866910 0.010 -0.0000
2.887685 0.010 -0.0000
2.908611 0.010 -0.0000
2.929688 0.010 -0.0000
2.950917 0.010 -0.0000
2.972301 0.010 0.0000
2.993839 0.010 0.0000
3.015534 0.010 0.0000
3.037386 0.010 0.0000
3.059396 0.010 0.0000
3.081565 0.010 0.0000
3.103896 0.010 0.0000
3.126388 0.010 0.0000
3.149043 0.010 0.0000
3.171862 0.010 0.0000
3.194847 0.010 0.0000
3.217998 0.010 0.0000
3.241317 0.010 0.0000
3.264805 0.010 0.0000
3.288463 0.010 0.0000
3.312293 0.010 0.0000
3.336295 0.010 0.0000
3.360471 0.010 0.0000
3.384822 0.010 0.0000
3.409350 0.010 0.0000
3.434056 0.010 0.0000
3.458940 0.010 0.0000
3.484005 0.010 0.0000
3.509252 0.010 0.0000
3.534681 0.010 -0.0000
3.560295 0.010 -0.0000
3.586094 0.010 -0.0000
3.612081 0.010 -0.0000
3.638255 0.010 -0.0000
3.664620 0.010 -0.0000
3.691175 0.010 -0.0000
3.717923 0.010 -0.0000
3.744864 0.010 0.0000
3.772001 0.010 0.0000
3.799335 0.010 0.0000
3.826866 0.010 0.0000
3.854597 0.010 0.0000
3.882529 0.010 0.0000
3.910664 0.010 0.0000
3.939002 0.010 0.0000
3.967546 0.010 0.0000
3.996296 0.010 0.0000
4.025255 0.010 0.0000
4.054423 0.010 0.0000
4.083804 0.010 0.0000
4.113396 0.010 0.0000
4.143204 0.010 0.0000
4.173227 0.010 0.0000
4.203468 0.010 0.0000
4.233928 0.010 0.0000
4.264609 0.010 0.0000
4.295512 0.010 0.0000
4.326639 0.010 0.0000
4.357992 0.010 0.0000
4.389572 0.010 0.0000
4.421380 0.010 0.0000
4.453419 0.010 0.0000
4.485691 0.010 0.0000
4.518196 0.010 0.0000
4.550936 0.010 0.0000
4.583914 0.010 0.0000
4.617131 0.010 0.0000
4.650589 0.010 0.0000
4.684289 0.010 0.0000
4.718233 0.010 0.0000
4.752424 0.010 0.0000
4.786862 0.010 0.0000
4.821549 0.010 0.0000
4.856488 0.010 0.0000
4.891680 0.010 0.0000
4.927127 0.010 0.0000
4.962831 0.010 0.0000
4.998794 0.010 0.0000
5.035017 0.010 0.0000
5.071503 0.010 0.0000
5.108253 0.010 -0.0000
5.145270 0.010 -0.0000
5.182555 0.010 -0.0000
5.220110 0.010 -0.0000
5.257937 0.010 -0.0000
5.296038 0.010 -0.0000
5.334415 0.010 -0.0000
5.373071 0.010 -0.0000
5.412006 0.010 -0.0000
5.451224 0.010 -0.0000
5.490725 0.010 -0.0000
5.530514 0.010 -0.0000
5.570590 0.010 -0.0000
5.610957 0.010 -0.0000
5.651616 0.010 -0.0000
5.692570 0.010 0.0000
5.733821 0.010 0.0000
5.775370 0.010 0.0000
5.817221 0.010 0.0000
5.859375 0.010 0.0000
5.901834 0.010 0.0000
5.944602 0.010 0.0000
5.987679 0.010 0.0000
6.031068 0.010 -0.0000
6.074771 0.010 -0.0000
6.118792 0.010 -0.0000
6.163131 0.010 -0.0000
6.207792 0.010 -0.0000
6.252776 0.010 -0.0000
6.298086 0.010 -0.0000
6.343725 0.010 -0.0000
6.389694 0.010 0.0000
6.435996 0.010 0.0000
6.482634 0.010 0.0000
6.529610 0.010 0.0000
6.576926 0.010 0.0000
6.624585 0.010 0.0000
6.672590 0.010 0.0000
6.720942 0.010 0.0000
6.769645 0.010 0.0000
6.818700 0.010 0.0000
6.868111 0.010 -0.0000
6.917881 0.010 -0.0000
6.968010 0.010 -0.0000
7.018504 0.010 -0.0000
7.069362 0.010 -0.0000
7.120590 0.010 -0.0000
7.172189 0.010 -0.0000
7.224161 0.010 0.0000
7.276511 0.010 0.0000
7.329239 0.010 0.0000
7.382350 0.010 0.0000
7.435845 0.010 0.0000
7.489729 0.010 0.0000
7.544002 0.010 -0.0000
7.598669 0.010 -0.0000
7.653732 0.010 -0.0000
7.709194 0.010 -0.0000
7.765058 0.010 -0.0000
7.821327 0.010 -0.0000
7.878004 0.010 -0.0000
7.935091 0.010 -0.0000
7.992592 0.010 -0.0000
8.050510 0.010 -0.0000
8.108847 0.010 -0.0000
8.167607 0.010 -0.0000
8.226793 0.010 0.0000
8.286408 0.010 0.0000
8.346454 0.010 0.0000
8.406936 0.011 0.0000
8.467856 0.010 0.0000
8.529218 0.010 0.0000
8.591024 0.010 -0.0000
8.653278 0.010 -0.0000
8.715983 0.010 -0.0000
8.779143 0.010 -0.0000
8.842760 0.010 -0.0000
8.906839 0.010 -0.0000
8.971381 0.010 0.0000
9.036392 0.010 0.0001
9.101873 0.011 0.0001
9.167829 0.011 0.0001
9.234263 0.010 0.0001
9.301178 0.010 -0.0000
9.368578 0.010 -0.0001
9.436467 0.010 -0.0001
9.504847 0.010 -0.0001
9.573723 0.010 -0.0001
9.643099 0.010 -0.0000
9.712976 0.010 0.0000
9.783361 0.010 0.0001
9.854255 0.011 0.0002
9.925663 0.011 0.0002
9.997588 0.010 0.0001
10.070035 0.010 -0.0000
10.143007 0.010 -0.0001
10.216507 0.010 -0.0002
10.290540 0.010 -0.0002
10.365109 0.010 -0.0001
10.440219 0.010 -0.0000
10.515873 0.010 0.0001
10.592076 0.011 0.0001
10.668830 0.011 0.0002
10.746141 0.010 0.0002
10.824012 0.010 0.0002
10.902447 0.010 0.0001
10.981451 0.010 0.0001
11.061027 0.010 -0.0001
11.141180 0.010 -0.0003
11.221913 0.010 -0.0006
11.303232 0.011 -0.0007
11.385140 0.011 -0.0005
11.467641 0.010 0.0001
11.550741 0.010 0.0010
11.634442 0.010 0.0016
11.718750 0.010 0.0017
11.803669 0.010 0.0008
11.889203 0.010 -0.0009
11.975357 0.010 -0.0026
12.062136 0.011 -0.0034
12.149543 0.011 -0.0025
12.237583 0.010 -0.0000
12.326262 0.010 0.0029
12.415583 0.010 0.0048
12.505552 0.010 0.0046
12.596172 0.010 0.0028
12.687449 0.010 0.0002
12.779387 0.011 -0.0025
12.871992 0.011 -0.0055
12.965268 0.010 -0.0109
13.059220 0.010 -0.0151
13.153852 0.010 -0.0137
13.249170 0.010 0.0027
13.345179 0.010 0.0386
13.441884 0.010 0.0701
13.539289 0.011 0.0706
13.637401 0.011 0.0466
13.736223 0.010 0.0102
13.835761 0.010 -0.0862
13.936021 0.010 -0.2907
14.037007 0.010 -0.5884
14.138725 0.010 -0.9793
14.241180 0.011 -1.4911
14.344377 0.011 -2.1498
14.448323 0.010 -2.9524
14.553021 0.010 -3.8815
14.658478 0.010 -4.9209
14.764700 0.010 -6.1173
14.871691 0.010 -7.4402
14.979457 0.011 -8.7887
15.088005 0.011 -10.1097
15.197339 0.010 -11.4667
15.307465 0.010 -12.7769
15.418389 0.010 -13.9470
15.530117 0.010 -14.9820
15.642655 0.011 -15.9172
15.756008 0.011 -16.7758
15.870182 0.010 -17.5273
15.985184 0.010 -18.1963
16.101019 0.010 -18.8662
16.217694 0.010 -19.5522
16.335214 0.010 -20.2322
16.453586 0.011 -20.9901
16.572815 0.011 -21.8867
16.692909 0.010 -22.8901
16.813872 0.010 -23.9741
16.935713 0.010 -25.1525
17.058436 0.010 -26.4403
17.182048 0.011 -27.6971
17.306556 0.011 -28.8339
17.431967 0.010 -29.9030
17.558286 0.010 -30.8646
17.685521 0.010 -31.6788
17.813677 0.011 -32.3667
17.942762 0.011 -32.9808
18.072783 0.010 -33.5154
18.203746 0.010 -33.9807
18.335658 0.010 -34.4587
18.468526 0.010 -34.9400
18.602356 0.011 -35.4433
18.737156 0.011 -36.0365
18.872934 0.010 -36.7435
19.009695 0.010 -37.4359
19.147447 0.010 -38.0263
19.286197 0.011 -38.5511
19.425953 0.011 -38.9336
19.566721 0.010 -39.0881
19.708510 0.010 -39.1497
19.851326 0.010 -39.2908
19.995177 0.010 -39.4548
20.140070 0.011 -39.7850
20.286013 0.010 -40.3614
20.433014 0.010 -41.1438
20.581080 0.010 -42.1708
20.730219 0.010 -43.4902
20.880439 0.011 -44.7937
21.031747 0.010 -46.0934
21.184152 0.010 -47.1770
21.337661 0.010 -47.5288
21.492282 0.011 -47.2533
21.648024 0.011 -46.4877
21.804895 0.010 -45.0890
21.962902 0.010 -43.5433
22.122054 0.010 -42.1899
22.282360 0.011 -40.9357
22.443827 0.011 -39.9318
22.606464 0.010 -39.1540
22.770280 0.010 -38.6731
22.935283 0.010 -38.4916
23.101481 0.011 -38.6545
23.268884 0.010 -39.3150
23.437500 0.010 -40.0297
23.607338 0.010 -40.5710
23.778406 0.011 -40.8400
23.950714 0.010 -40.4641
24.124271 0.010 -39.6370
24.299086 0.010 -38.5707
24.475167 0.011 -37.2756
24.652524 0.011 -36.0278
24.831166 0.010 -34.8032
25.011103 0.010 -33.7581
25.192344 0.011 -32.8683
25.374898 0.011 -32.0476
25.558775 0.010 -31.2729
25.743984 0.010 -30.1378
25.930536 0.011 -28.6781
26.118439 0.011 -27.0071
26.307704 0.010 -25.1771
26.498341 0.010 -23.6538
26.690359 0.011 -22.3209
26.883768 0.010 -21.0059
27.078579 0.010 -19.5541
27.274801 0.010 -17.5179
27.472446 0.011 -14.9978
27.671522 0.010 -11.8626
27.872042 0.010 -8.5669
28.074014 0.010 -5.2610
28.277450 0.011 -2.5787
28.482360 0.010 -0.6900
28.688755 0.010 0.5819
28.896645 0.011 1.4075
29.106042 0.010 2.6213
29.316957 0.010 4.0634
29.529400 0.010 5.8236
29.743382 0.010 7.3032
29.958915 0.010 8.3165
30.176009 0.010 8.9294
30.394677 0.011 9.1826
30.614929 0.010 9.2399
30.836778 0.010 8.7943
31.060234 0.011 7.7121
31.285309 0.010 6.0590
31.512015 0.010 4.1325
31.740364 0.010 2.4459
31.970368 0.010 1.1244
32.202039 0.010 0.1577
32.435388 0.010 -0.8586
32.670428 0.010 -1.9358
32.907171 0.010 -3.1068
33.145630 0.010 -4.0473
33.385817 0.011 -4.6925
33.627745 0.010 -4.9600
33.871425 0.010 -4.8557
34.116871 0.011 -4.4210
34.364096 0.010 -3.6949
34.613113 0.010 -2.9127
34.863934 0.010 -2.2418
35.116572 0.010 -1.8513
35.371041 0.010 -2.0413
35.627354 0.010 -2.7362
35.885525 0.010 -3.7363
36.145566 0.010 -4.1727
36.407492 0.010 -3.7962
36.671316 0.010 -3.3195
36.937051 0.010 -4.0860
37.204712 0.010 -8.0283
37.474313 0.010 -14.7675
37.745867 0.011 -23.5407
38.019389 0.010 -32.6923
38.294893 0.010 -41.9719
38.572394 0.010 -51.2936
38.851905 0.010 -59.7518
39.133442 0.010 -65.1143
39.417019 0.010 -65.7053
39.702651 0.010 -62.9110
39.990353 0.010 -58.8399
40.280140 0.010 -56.1019
40.572026 0.010 -56.0919
40.866028 0.010 -57.7805
41.162160 0.010 -59.4192
41.460438 0.010 -59.5929
41.760877 0.010 -57.8108
42.063494 0.010 -55.3435
42.368303 0.010 -53.5167
42.675322 0.010 -52.1673
42.984565 0.010 -51.0623
43.296048 0.010 -50.3718
43.609789 0.010 -50.6568
43.925804 0.010 -51.8518
44.244108 0.010 -53.1624
44.564719 0.010 -54.4434
44.887654 0.010 -55.7044
45.212928 0.010 -56.6290
45.540560 0.010 -57.0377
45.870565 0.010 -57.4500
46.202962 0.010 -58.9607
46.537768 0.010 -61.9950
46.875000 0.010 -64.7966
47.214676 0.010 -63.8366
47.556813 0.010 -57.8056
47.901429 0.010 -50.6800
48.248542 0.010 -47.9848
48.598171 0.010 -50.6656
48.950334 0.010 -55.1701
49.305048 0.010 -57.6207
49.662333 0.010 -56.6977
50.022206 0.010 -53.1963
50.384688 0.010 -48.6151
50.749796 0.010 -43.8389
51.117550 0.010 -38.4771
51.487969 0.010 -31.7903
51.861072 0.010 -24.1252
52.236879 0.010 -16.7973
52.615409 0.010 -10.6342
52.996681 0.010 -5.3775
53.380717 0.010 -0.7883
53.767536 0.010 2.1203
54.157158 0.010 1.6723
54.549603 0.010 -2.6753
54.944892 0.010 -9.4095
55.343045 0.010 -15.9087
55.744084 0.010 -20.6097
56.148028 0.010 -23.9370
56.554900 0.010 -27.0602
56.964720 0.010 -30.6832
57.377510 0.010 -35.1616
57.793291 0.010 -40.7121
58.212085 0.010 -46.6756
58.633914 0.010 -51.7357
59.058799 0.010 -56.2087
59.486764 0.010 -62.3847
59.917829 0.010 -71.2027
60.352019 0.009 -80.4739
60.789354 0.005 -86.9151
61.229859 -0.012 -88.4290
61.673556 -0.064 -84.8764
62.120468 -0.178 -77.6755
62.570618 -0.318 -68.9086
63.024031 -0.368 -60.8919
63.480729 -0.322 -55.0140
63.940736 -0.247 -51.0337
64.404077 -0.189 -48.0304
64.870776 -0.157 -45.3687
65.340856 -0.127 -42.7459
65.814343 -0.095 -40.0468
66.291261 -0.055 -37.6872
66.771635 -0.018 -36.5149
67.255489 0.001 -36.6080
67.742850 0.008 -36.6760
68.233743 0.010 -35.3884
68.728193 0.010 -32.6185
69.226226 0.010 -29.6498
69.727867 0.010 -28.2533
70.233144 0.010 -29.4839
70.742083 0.010 -33.1710
71.254709 0.009 -38.4488
71.771050 0.001 -44.4086
72.291132 -0.032 -50.4500
72.814984 -0.147 -55.6259
73.342631 -0.467 -58.9536
73.874102 -1.124 -60.3626
74.409424 -2.117 -59.9832
74.948626 -3.316 -57.4245
75.491734 -4.537 -52.4732
76.038779 -5.639 -45.5644
76.589787 -6.549 -37.0602
77.144788 -7.186 -26.7224
77.703811 -7.423 -14.8066
78.266885 -7.186 -2.8080
78.834039 -6.539 8.0553
79.405303 -5.571 17.5574
79.980706 -4.366 25.5215
80.560280 -3.047 31.5687
81.144053 -1.802 35.5431
81.732056 -0.845 37.5221
82.324320 -0.302 37.1585
82.920876 -0.080 33.0750
83.521755 -0.011 24.9153
84.126988 0.006 14.6280
84.736607 0.010 5.3719
85.350643 0.010 0.5463
85.969129 0.010 1.1152
86.592097 0.010 2.9794
87.219579 0.010 3.4292
87.851608 0.010 1.4083
88.488217 0.009 -9.5908
89.129439 0.004 -35.8385
89.775308 -0.018 -63.0981
90.425856 -0.104 -73.5143
91.081119 -0.357 -71.2329
91.741131 -0.895 -64.0477
92.405925 -1.648 -55.2186
93.075536 -2.320 -45.6957
93.750000 -2.678 -36.7519
94.429351 -2.684 -29.1262
95.113625 -2.409 -23.0481
95.802858 -1.944 -18.6265
96.497085 -1.375 -15.7791
97.196342 -0.791 -14.9502
97.900667 -0.344 -16.6741
98.610096 -0.129 -20.5741
99.324665 -0.112 -25.5525
100.044413 -0.288 -30.1726
100.769376 -0.717 -33.4199
101.499592 -1.380 -34.4572
102.235100 -2.076 -32.6381
102.975938 -2.560 -29.0852
103.722144 -2.766 -26.0283
104.473757 -2.819 -24.5974
105.230817 -2.881 -24.5345
105.993363 -3.040 -25.1699
106.761435 -3.323 -25.8119
107.535072 -3.696 -25.9016
108.314315 -4.119 -25.9940
109.099206 -4.670 -26.9700
109.889783 -5.497 -27.6739
110.686090 -6.592 -25.2587
111.488167 -7.690 -17.7663
112.296056 -8.398 -6.4629
113.109800 -8.519 4.7295
113.929440 -8.208 13.3545
114.755020 -7.708 19.9970
115.586582 -7.119 25.7860
116.424170 -6.454 30.9235
117.267827 -5.734 35.0610
118.117598 -5.001 38.2085
118.973527 -4.250 41.2097
119.835658 -3.383 45.0157
120.704037 -2.341 49.1265
121.578708 -1.292 50.1761
122.459718 -0.551 44.1398
123.347111 -0.240 30.4623
124.240935 -0.293 16.0025
125.141236 -0.693 8.9619
126.048061 -1.370 10.3893
126.961458 -1.968 17.7478
127.881473 -2.032 26.7553
128.808154 -1.531 32.7159
129.741551 -0.854 33.8482
130.681712 -0.361 30.9769
131.628686 -0.156 26.2331
132.582521 -0.200 21.7539
133.543269 -0.488 19.0095
134.510979 -1.017 18.9298
135.485701 -1.622 22.8284
136.467486 -1.919 31.1049
137.456386 -1.643 39.3216
138.452451 -1.034 43.2342
139.455735 -0.493 44.5273
140.466288 -0.179 45.7868
141.484165 -0.046 46.5659
142.509418 -0.003 44.4032
143.542100 0.008 38.5588
144.582265 0.010 32.6045
145.629968 0.010 30.5253
146.685262 0.010 31.2336
147.748204 0.010 32.5388
148.818849 0.010 34.5426
149.897251 0.010 37.1417
150.983469 0.010 39.9552
152.077557 0.010 44.0199
153.179574 0.010 48.9502
154.289576 0.010 51.8898
155.407622 0.010 51.0645
156.533770 0.010 46.6621
157.668078 0.010 38.6924
158.810606 0.010 29.7383
159.961413 0.010 24.2690
161.120559 0.010 21.5451
162.288105 0.010 18.1706
163.464112 0.010 14.4276
164.648640 0.010 12.2594
165.841752 0.010 12.3040
167.043510 0.010 13.8795
168.253976 0.010 15.8219
169.473213 0.010 18.2544
170.701286 0.010 20.9648
171.938258 0.010 21.5402
173.184194 0.010 17.2943
174.439158 0.010 9.1871
175.703216 0.010 1.6883
176.976434 0.010 -1.3179
178.258878 0.010 0.5402
179.550615 0.010 3.4682
180.851713 0.010 3.9073
182.162239 0.010 2.4378
183.482262 0.010 0.9262
184.811850 0.010 0.5467
186.151073 0.010 1.9355
187.500000 0.010 5.1967
188.858702 0.010 10.8285
190.227250 0.010 18.4616
191.605715 0.010 24.4251
192.994169 0.010 22.9362
194.392685 0.010 14.2375
195.801334 0.010 6.0367
197.220191 0.009 1.3833
198.649330 0.005 -0.1426
200.088825 -0.010 1.1517
201.538751 -0.050 4.4057
202.999184 -0.114 9.6344
204.470200 -0.153 16.3360
205.951875 -0.122 22.8918
207.444287 -0.060 27.7509
208.947514 -0.016 29.8154
210.461634 0.003 28.8297
211.986726 0.009 26.7842
213.522869 0.010 27.4281
215.070144 0.010 32.2967
216.628631 0.010 38.2468
218.198411 0.010 35.9858
219.779567 0.010 17.9173
221.372180 0.010 3.6938
222.976334 0.010 5.6591
224.592112 0.010 11.5677
226.219600 0.010 12.4484
227.858880 0.010 6.8261
229.510039 0.010 -6.4303
231.173164 0.009 -23.7518
232.848340 0.004 -30.9021
234.535655 -0.016 -28.8581
236.235197 -0.072 -23.2834
237.947054 -0.173 -15.6171
239.671317 -0.256 -6.6498
241.408074 -0.230 1.6402
243.157416 -0.128 6.7112
244.919435 -0.045 6.6589
246.694223 -0.006 1.6373
248.481871 0.006 -2.1684
250.282473 0.010 -1.5706
252.096123 0.010 0.4340
253.922915 0.010 1.5747
255.762945 0.010 -0.3473
257.616309 0.010 -5.7273
259.483103 0.010 -9.0416
261.363424 0.010 -8.5791
263.257372 0.010 -7.1107
265.165043 0.010 -5.8259
267.086538 0.010 -4.5498
269.021957 0.010 -2.8497
270.971401 0.010 -1.2178
272.934972 0.010 -0.6378
274.912771 0.010 -1.0964
276.904902 0.010 -1.4291
278.911469 0.010 -1.3371
280.932577 0.010 -1.4655
282.968330 0.010 -1.2973
285.018835 0.010 -0.4613
287.084199 0.010 0.7356
289.164530 0.010 2.0925
291.259935 0.010 3.1979
293.370525 0.010 2.9640
295.496408 0.007 0.0707
297.637697 -0.004 -3.3034
299.794503 -0.029 -3.6321
301.966937 -0.066 -2.1776
304.155114 -0.092 -0.6468
306.359147 -0.083 0.4127
308.579152 -0.048 0.7810
310.815244 -0.015 0.5945
313.067539 0.002 0.2988
315.336156 0.008 0.1235
317.621211 0.010 0.0362
319.922826 0.010 0.0059
322.241118 0.010 0.0006
324.576210 0.010 0.0000
326.928223 0.010 0.0000
329.297280 0.010 0.0000
331.683504 0.010 0.0000
334.087019 0.010 0.0000
336.507952 0.010 0.0000
338.946427 0.010 0.0000
341.402572 0.010 0.0000
343.876516 0.010 -0.0000
346.368387 0.010 -0.0000
348.878315 0.010 -0.0000
351.406431 0.010 -0.0000
353.952867 0.010 -0.0000
356.517756 0.010 0.0000
359.101230 0.010 0.0000
361.703426 0.010 0.0000
364.324478 0.010 -0.0000
366.964523 0.010 -0.0000
369.623699 0.010 0.0000
372.302145 0.010 0.0000
375.000000 0.010 0.0000
377.717405 0.010 -0.0000
380.454501 0.010 -0.0000
383.211431 0.010 -0.0000
385.988339 0.010 -0.0000
388.785369 0.010 -0.0000
391.602668 0.010 -0.0000
394.440383 0.010 0.0000
397.298660 0.010 0.0000
400.177650 0.010 0.0000
403.077502 0.010 0.0000
405.998368 0.010 0.0000
408.940400 0.010 -0.0000
411.903750 0.010 -0.0000
414.888575 0.010 -0.0000
417.895028 0.010 0.0000
420.923268 0.010 0.0000
423.973452 0.010 -0.0000
427.045738 0.010 0.0000
430.140287 0.010 0.0000
433.257261 0.010 0.0000
436.396822 0.010 0.0000
439.559133 0.010 0.0000
442.744360 0.010 0.0000
445.952668 0.010 -0.0000
449.184225 0.010 -0.0000
452.439199 0.010 0.0000
455.717760 0.010 0.0000
459.020079 0.010 0.0000
462.346327 0.010 0.0000
465.696680 0.010 0.0000
469.071310 0.010 0.0000
472.470394 0.010 -0.0000
475.894109 0.010 -0.0000
479.342634 0.010 -0.0000
482.816148 0.010 -0.0000
486.314833 0.010 -0.0000
489.838871 0.010 -0.0000
493.388445 0.010 -0.0000
496.963741 0.010 -0.0000
500.564945 0.010 -0.0000
504.192245 0.010 -0.0000
507.845830 0.010 -0.0000
511.525890 0.010 -0.0000
515.232618 0.010 -0.0000
518.966206 0.010 -0.0000
522.726849 0.010 0.0000
526.514743 0.010 0.0000
530.330086 0.010 -0.0000
534.173076 0.010 -0.0000
538.043915 0.010 -0.0000
541.942803 0.010 -0.0000
545.869944 0.010 -0.0000
549.825542 0.010 -0.0000
553.809805 0.010 -0.0000
557.822939 0.010 0.0000
561.865154 0.010 0.0000
565.936660 0.010 -0.0000
570.037671 0.010 -0.0000
574.168399 0.010 -0.0000
578.329060 0.010 0.0000
582.519870 0.010 0.0000
586.741049 0.010 0.0000
590.992817 0.010 0.0000
595.275394 0.010 -0.0000
599.589005 0.010 -0.0000
603.933874 0.010 -0.0000
608.310228 0.010 -0.0000
612.718295 0.010 -0.0000
617.158304 0.010 0.0000
621.630488 0.010 0.0000
626.135079 0.010 0.0000
630.672311 0.010 0.0000
635.242423 0.010 -0.0000
639.845651 0.010 -0.0000
644.482237 0.010 -0.0000
649.152421 0.010 0.0000
653.856447 0.010 0.0000
658.594560 0.010 -0.0000
663.367008 0.010 0.0000
668.174039 0.010 0.0000
673.015903 0.010 0.0000
677.892854 0.010 0.0000
682.805145 0.010 -0.0000
687.753032 0.010 -0.0000
692.736774 0.010 -0.0000
697.756631 0.010 0.0000
702.812863 0.010 0.0000
707.905735 0.010 0.0000
713.035511 0.010 0.0000
718.202461 0.010 0.0000
723.406852 0.010 -0.0000
728.648956 0.010 -0.0000
733.929047 0.010 0.0000
739.247399 0.010 0.0000
744.604290 0.010 0.0000
750.000000 0.010 -0.0000
755.434809 0.010 -0.0000
760.909001 0.010 -0.0000
766.422861 0.010 -0.0000
771.976677 0.010 0.0000
777.570739 0.010 -0.0000
783.205337 0.010 -0.0000
788.880766 0.010 -0.0000
794.597321 0.010 -0.0000
800.355301 0.010 -0.0000
806.155005 0.010 0.0000
811.996736 0.010 0.0000
817.880799 0.010 0.0000
823.807501 0.010 0.0000
829.777150 0.010 -0.0000
835.790057 0.010 -0.0000
841.846536 0.010 0.0000
847.946903 0.010 0.0000
854.091476 0.010 0.0000
860.280575 0.010 0.0000
866.514523 0.010 -0.0000
872.793644 0.010 -0.0000
879.118267 0.010 -0.0000
885.488720 0.010 0.0000
891.905336 0.010 0.0000
898.368450 0.010 0.0000
904.878398 0.010 0.0000
911.435520 0.010 -0.0000
918.040157 0.010 -0.0000
924.692655 0.010 0.0000
931.393359 0.010 0.0000
938.142619 0.010 -0.0000
944.940787 0.010 -0.0000
951.788218 0.010 0.0000
958.685268 0.010 0.0000
965.632296 0.010 0.0000
972.629666 0.010 -0.0000
979.677741 0.010 -0.0000
986.776890 0.010 -0.0000
993.927482 0.010 -0.0000
1001.129891 0.010 0.0000
1008.384491 0.010 0.0000
1015.691660 0.010 0.0000
1023.051781 0.010 0.0000
1030.465236 0.010 0.0000
1037.932411 0.010 -0.0000
1045.453698 0.010 0.0000
1053.029486 0.010 0.0000
1060.660172 0.010 0.0000
1068.346153 0.010 0.0000
1076.087829 0.010 0.0000
1083.885605 0.010 0.0000
1091.739887 0.010 0.0000
1099.651084 0.010 -0.0000
1107.619609 0.010 -0.0000
1115.645878 0.010 0.0000
1123.730308 0.010 0.0000
1131.873321 0.010 0.0000
1140.075341 0.010 0.0000
1148.336797 0.010 0.0000
1156.658119 0.010 0.0000
1165.039741 0.010 0.0000
1173.482099 0.010 0.0000
1181.985634 0.010 0.0000
1190.550789 0.010 0.0000
1199.178011 0.010 0.0000
1207.867749 0.010 -0.0000
1216.620457 0.010 -0.0000
1225.436590 0.010 -0.0000
1234.316609 0.010 -0.0000
1243.260976 0.010 -0.0000
1252.270157 0.010 -0.0000
1261.344623 0.010 -0.0000
1270.484846 0.010 0.0000
1279.691303 0.010 -0.0000
1288.964474 0.010 -0.0000
1298.304842 0.010 -0.0000
1307.712894 0.010 -0.0000
1317.189120 0.010 -0.0000
1326.734016 0.010 -0.0000
1336.348077 0.010 -0.0000
1346.031806 0.010 -0.0000
1355.785708 0.010 -0.0000
1365.610290 0.010 -0.0000
1375.506065 0.010 0.0000
1385.473549 0.010 0.0000
1395.513261 0.010 0.0000
1405.625726 0.010 0.0000
1415.811469 0.010 0.0000
1426.071023 0.010 0.0000
1436.404921 0.010 0.0000
1446.813703 0.010 0.0000
1457.297912 0.010 0.0000
1467.858093 0.010 0.0000
1478.494798 0.010 0.0000
1489.208581 0.010 0.0000
1500.000000 0.010 -0.0000
1510.869618 0.010 -0.0000
1521.818002 0.010 -0.0000
1532.845723 0.010 -0.0000
1543.953355 0.010 -0.0000
1555.141477 0.010 -0.0000
1566.410674 0.010 -0.0000
1577.761531 0.010 -0.0000
1589.194642 0.010 -0.0000
1600.710601 0.010 0.0000
1612.310010 0.010 -0.0000
1623.993473 0.010 -0.0000
1635.761599 0.010 0.0000
1647.615002 0.010 0.0000
1659.554299 0.010 0.0000
1671.580114 0.010 0.0000
1683.693072 0.010 0.0000
1695.893807 0.010 0.0000
1708.182952 0.010 0.0000
1720.561150 0.010 0.0000
1733.029045 0.010 0.0000
1745.587288 0.010 0.0000
1758.236533 0.010 0.0000
1770.977440 0.010 0.0000
1783.810673 0.010 0.0000
1796.736900 0.010 0.0000
1809.756796 0.010 -0.0000
1822.871040 0.010 -0.0000
1836.080315 0.010 -0.0000
1849.385310 0.010 -0.0000
1862.786718 0.010 -0.0000
1876.285239 0.010 -0.0000
1889.881575 0.010 -0.0000
1903.576436 0.010 -0.0000
1917.370535 0.010 -0.0000
1931.264593 0.010 0.0000
1945.259332 0.010 0.0000
1959.355483 0.010 0.0000
1973.553781 0.010 0.0000
1987.854965 0.010 -0.0000
2002.259781 0.010 -0.0000
2016.768981 0.010 0.0000
2031.383320 0.010 -0.0000
2046.103561 0.010 -0.0000
2060.930471 0.010 -0.0000
2075.864823 0.010 0.0000
2090.907395 0.010 -0.0000
2106.058972 0.010 -0.0000
2121.320344 0.010 0.0000
2136.692305 0.010 0.0000
2152.175658 0.010 0.0000
2167.771210 0.010 -0.0000
2183.479774 0.010 -0.0000
2199.302169 0.010 -0.0000
2215.239219 0.010 -0.0000
2231.291755 0.010 0.0000
2247.460615 0.010 -0.0000
2263.746641 0.010 -0.0000
2280.150683 0.010 -0.0000
2296.673595 0.010 -0.0000
2313.316238 0.010 0.0000
2330.079481 0.010 0.0000
2346.964198 0.010 -0.0000
2363.971268 0.010 -0.0000
2381.101578 0.010 -0.0000
2398.356022 0.010 0.0000
2415.735498 0.010 0.0000
2433.240913 0.010 0.0000
2450.873180 0.010 0.0000
2468.633217 0.010 0.0000
2486.521951 0.010 -0.0000
2504.540314 0.010 0.0000
2522.689246 0.010 0.0000
2540.969692 0.010 -0.0000
2559.382606 0.010 0.0000
2577.928947 0.010 0.0000
2596.609683 0.010 0.0000
2615.425787 0.010 0.0000
2634.378241 0.010 0.0000
2653.468031 0.010 0.0000
2672.696154 0.010 0.0000
2692.063613 0.010 0.0000
2711.571415 0.010 -0.0000
2731.220579 0.010 -0.0000
2751.012130 0.010 -0.0000
2770.947098 0.010 -0.0000
2791.026522 0.010 -0.0000
2811.251451 0.010 -0.0000
2831.622938 0.010 -0.0000
2852.142045 0.010 -0.0000
2872.809842 0.010 -0.0000
2893.627406 0.010 0.0000
2914.595823 0.010 0.0000
2935.716186 0.010 0.0000
2956.989596 0.010 0.0000
2978.417161 0.010 0.0000
3000.000000 0.010 0.0000
3021.739237 0.010 -0.0000
3043.636005 0.010 -0.0000
3065.691446 0.010 0.0000
3087.906710 0.010 0.0000
3110.282955 0.010 0.0000
3132.821347 0.010 0.0000
3155.523062 0.010 0.0000
3178.389283 0.010 0.0000
3201.421202 0.010 0.0000
3224.620020 0.010 0.0000
3247.986946 0.010 0.0000
3271.523198 0.010 0.0000
3295.230004 0.010 0.0000
3319.108599 0.010 0.0000
3343.160228 0.010 0.0000
3367.386145 0.010 -0.0000
3391.787613 0.010 -0.0000
3416.365904 0.010 -0.0000
3441.122300 0.010 -0.0000
3466.058091 0.010 -0.0000
3491.174576 0.010 -0.0000
3516.473066 0.010 -0.0000
3541.954880 0.010 -0.0000
3567.621345 0.010 -0.0000
3593.473800 0.010 -0.0000
3619.513592 0.010 -0.0000
3645.742080 0.010 -0.0000
3672.160630 0.010 -0.0000
3698.770620 0.010 -0.0000
3725.573436 0.010 0.0000
3752.570477 0.010 -0.0000
3779.763150 0.010 -0.0000
3807.152872 0.010 -0.0000
3834.741071 0.010 -0.0000
3862.529185 0.010 -0.0000
3890.518664 0.010 0.0000
3918.710966 0.010 0.0000
3947.107561 0.010 0.0000
3975.709929 0.010 0.0000
4004.519563 0.010 0.0000
4033.537962 0.010 0.0000
4062.766641 0.010 0.0000
4092.207123 0.010 0.0000
4121.860942 0.010 0.0000
4151.729646 0.010 0.0000
4181.814790 0.010 0.0000
4212.117944 0.010 -0.0000
4242.640687 0.010 -0.0000
4273.384610 0.010 -0.0000
4304.351317 0.010 -0.0000
4335.542421 0.010 -0.0000
4366.959549 0.010 -0.0000
4398.604338 0.010 0.0000
4430.478438 0.010 0.0000
4462.583511 0.010 0.0000
4494.921231 0.010 -0.0000
4527.493283 0.010 -0.0000
4560.301365 0.010 -0.0000
4593.347189 0.010 -0.0000
4626.632476 0.010 -0.0000
4660.158962 0.010 0.0000
4693.928395 0.010 0.0000
4727.942535 0.010 0.0000
4762.203156 0.010 0.0000
4796.712043 0.010 -0.0000
4831.470996 0.010 -0.0000
4866.481826 0.010 -0.0000
4901.746360 0.010 -0.0000
4937.266434 0.010 -0.0000
4973.043902 0.010 -0.0000
5009.080628 0.010 -0.0000
5045.378492 0.010 -0.0000
5081.939384 0.010 -0.0000
5118.765212 0.010 0.0000
5155.857894 0.010 0.0000
5193.219366 0.010 0.0000
5230.851574 0.010 -0.0000
5268.756481 0.010 -0.0000
5306.936062 0.010 -0.0000
5345.392309 0.010 0.0000
5384.127225 0.010 0.0000
5423.142830 0.010 0.0000
5462.441159 0.010 0.0000
5502.024259 0.010 0.0000
5541.894195 0.010 0.0000
5582.053045 0.010 0.0000
5622.502902 0.010 -0.0000
5663.245876 0.010 -0.0000
5704.284090 0.010 -0.0000
5745.619684 0.010 -0.0000
5787.254813 0.010 -0.0000
5829.191647 0.010 -0.0000
5871.432373 0.010 -0.0000
5913.979192 0.010 0.0000
5956.834323 0.010 0.0000
6000.000000 0.010 0.0000
6043.478473 0.010 -0.0000
6087.272010 0.010 -0.0000
6131.382892 0.010 0.0000
6175.813420 0.010 0.0000
6220.565910 0.010 0.0000
6265.642695 0.010 0.0000
6311.046124 0.010 0.0000
6356.778566 0.010 0.0000
6402.842404 0.010 -0.0000
6449.240040 0.010 -0.0000
6495.973891 0.010 -0.0000
6543.046396 0.010 -0.0000
6590.460007 0.010 -0.0000
6638.217197 0.010 0.0000
6686.320456 0.010 0.0000
6734.772290 0.010 0.0000
6783.575226 0.010 0.0000
6832.731809 0.010 0.0000
6882.244600 0.010 0.0000
6932.116181 0.010 0.0000
6982.349153 0.010 0.0000
7032.946133 0.010 0.0000
7083.909760 0.010 0.0000
7135.242690 0.010 0.0000
7186.947600 0.010 0.0000
7239.027185 0.010 -0.0000
7291.484160 0.010 -0.0000
7344.321260 0.010 -0.0000
7397.541239 0.010 -0.0000
7451.146872 0.010 -0.0000
7505.140954 0.010 -0.0000
7559.526299 0.010 -0.0000
7614.305743 0.010 -0.0000
7669.482141 0.010 0.0000
7725.058371 0.010 0.0000
7781.037328 0.010 0.0000
7837.421932 0.010 -0.0000
7894.215122 0.010 -0.0000
7951.419859 0.010 -0.0000
8009.039125 0.010 -0.0000
8067.075924 0.010 -0.0000
8125.533282 0.010 0.0000
8184.414245 0.010 0.0000
8243.721885 0.010 0.0000
8303.459292 0.010 -0.0000
8363.629581 0.010 -0.0000
8424.235888 0.010 0.0000
8485.281374 0.010 0.0000
8546.769221 0.010 0.0000
8608.702634 0.010 0.0000
8671.084842 0.010 0.0000
8733.919097 0.010 -0.0000
8797.208675 0.010 -0.0000
8860.956876 0.010 -0.0000
8925.167022 0.010 -0.0000
8989.842461 0.010 -0.0000
9054.986566 0.010 -0.0000
9120.602731 0.010 -0.0000
9186.694378 0.010 0.0000
9253.264952 0.010 0.0000
9320.317925 0.010 -0.0000
9387.856790 0.010 -0.0000
9455.885071 0.010 -0.0000
9524.406312 0.010 -0.0000
9593.424086 0.010 -0.0000
9662.941992 0.010 -0.0000
9732.963653 0.010 -0.0000
9803.492719 0.010 -0.0000
9874.532869 0.010 0.0000
9946.087805 0.010 0.0000
10018.161257 0.010 0.0000
10090.756983 0.010 0.0000
10163.878768 0.010 0.0000
10237.530423 0.010 0.0000
10311.715789 0.010 0.0000
10386.438732 0.010 -0.0000
10461.703149 0.010 -0.0000
10537.512962 0.010 -0.0000
10613.872125 0.010 0.0000
10690.784618 0.010 0.0000
10768.254450 0.010 0.0000
10846.285661 0.010 0.0000
10924.882318 0.010 0.0000
11004.048518 0.010 -0.0000
11083.788390 0.010 -0.0000
11164.106090 0.010 -0.0000
11245.005805 0.010 -0.0000
11326.491752 0.010 0.0000
11408.568180 0.010 0.0000
11491.239368 0.010 -0.0000
11574.509626 0.010 -0.0000
11658.383294 0.010 -0.0000
11742.864745 0.010 -0.0000
11827.958384 0.010 -0.0000
11913.668646 0.010 -0.0000
12000.000000 0.010 -0.0000
12086.956947 0.010 -0.0000
12174.544019 0.010 -0.0000
12262.765784 0.010 -0.0000
12351.626840 0.010 -0.0000
12441.131819 0.010 -0.0000
12531.285389 0.010 -0.0000
12622.092249 0.010 -0.0000
12713.557132 0.010 -0.0000
12805.684808 0.010 -0.0000
12898.480079 0.010 -0.0000
12991.947783 0.010 -0.0000
13086.092792 0.010 -0.0000
13180.920015 0.010 0.0000
13276.434395 0.010 0.0000
13372.640911 0.010 0.0000
13469.544580 0.010 0.0000
13567.150452 0.010 0.0000
13665.463617 0.010 0.0000
13764.489200 0.010 0.0000
13864.232362 0.010 0.0000
13964.698305 0.010 -0.0000
14065.892266 0.010 -0.0000
14167.819519 0.010 -0.0000
14270.485380 0.010 -0.0000
14373.895200 0.010 -0.0000
14478.054370 0.010 -0.0000
14582.968320 0.010 -0.0000
14688.642520 0.010 0.0000
14795.082478 0.010 0.0000
14902.293745 0.010 0.0000
15010.281908 0.010 -0.0000
15119.052599 0.010 -0.0000
15228.611486 0.010 -0.0000
15338.964283 0.010 -0.0000
15450.116741 0.010 -0.0000
15562.074656 0.010 0.0000
15674.843864 0.010 0.0000
15788.430244 0.010 0.0000
15902.839718 0.010 -0.0000
16018.078250 0.010 -0.0000
16134.151848 0.010 -0.0000
16251.066563 0.010 0.0000
16368.828491 0.010 0.0000
16487.443769 0.010 0.0000
16606.918584 0.010 0.0000
16727.259161 0.010 0.0000
16848.471777 0.010 0.0000
16970.562748 0.010 0.0000
17093.538442 0.010 0.0000
17217.405268 0.010 -0.0000
17342.169684 0.010 -0.0000
17467.838194 0.010 -0.0000
17594.417350 0.010 -0.0000
17721.913751 0.010 0.0000
17850.334044 0.010 -0.0000
17979.684923 0.010 -0.0000
18109.973131 0.010 0.0000
18241.205462 0.010 0.0000
18373.388756 0.010 0.0000
18506.529905 0.010 0.0000
18640.635849 0.010 0.0000
18775.713581 0.010 -0.0000
18911.770141 0.010 -0.0000
19048.812624 0.010 -0.0000
19186.848172 0.010 -0.0000
19325.883983 0.010 0.0000
19465.927305 0.010 0.0000
19606.985439 0.010 -0.0000
19749.065738 0.010 -0.0000
19892.175609 0.010 0.0000
20036.322514 0.010 0.0000
20181.513966 0.010 0.0000
20327.757536 0.010 0.0000
20475.060846 0.010 -0.0000
20623.431577 0.010 -0.0000
20772.877464 0.010 0.0000
20923.406297 0.010 -0.0000
21075.025924 0.010 -0.0000
21227.744250 0.010 -0.0000
21381.569235 0.010 0.0000
21536.508900 0.010 0.0000
21692.571321 0.010 0.0000
21849.764635 0.010 -0.0000
22008.097037 0.010 -0.0000
22167.576780 0.010 -0.0000
22328.212180 0.010 0.0000
22490.011609 0.010 -0.0000
22652.983504 0.010 -0.0000
22817.136361 0.010 -0.0000
22982.478737 0.010 0.0000
23149.019252 0.010 -0.0000
23316.766588 0.010 -0.0000
23485.729490 0.010 0.0000
23655.916767 0.010 0.0000
23827.337292 0.010 0.0000
24000.000000 0.010 0.0000
