* Measurement data measured by REW V5.40 beta 73
* Source: C:\Users\Ronin\Desktop\XOfix.wav
* Format: Imported Impulse Response, 48000.0 Hz sampling
* Dated: Mar 11, 2025 7:20:14 AM
* REW Settings:
*  C-weighting compensation: Off
*  Target level: 75.0 dB
* Note: ; Impulse Response imported from C:\Users\Ronin\Desktop\XOfix.wav 131072 samples (2.73 s) of 64-bit Float data at 48 kHz
* Measurement: XOfix
* Smoothing: Psychoacoustic
* Frequency Step: 96 ppo
* Start Frequency: 0.36621094 Hz
*
* Freq(Hz) SPL(dB) Phase(degrees)
0.366211 -0.000 0.1878
0.368865 -0.000 0.1882
0.371538 -0.000 0.1886
0.374230 -0.000 0.1890
0.376942 -0.000 0.1895
0.379673 -0.000 0.1900
0.382424 -0.000 0.1905
0.385196 -0.000 0.1910
0.387987 -0.000 0.1916
0.390798 -0.000 0.1922
0.393630 -0.000 0.1928
0.396483 -0.000 0.1934
0.399356 -0.000 0.1941
0.402250 -0.000 0.1948
0.405165 -0.000 0.1955
0.408101 -0.000 0.1962
0.411058 -0.000 0.1970
0.414037 -0.000 0.1978
0.417037 -0.000 0.1986
0.420059 -0.000 0.1994
0.423103 -0.000 0.2003
0.426169 -0.000 0.2011
0.429257 -0.000 0.2021
0.432368 -0.000 0.2030
0.435501 -0.000 0.2039
0.438656 -0.000 0.2049
0.441835 -0.000 0.2059
0.445037 -0.000 0.2069
0.448262 -0.000 0.2080
0.451510 -0.000 0.2090
0.454782 -0.000 0.2101
0.458077 -0.000 0.2112
0.461397 -0.000 0.2124
0.464740 -0.000 0.2135
0.468108 -0.000 0.2147
0.471500 -0.000 0.2159
0.474917 -0.000 0.2171
0.478358 -0.000 0.2184
0.481825 -0.000 0.2197
0.485316 -0.000 0.2209
0.488833 -0.000 0.2223
0.492375 -0.000 0.2236
0.495943 -0.000 0.2249
0.499537 -0.000 0.2263
0.503157 -0.000 0.2277
0.506803 -0.000 0.2292
0.510475 -0.000 0.2306
0.514175 -0.000 0.2321
0.517900 -0.000 0.2336
0.521653 -0.000 0.2351
0.525434 -0.000 0.2366
0.529241 -0.000 0.2382
0.533076 -0.000 0.2397
0.536939 -0.000 0.2413
0.540830 -0.000 0.2430
0.544749 -0.000 0.2446
0.548696 -0.000 0.2463
0.552673 -0.000 0.2480
0.556677 -0.000 0.2497
0.560711 -0.000 0.2514
0.564774 -0.000 0.2532
0.568867 -0.000 0.2549
0.572989 -0.000 0.2567
0.577141 -0.000 0.2585
0.581324 -0.000 0.2604
0.585536 -0.000 0.2622
0.589779 -0.000 0.2641
0.594053 -0.000 0.2660
0.598358 -0.000 0.2679
0.602694 -0.000 0.2699
0.607061 -0.000 0.2718
0.611460 -0.000 0.2738
0.615891 -0.000 0.2758
0.620354 -0.000 0.2778
0.624849 -0.000 0.2798
0.629377 -0.000 0.2819
0.633938 -0.000 0.2839
0.638532 -0.000 0.2860
0.643159 -0.000 0.2881
0.647819 -0.000 0.2903
0.652514 -0.000 0.2924
0.657242 -0.000 0.2946
0.662005 -0.000 0.2968
0.666802 -0.000 0.2990
0.671634 -0.000 0.3012
0.676501 -0.000 0.3034
0.681403 -0.000 0.3057
0.686341 -0.000 0.3080
0.691314 -0.000 0.3103
0.696324 -0.000 0.3126
0.701370 -0.000 0.3149
0.706452 -0.000 0.3173
0.711571 -0.000 0.3197
0.716728 -0.000 0.3221
0.721921 -0.000 0.3245
0.727153 -0.000 0.3269
0.732422 -0.000 0.3294
0.737729 -0.000 0.3319
0.743075 -0.000 0.3344
0.748460 -0.000 0.3370
0.753883 -0.000 0.3395
0.759346 -0.000 0.3421
0.764849 -0.000 0.3447
0.770391 -0.000 0.3474
0.775974 -0.000 0.3500
0.781597 -0.000 0.3527
0.787261 -0.000 0.3555
0.792966 -0.000 0.3582
0.798712 -0.000 0.3610
0.804500 -0.000 0.3638
0.810329 -0.000 0.3666
0.816201 -0.000 0.3695
0.822116 -0.000 0.3724
0.828073 -0.000 0.3753
0.834074 -0.000 0.3782
0.840118 -0.000 0.3812
0.846206 -0.000 0.3842
0.852338 -0.000 0.3872
0.858514 -0.000 0.3903
0.864735 -0.000 0.3934
0.871001 -0.000 0.3965
0.877313 -0.000 0.3996
0.883670 -0.000 0.4028
0.890074 -0.000 0.4060
0.896524 -0.000 0.4092
0.903020 -0.000 0.4124
0.909564 -0.000 0.4157
0.916155 -0.000 0.4190
0.922794 -0.000 0.4223
0.929481 -0.000 0.4257
0.936216 -0.000 0.4290
0.943000 -0.000 0.4324
0.949834 -0.000 0.4358
0.956717 -0.000 0.4393
0.963649 -0.000 0.4427
0.970632 -0.000 0.4462
0.977666 -0.000 0.4497
0.984750 -0.000 0.4532
0.991886 -0.000 0.4567
0.999074 -0.000 0.4603
1.006314 -0.000 0.4638
1.013606 -0.000 0.4674
1.020951 -0.000 0.4710
1.028349 -0.000 0.4746
1.035801 -0.000 0.4783
1.043307 -0.000 0.4819
1.050867 -0.000 0.4856
1.058482 -0.000 0.4892
1.066152 -0.000 0.4929
1.073878 -0.000 0.4966
1.081660 -0.000 0.5004
1.089498 -0.000 0.5041
1.097393 -0.000 0.5079
1.105345 -0.000 0.5116
1.113355 -0.000 0.5154
1.121423 -0.000 0.5192
1.129549 -0.000 0.5230
1.137734 -0.000 0.5269
1.145979 -0.000 0.5307
1.154283 -0.000 0.5346
1.162647 -0.000 0.5384
1.171072 -0.000 0.5423
1.179558 -0.000 0.5462
1.188106 -0.000 0.5502
1.196715 -0.000 0.5541
1.205387 -0.000 0.5581
1.214122 -0.000 0.5621
1.222920 -0.000 0.5661
1.231782 -0.000 0.5701
1.240708 -0.000 0.5742
1.249699 -0.000 0.5783
1.258754 -0.000 0.5824
1.267876 -0.000 0.5865
1.277063 -0.000 0.5906
1.286318 -0.000 0.5948
1.295639 -0.000 0.5990
1.305027 -0.000 0.6032
1.314484 -0.000 0.6075
1.324009 -0.000 0.6118
1.333604 -0.000 0.6161
1.343268 -0.000 0.6204
1.353002 -0.000 0.6248
1.362806 -0.000 0.6292
1.372681 -0.000 0.6337
1.382628 -0.000 0.6382
1.392647 -0.000 0.6427
1.402739 -0.000 0.6472
1.412904 -0.000 0.6518
1.423142 -0.000 0.6564
1.433455 -0.000 0.6611
1.443843 -0.000 0.6657
1.454305 -0.000 0.6705
1.464844 -0.000 0.6752
1.475459 -0.000 0.6800
1.486150 -0.000 0.6849
1.496920 -0.000 0.6898
1.507767 -0.000 0.6947
1.518693 -0.000 0.6996
1.529698 -0.000 0.7046
1.540783 -0.000 0.7097
1.551948 -0.000 0.7147
1.563194 -0.000 0.7198
1.574521 -0.000 0.7250
1.585931 -0.000 0.7302
1.597423 -0.000 0.7354
1.608999 -0.000 0.7407
1.620658 -0.000 0.7460
1.632402 -0.000 0.7514
1.644232 -0.000 0.7568
1.656146 -0.000 0.7622
1.668147 -0.000 0.7677
1.680235 -0.000 0.7733
1.692411 -0.000 0.7788
1.704675 -0.000 0.7844
1.717028 -0.000 0.7901
1.729470 -0.000 0.7958
1.742003 -0.000 0.8015
1.754626 -0.000 0.8073
1.767341 -0.000 0.8131
1.780147 -0.000 0.8190
1.793047 -0.000 0.8249
1.806040 -0.000 0.8309
1.819128 -0.000 0.8369
1.832310 -0.000 0.8429
1.845587 -0.000 0.8490
1.858961 -0.000 0.8551
1.872432 -0.000 0.8613
1.886001 -0.000 0.8675
1.899667 -0.000 0.8738
1.913433 -0.000 0.8801
1.927299 -0.000 0.8865
1.941265 -0.000 0.8929
1.955332 -0.000 0.8993
1.969501 -0.000 0.9058
1.983773 -0.000 0.9124
1.998148 -0.000 0.9190
2.012627 -0.000 0.9256
2.027212 -0.000 0.9323
2.041902 -0.000 0.9390
2.056698 -0.000 0.9458
2.071602 -0.000 0.9527
2.086614 -0.000 0.9596
2.101734 -0.000 0.9665
2.116964 -0.000 0.9735
2.132304 -0.000 0.9805
2.147756 -0.000 0.9876
2.163320 -0.000 0.9948
2.178996 -0.000 1.0020
2.194786 -0.000 1.0093
2.210690 -0.000 1.0166
2.226710 -0.000 1.0239
2.242845 -0.000 1.0313
2.259098 -0.000 1.0388
2.275468 -0.000 1.0464
2.291957 -0.000 1.0539
2.308566 -0.000 1.0616
2.325295 -0.000 1.0693
2.342145 -0.000 1.0770
2.359117 -0.000 1.0848
2.376212 -0.000 1.0927
2.393431 -0.000 1.1006
2.410775 -0.000 1.1086
2.428244 -0.000 1.1167
2.445840 -0.000 1.1248
2.463564 -0.000 1.1329
2.481416 -0.000 1.1412
2.499397 -0.000 1.1495
2.517509 -0.000 1.1578
2.535752 -0.000 1.1662
2.554127 -0.000 1.1747
2.572635 -0.000 1.1832
2.591277 -0.000 1.1918
2.610055 -0.000 1.2005
2.628968 -0.000 1.2092
2.648019 -0.000 1.2180
2.667208 -0.000 1.2268
2.686535 -0.000 1.2357
2.706003 -0.000 1.2447
2.725612 -0.000 1.2537
2.745363 -0.000 1.2629
2.765257 -0.000 1.2720
2.785295 -0.000 1.2813
2.805478 -0.000 1.2906
2.825808 -0.000 1.2999
2.846285 -0.000 1.3094
2.866910 -0.000 1.3189
2.887685 -0.000 1.3285
2.908611 -0.000 1.3381
2.929688 -0.000 1.3478
2.950917 -0.000 1.3576
2.972301 -0.000 1.3675
2.993839 -0.000 1.3774
3.015534 -0.000 1.3874
3.037386 -0.000 1.3974
3.059396 -0.000 1.4076
3.081565 -0.000 1.4178
3.103896 -0.000 1.4281
3.126388 -0.000 1.4384
3.149043 -0.000 1.4489
3.171862 -0.000 1.4594
3.194847 -0.000 1.4700
3.217998 -0.000 1.4806
3.241317 -0.000 1.4914
3.264805 -0.000 1.5022
3.288463 -0.000 1.5131
3.312293 -0.000 1.5241
3.336295 -0.000 1.5351
3.360471 -0.000 1.5463
3.384822 -0.000 1.5575
3.409350 -0.000 1.5688
3.434056 -0.000 1.5802
3.458940 -0.000 1.5917
3.484005 -0.000 1.6032
3.509252 -0.000 1.6148
3.534681 -0.000 1.6266
3.560295 -0.000 1.6384
3.586094 -0.000 1.6502
3.612081 -0.000 1.6622
3.638255 -0.000 1.6743
3.664620 -0.000 1.6864
3.691175 -0.000 1.6987
3.717923 -0.000 1.7110
3.744864 -0.000 1.7234
3.772001 -0.000 1.7359
3.799335 -0.000 1.7485
3.826866 -0.000 1.7612
3.854597 -0.000 1.7740
3.882529 -0.000 1.7869
3.910664 -0.000 1.7998
3.939002 -0.000 1.8129
3.967546 -0.000 1.8260
3.996296 -0.000 1.8393
4.025255 -0.000 1.8526
4.054423 -0.000 1.8661
4.083804 -0.000 1.8796
4.113396 -0.000 1.8932
4.143204 -0.000 1.9070
4.173227 -0.000 1.9208
4.203468 -0.000 1.9347
4.233928 -0.000 1.9488
4.264609 -0.000 1.9629
4.295512 -0.000 1.9772
4.326639 -0.000 1.9915
4.357992 -0.000 2.0059
4.389572 -0.000 2.0205
4.421380 -0.000 2.0352
4.453419 -0.000 2.0499
4.485691 -0.000 2.0648
4.518196 -0.000 2.0798
4.550936 -0.000 2.0949
4.583914 -0.000 2.1101
4.617131 -0.000 2.1254
4.650589 -0.000 2.1408
4.684289 -0.000 2.1563
4.718233 -0.000 2.1720
4.752424 -0.000 2.1877
4.786862 -0.000 2.2036
4.821549 -0.000 2.2196
4.856488 -0.000 2.2357
4.891680 -0.000 2.2519
4.927127 -0.000 2.2682
4.962831 -0.000 2.2847
4.998794 -0.000 2.3012
5.035017 -0.000 2.3179
5.071503 -0.000 2.3347
5.108253 -0.000 2.3517
5.145270 -0.000 2.3687
5.182555 -0.000 2.3859
5.220110 -0.000 2.4032
5.257937 -0.000 2.4207
5.296038 -0.000 2.4382
5.334415 -0.000 2.4559
5.373071 -0.000 2.4737
5.412006 -0.000 2.4917
5.451224 -0.000 2.5097
5.490725 -0.000 2.5279
5.530514 -0.000 2.5463
5.570590 -0.000 2.5647
5.610957 -0.000 2.5833
5.651616 -0.000 2.6021
5.692570 -0.000 2.6210
5.733821 -0.000 2.6400
5.775370 -0.000 2.6591
5.817221 -0.000 2.6784
5.859375 -0.000 2.6978
5.901834 -0.000 2.7174
5.944602 -0.000 2.7371
5.987679 -0.000 2.7570
6.031068 -0.000 2.7769
6.074771 -0.000 2.7971
6.118792 -0.000 2.8174
6.163131 -0.000 2.8378
6.207792 -0.000 2.8584
6.252776 -0.000 2.8791
6.298086 -0.000 2.9000
6.343725 -0.000 2.9210
6.389694 -0.000 2.9422
6.435996 -0.000 2.9636
6.482634 -0.000 2.9851
6.529610 -0.000 3.0067
6.576926 -0.000 3.0285
6.624585 -0.000 3.0505
6.672590 -0.000 3.0726
6.720942 -0.000 3.0949
6.769645 -0.000 3.1173
6.818700 -0.000 3.1399
6.868111 -0.000 3.1627
6.917881 -0.000 3.1857
6.968010 -0.000 3.2088
7.018504 -0.000 3.2320
7.069362 -0.000 3.2555
7.120590 -0.000 3.2791
7.172189 -0.000 3.3029
7.224161 -0.000 3.3268
7.276511 -0.000 3.3509
7.329239 -0.000 3.3752
7.382350 -0.000 3.3997
7.435845 -0.000 3.4244
7.489729 -0.000 3.4492
7.544002 -0.000 3.4742
7.598669 -0.000 3.4994
7.653732 -0.000 3.5248
7.709194 -0.000 3.5504
7.765058 -0.000 3.5761
7.821327 -0.000 3.6021
7.878004 -0.000 3.6282
7.935091 -0.000 3.6545
7.992592 -0.000 3.6810
8.050510 -0.000 3.7077
8.108847 -0.000 3.7346
8.167607 -0.000 3.7617
8.226793 -0.000 3.7890
8.286408 -0.000 3.8164
8.346454 -0.000 3.8441
8.406936 -0.000 3.8720
8.467856 -0.000 3.9001
8.529218 -0.000 3.9284
8.591024 -0.000 3.9569
8.653278 -0.000 3.9856
8.715983 -0.000 4.0145
8.779143 -0.000 4.0436
8.842760 -0.000 4.0729
8.906839 -0.000 4.1024
8.971381 -0.000 4.1322
9.036392 -0.000 4.1622
9.101873 -0.000 4.1924
9.167829 -0.000 4.2228
9.234263 -0.000 4.2534
9.301178 -0.000 4.2842
9.368578 -0.000 4.3153
9.436467 -0.000 4.3466
9.504847 -0.000 4.3781
9.573723 -0.000 4.4099
9.643099 -0.000 4.4419
9.712976 -0.000 4.4741
9.783361 -0.000 4.5065
9.854255 -0.000 4.5392
9.925663 -0.000 4.5721
9.997588 -0.000 4.6053
10.070035 -0.000 4.6387
10.143007 -0.000 4.6723
10.216507 -0.000 4.7062
10.290540 -0.000 4.7404
10.365109 -0.000 4.7747
10.440219 -0.000 4.8094
10.515873 -0.000 4.8443
10.592076 -0.000 4.8794
10.668830 -0.000 4.9148
10.746141 -0.000 4.9504
10.824012 -0.000 4.9863
10.902447 -0.000 5.0225
10.981451 -0.000 5.0589
11.061027 -0.000 5.0956
11.141180 -0.000 5.1326
11.221913 -0.000 5.1698
11.303232 -0.000 5.2073
11.385140 -0.000 5.2451
11.467641 -0.000 5.2831
11.550741 -0.000 5.3215
11.634442 -0.000 5.3601
11.718750 -0.000 5.3989
11.803669 -0.000 5.4381
11.889203 -0.000 5.4775
11.975357 -0.000 5.5173
12.062136 -0.000 5.5573
12.149543 -0.000 5.5976
12.237583 -0.000 5.6382
12.326262 -0.000 5.6791
12.415583 -0.000 5.7203
12.505552 -0.000 5.7618
12.596172 -0.000 5.8036
12.687449 -0.000 5.8457
12.779387 -0.000 5.8881
12.871992 -0.000 5.9308
12.965268 -0.000 5.9738
13.059220 -0.000 6.0172
13.153852 -0.000 6.0608
13.249170 -0.000 6.1048
13.345179 -0.000 6.1491
13.441884 -0.000 6.1937
13.539289 -0.000 6.2386
13.637401 -0.000 6.2839
13.736223 -0.000 6.3295
13.835761 -0.000 6.3754
13.936021 -0.000 6.4216
14.037007 -0.000 6.4682
14.138725 -0.000 6.5151
14.241180 -0.000 6.5624
14.344377 -0.000 6.6100
14.448323 -0.000 6.6580
14.553021 -0.000 6.7063
14.658478 -0.000 6.7549
14.764700 -0.000 6.8040
14.871691 -0.000 6.8533
14.979457 -0.000 6.9030
15.088005 -0.000 6.9531
15.197339 -0.000 7.0036
15.307465 -0.000 7.0544
15.418389 -0.000 7.1056
15.530117 -0.000 7.1571
15.642655 -0.000 7.2091
15.756008 -0.000 7.2614
15.870182 -0.000 7.3141
15.985184 -0.000 7.3672
16.101019 -0.000 7.4206
16.217694 -0.000 7.4745
16.335214 -0.000 7.5287
16.453586 -0.000 7.5833
16.572815 -0.000 7.6384
16.692909 -0.000 7.6938
16.813872 -0.000 7.7496
16.935713 -0.000 7.8059
17.058436 -0.000 7.8625
17.182048 -0.000 7.9196
17.306556 -0.000 7.9771
17.431967 -0.000 8.0350
17.558286 -0.000 8.0933
17.685521 -0.000 8.1520
17.813677 -0.000 8.2112
17.942762 -0.000 8.2708
18.072783 -0.000 8.3308
18.203746 -0.000 8.3913
18.335658 -0.000 8.4522
18.468526 -0.000 8.5136
18.602356 -0.000 8.5754
18.737156 -0.000 8.6376
18.872934 -0.000 8.7003
19.009695 -0.000 8.7635
19.147447 -0.000 8.8271
19.286197 -0.000 8.8912
19.425953 -0.000 8.9557
19.566721 -0.000 9.0207
19.708510 -0.000 9.0862
19.851326 -0.000 9.1522
19.995177 -0.000 9.2187
20.140070 -0.000 9.2856
20.286013 -0.000 9.3530
20.433014 -0.000 9.4209
20.581080 -0.000 9.4893
20.730219 -0.000 9.5582
20.880439 -0.000 9.6276
21.031747 -0.000 9.6976
21.184152 -0.000 9.7680
21.337661 -0.000 9.8389
21.492282 -0.000 9.9104
21.648024 -0.000 9.9823
21.804895 -0.000 10.0548
21.962902 -0.000 10.1279
22.122054 -0.000 10.2014
22.282360 -0.000 10.2755
22.443827 -0.000 10.3502
22.606464 -0.000 10.4253
22.770280 -0.000 10.5011
22.935283 -0.000 10.5774
23.101481 -0.000 10.6542
23.268884 -0.000 10.7316
23.437500 -0.000 10.8096
23.607338 -0.000 10.8881
23.778406 -0.000 10.9672
23.950714 -0.000 11.0469
24.124271 -0.000 11.1272
24.299086 -0.000 11.2080
24.475167 -0.000 11.2894
24.652524 -0.000 11.3715
24.831166 -0.000 11.4541
25.011103 -0.000 11.5374
25.192344 -0.000 11.6212
25.374898 -0.000 11.7057
25.558775 -0.000 11.7907
25.743984 -0.000 11.8764
25.930536 -0.000 11.9628
26.118439 -0.000 12.0497
26.307704 -0.000 12.1373
26.498341 -0.000 12.2255
26.690359 -0.000 12.3144
26.883768 -0.000 12.4039
27.078579 -0.000 12.4941
27.274801 -0.000 12.5850
27.472446 -0.000 12.6765
27.671522 -0.000 12.7687
27.872042 -0.000 12.8615
28.074014 -0.000 12.9550
28.277450 -0.000 13.0492
28.482360 -0.000 13.1442
28.688755 -0.000 13.2398
28.896645 -0.000 13.3360
29.106042 -0.000 13.4331
29.316957 -0.000 13.5308
29.529400 -0.000 13.6292
29.743382 -0.000 13.7283
29.958915 -0.000 13.8282
30.176009 -0.000 13.9288
30.394677 -0.000 14.0302
30.614929 -0.000 14.1323
30.836778 -0.000 14.2351
31.060234 -0.000 14.3387
31.285309 -0.000 14.4431
31.512015 -0.000 14.5482
31.740364 -0.000 14.6541
31.970368 -0.000 14.7607
32.202039 -0.000 14.8682
32.435388 -0.000 14.9764
32.670428 -0.000 15.0855
32.907171 -0.000 15.1953
33.145630 -0.000 15.3059
33.385817 -0.000 15.4174
33.627745 -0.000 15.5297
33.871425 -0.000 15.6428
34.116871 -0.000 15.7567
34.364096 -0.000 15.8715
34.613113 -0.000 15.9871
34.863934 -0.000 16.1036
35.116572 -0.000 16.2209
35.371041 -0.000 16.3391
35.627354 -0.000 16.4581
35.885525 -0.000 16.5781
36.145566 -0.000 16.6989
36.407492 -0.000 16.8206
36.671316 -0.000 16.9432
36.937051 -0.000 17.0667
37.204712 -0.000 17.1911
37.474313 -0.000 17.3164
37.745867 -0.000 17.4427
38.019389 -0.000 17.5699
38.294893 -0.000 17.6980
38.572394 -0.000 17.8271
38.851905 -0.000 17.9571
39.133442 -0.000 18.0881
39.417019 -0.000 18.2200
39.702651 -0.000 18.3530
39.990353 -0.000 18.4869
40.280140 -0.000 18.6218
40.572026 -0.000 18.7577
40.866028 -0.000 18.8946
41.162160 -0.000 19.0325
41.460438 -0.000 19.1714
41.760877 -0.000 19.3114
42.063494 -0.000 19.4524
42.368303 -0.000 19.5944
42.675322 -0.000 19.7375
42.984565 -0.000 19.8817
43.296048 -0.000 20.0269
43.609789 -0.000 20.1732
43.925804 -0.000 20.3206
44.244108 -0.000 20.4691
44.564719 -0.000 20.6187
44.887654 -0.000 20.7694
45.212928 -0.000 20.9212
45.540560 -0.000 21.0742
45.870565 -0.000 21.2282
46.202962 -0.000 21.3835
46.537768 -0.000 21.5399
46.875000 -0.000 21.6974
47.214676 -0.000 21.8561
47.556813 -0.000 22.0160
47.901429 -0.000 22.1771
48.248542 -0.000 22.3394
48.598171 -0.000 22.5029
48.950334 -0.000 22.6676
49.305048 -0.000 22.8336
49.662333 -0.000 23.0008
50.022206 -0.000 23.1692
50.384688 -0.000 23.3389
50.749796 -0.000 23.5099
51.117550 -0.000 23.6821
51.487969 -0.000 23.8557
51.861072 -0.000 24.0305
52.236879 -0.000 24.2066
52.615409 -0.000 24.3841
52.996681 -0.000 24.5629
53.380717 -0.000 24.7430
53.767536 -0.000 24.9245
54.157158 -0.000 25.1073
54.549603 -0.000 25.2915
54.944892 -0.000 25.4771
55.343045 -0.000 25.6641
55.744084 -0.000 25.8525
56.148028 -0.000 26.0423
56.554900 -0.000 26.2336
56.964720 -0.000 26.4263
57.377510 -0.000 26.6204
57.793291 -0.000 26.8160
58.212085 -0.000 27.0131
58.633914 -0.000 27.2116
59.058799 -0.000 27.4117
59.486764 -0.000 27.6133
59.917829 -0.000 27.8164
60.352019 -0.000 28.0210
60.789354 -0.000 28.2272
61.229859 -0.000 28.4349
61.673556 -0.000 28.6442
62.120468 -0.000 28.8551
62.570618 -0.000 29.0676
63.024031 -0.000 29.2817
63.480729 -0.000 29.4974
63.940736 -0.000 29.7148
64.404077 -0.000 29.9338
64.870776 -0.000 30.1545
65.340856 -0.000 30.3769
65.814343 -0.000 30.6010
66.291261 -0.000 30.8267
66.771635 -0.000 31.0542
67.255489 -0.000 31.2834
67.742850 -0.000 31.5144
68.233743 -0.000 31.7472
68.728193 -0.000 31.9817
69.226226 -0.000 32.2180
69.727867 -0.000 32.4562
70.233144 -0.000 32.6961
70.742083 -0.000 32.9379
71.254709 -0.000 33.1816
71.771050 -0.000 33.4272
72.291132 -0.000 33.6746
72.814984 -0.000 33.9239
73.342631 -0.000 34.1752
73.874102 -0.000 34.4284
74.409424 -0.000 34.6835
74.948626 -0.000 34.9407
75.491734 -0.000 35.1998
76.038779 -0.000 35.4609
76.589787 -0.000 35.7240
77.144788 -0.000 35.9892
77.703811 -0.000 36.2565
78.266885 -0.000 36.5258
78.834039 -0.000 36.7972
79.405303 -0.000 37.0707
79.980706 -0.000 37.3463
80.560280 -0.000 37.6241
81.144053 -0.000 37.9040
81.732056 -0.000 38.1861
82.324320 -0.000 38.4704
82.920876 -0.000 38.7569
83.521755 -0.000 39.0456
84.126988 -0.000 39.3365
84.736607 -0.000 39.6296
85.350643 -0.000 39.9250
85.969129 -0.000 40.2225
86.592097 -0.000 40.5224
87.219579 -0.000 40.8245
87.851608 -0.000 41.1288
88.488217 -0.000 41.4354
89.129439 -0.000 41.7442
89.775308 -0.000 42.0553
90.425856 -0.000 42.3686
91.081119 -0.000 42.6841
91.741131 -0.000 43.0018
92.405925 -0.000 43.3217
93.075536 -0.000 43.6438
93.750000 -0.000 43.9680
94.429351 -0.000 44.2944
95.113625 -0.000 44.6229
95.802858 -0.000 44.9534
96.497085 -0.000 45.2861
97.196342 -0.000 45.6207
97.900667 -0.000 45.9574
98.610096 -0.000 46.2961
99.324665 -0.000 46.6368
100.044413 -0.000 46.9794
100.769376 -0.000 47.3239
101.499592 -0.000 47.6719
102.235100 -0.000 48.0233
102.975938 -0.000 48.3780
103.722144 -0.000 48.7362
104.473757 -0.000 49.0977
105.230817 -0.000 49.4626
105.993363 -0.000 49.8308
106.761435 -0.000 50.2025
107.535072 -0.000 50.5775
108.314315 -0.000 50.9558
109.099206 -0.000 51.3376
109.889783 -0.000 51.7227
110.686090 -0.000 52.1113
111.488167 -0.000 52.5032
112.296056 -0.000 52.8985
113.109800 -0.000 53.2972
113.929440 -0.000 53.6993
114.755020 -0.000 54.1049
115.586582 -0.000 54.5139
116.424170 -0.000 54.9264
117.267827 -0.000 55.3423
118.117598 -0.000 55.7617
118.973527 -0.000 56.1847
119.835658 -0.000 56.6112
120.704037 -0.000 57.0412
121.578708 -0.000 57.4748
122.459718 -0.000 57.9121
123.347111 -0.000 58.3530
124.240935 -0.000 58.7975
125.141236 -0.000 59.2457
126.048061 -0.000 59.6977
126.961458 -0.000 60.1534
127.881473 -0.000 60.6129
128.808154 -0.000 61.0761
129.741551 -0.000 61.5433
130.681712 -0.000 62.0143
131.628686 -0.000 62.4892
132.582521 -0.000 62.9681
133.543269 -0.000 63.4509
134.510979 -0.000 63.9378
135.485701 -0.000 64.4287
136.467486 -0.000 64.9237
137.456386 -0.000 65.4228
138.452451 -0.000 65.9261
139.455735 -0.000 66.4336
140.466288 -0.000 66.9453
141.484165 -0.000 67.4613
142.509418 -0.000 67.9816
143.542100 -0.000 68.5062
144.582265 -0.000 69.0353
145.629968 -0.000 69.5687
146.685262 -0.000 70.1067
147.748204 -0.000 70.6491
148.818849 -0.000 71.1962
149.897251 -0.000 71.7477
150.983469 -0.000 72.3040
152.077557 -0.000 72.8649
153.179574 -0.000 73.4305
154.289576 -0.000 74.0009
155.407622 -0.000 74.5760
156.533770 -0.000 75.1561
157.668078 -0.000 75.7410
158.810606 -0.000 76.3308
159.961413 -0.000 76.9256
161.120559 -0.000 77.5254
162.288105 -0.000 78.1303
163.464112 -0.000 78.7403
164.648640 -0.000 79.3554
165.841752 -0.000 79.9757
167.043510 -0.000 80.6012
168.253976 -0.000 81.2320
169.473213 -0.000 81.8681
170.701286 -0.000 82.5096
171.938258 -0.000 83.1565
173.184194 -0.000 83.8089
174.439158 -0.000 84.4667
175.703216 -0.000 85.1301
176.976434 -0.000 85.7990
178.258878 -0.000 86.4736
179.550615 -0.000 87.1539
180.851713 -0.000 87.8399
182.162239 -0.000 88.5316
183.482262 -0.000 89.2292
184.811850 -0.000 89.9325
186.151073 -0.000 90.6418
187.500000 -0.000 91.3570
188.858702 -0.000 92.0782
190.227250 -0.000 92.8054
191.605715 -0.000 93.5386
192.994169 -0.000 94.2780
194.392685 -0.000 95.0235
195.801334 -0.000 95.7752
197.220191 -0.000 96.5331
198.649330 -0.000 97.2972
200.088825 -0.000 98.0677
201.538751 -0.000 98.8445
202.999184 -0.000 99.6277
204.470200 -0.000 100.4173
205.951875 -0.000 101.2133
207.444287 -0.000 102.0159
208.947514 -0.000 102.8249
210.461634 -0.000 103.6405
211.986726 -0.000 104.4627
213.522869 -0.000 105.2915
215.070144 -0.000 106.1270
216.628631 -0.000 106.9692
218.198411 -0.000 107.8180
219.779567 -0.000 108.6736
221.372180 -0.000 109.5360
222.976334 -0.000 110.4051
224.592112 -0.000 111.2811
226.219600 -0.000 112.1639
227.858880 -0.000 113.0535
229.510039 -0.000 113.9500
231.173164 -0.000 114.8534
232.848340 -0.000 115.7637
234.535655 -0.000 116.6810
236.235197 -0.000 117.6051
237.947054 -0.000 118.5362
239.671317 -0.000 119.4743
241.408074 -0.000 120.4193
243.157416 -0.000 121.3712
244.919435 -0.000 122.3301
246.694223 -0.000 123.2960
248.481871 -0.000 124.2688
250.282473 -0.000 125.2485
252.096123 -0.000 126.2352
253.922915 -0.000 127.2289
255.762945 -0.000 128.2294
257.616309 -0.000 129.2368
259.483103 -0.000 130.2512
261.363424 -0.000 131.2723
263.257372 -0.000 132.3003
265.165043 -0.000 133.3351
267.086538 -0.000 134.3767
269.021957 -0.000 135.4250
270.971401 -0.000 136.4800
272.934972 -0.000 137.5417
274.912771 -0.000 138.6100
276.904902 -0.000 139.6849
278.911469 -0.000 140.7663
280.932577 -0.000 141.8541
282.968330 -0.000 142.9484
285.018835 -0.000 144.0490
287.084199 -0.000 145.1559
289.164530 -0.000 146.2690
291.259935 -0.000 147.3882
293.370525 -0.000 148.5136
295.496408 -0.000 149.6449
297.637697 -0.000 150.7821
299.794503 -0.000 151.9252
301.966937 -0.000 153.0740
304.155114 -0.000 154.2284
306.359147 -0.000 155.3884
308.579152 -0.000 156.5538
310.815244 -0.000 157.7246
313.067539 -0.000 158.9006
315.336156 -0.000 160.0817
317.621211 -0.000 161.2679
319.922826 -0.000 162.4589
322.241118 -0.000 163.6547
324.576210 -0.000 164.8552
326.928223 -0.000 166.0602
329.297280 -0.000 167.2696
331.683504 -0.000 168.4832
334.087019 -0.000 169.7009
336.507952 -0.000 170.9227
338.946427 -0.000 172.1482
341.402572 -0.000 173.3775
343.876516 -0.000 174.6103
346.368387 -0.000 175.8465
348.878315 -0.000 177.0859
351.406431 -0.000 178.3284
353.952867 -0.000 179.5739
356.517756 -0.000 -179.1779
359.101230 -0.000 -177.9271
361.703426 -0.000 -176.6738
364.324478 -0.000 -175.4183
366.964523 -0.000 -174.1606
369.623699 -0.000 -172.9010
372.302145 -0.000 -171.6396
375.000000 -0.000 -170.3766
377.717405 -0.000 -169.1122
380.454501 -0.000 -167.8466
383.211431 -0.000 -166.5797
385.988339 -0.000 -165.3120
388.785369 -0.000 -164.0436
391.602668 -0.000 -162.7745
394.440383 -0.000 -161.5051
397.298660 -0.000 -160.2354
400.177650 -0.000 -158.9656
403.077502 -0.000 -157.6959
405.998368 -0.000 -156.4265
408.940400 -0.000 -155.1576
411.903750 -0.000 -153.8892
414.888575 -0.000 -152.6216
417.895028 -0.000 -151.3550
420.923268 -0.000 -150.0894
423.973452 -0.000 -148.8251
427.045738 -0.000 -147.5623
430.140287 -0.000 -146.3010
433.257261 -0.000 -145.0414
436.396822 -0.000 -143.7837
439.559133 -0.000 -142.5280
442.744360 -0.000 -141.2745
445.952668 -0.000 -140.0233
449.184225 -0.000 -138.7745
452.439199 -0.000 -137.5284
455.717760 -0.000 -136.2850
459.020079 -0.000 -135.0444
462.346327 -0.000 -133.8069
465.696680 -0.000 -132.5724
469.071310 -0.000 -131.3412
472.470394 -0.000 -130.1133
475.894109 -0.000 -128.8890
479.342634 -0.000 -127.6682
482.816148 -0.000 -126.4510
486.314833 -0.000 -125.2377
489.838871 -0.000 -124.0283
493.388445 -0.000 -122.8228
496.963741 -0.000 -121.6215
500.564945 -0.000 -120.4243
504.192245 -0.000 -119.2314
507.845830 -0.000 -118.0428
511.525890 -0.000 -116.8586
515.232618 -0.000 -115.6790
518.966206 -0.000 -114.5038
522.726849 -0.000 -113.3334
526.514743 -0.000 -112.1676
530.330086 -0.000 -111.0065
534.173076 -0.000 -109.8503
538.043915 -0.000 -108.6989
541.942803 -0.000 -107.5525
545.869944 -0.000 -106.4109
549.825542 -0.000 -105.2744
553.809805 -0.000 -104.1429
557.822939 -0.000 -103.0165
561.865154 -0.000 -101.8952
565.936660 -0.000 -100.7790
570.037671 -0.000 -99.6680
574.168399 -0.000 -98.5621
578.329060 -0.000 -97.4614
582.519870 -0.000 -96.3659
586.741049 -0.000 -95.2756
590.992817 -0.000 -94.1906
595.275394 -0.000 -93.1108
599.589005 -0.000 -92.0362
603.933874 -0.000 -90.9669
608.310228 -0.000 -89.9028
612.718295 -0.000 -88.8439
617.158304 -0.000 -87.7903
621.630488 -0.000 -86.7418
626.135079 -0.000 -85.6986
630.672311 -0.000 -84.6606
635.242423 -0.000 -83.6277
639.845651 -0.000 -82.6000
644.482237 -0.000 -81.5774
649.152421 -0.000 -80.5599
653.856447 -0.000 -79.5476
658.594560 -0.000 -78.5402
663.367008 -0.000 -77.5380
668.174039 -0.000 -76.5406
673.015903 -0.000 -75.5484
677.892854 -0.000 -74.5610
682.805145 -0.000 -73.5785
687.753032 -0.000 -72.6009
692.736774 -0.000 -71.6281
697.756631 -0.000 -70.6601
702.812863 -0.000 -69.6969
707.905735 -0.000 -68.7384
713.035511 -0.000 -67.7845
718.202461 -0.000 -66.8353
723.406852 -0.000 -65.8906
728.648956 -0.000 -64.9505
733.929047 -0.000 -64.0148
739.247399 -0.000 -63.0836
744.604290 -0.000 -62.1568
750.000000 -0.000 -61.2343
755.434809 -0.000 -60.3160
760.909001 -0.000 -59.4021
766.422861 -0.000 -58.4922
771.976677 -0.000 -57.5866
777.570739 -0.000 -56.6850
783.205337 -0.000 -55.7874
788.880766 -0.000 -54.8938
794.597321 -0.000 -54.0041
800.355301 -0.000 -53.1183
806.155005 -0.000 -52.2362
811.996736 -0.000 -51.3579
817.880799 -0.000 -50.4833
823.807501 -0.000 -49.6123
829.777150 -0.000 -48.7448
835.790057 -0.000 -47.8809
841.846536 -0.000 -47.0204
847.946903 -0.000 -46.1634
854.091476 -0.000 -45.3096
860.280575 -0.000 -44.4591
866.514523 -0.000 -43.6119
872.793644 -0.000 -42.7678
879.118267 -0.000 -41.9268
885.488720 -0.000 -41.0888
891.905336 -0.000 -40.2538
898.368450 -0.000 -39.4216
904.878398 -0.000 -38.5924
911.435520 -0.000 -37.7659
918.040157 -0.000 -36.9422
924.692655 -0.000 -36.1212
931.393359 -0.000 -35.3027
938.142619 -0.000 -34.4868
944.940787 -0.000 -33.6733
951.788218 -0.000 -32.8623
958.685268 -0.000 -32.0536
965.632296 -0.000 -31.2473
972.629666 -0.000 -30.4432
979.677741 -0.000 -29.6413
986.776890 -0.000 -28.8415
993.927482 -0.000 -28.0438
1001.129891 -0.000 -27.2480
1008.384491 -0.000 -26.4543
1015.691660 -0.000 -25.6625
1023.051781 -0.000 -24.8726
1030.465236 -0.000 -24.0842
1037.932411 -0.000 -23.2977
1045.453698 -0.000 -22.5128
1053.029486 -0.000 -21.7295
1060.660172 -0.000 -20.9476
1068.346153 -0.000 -20.1674
1076.087829 -0.000 -19.3884
1083.885605 -0.000 -18.6107
1091.739887 -0.000 -17.8344
1099.651084 -0.000 -17.0591
1107.619609 -0.000 -16.2851
1115.645878 -0.000 -15.5121
1123.730308 -0.000 -14.7402
1131.873321 -0.000 -13.9692
1140.075341 -0.000 -13.1991
1148.336797 -0.000 -12.4299
1156.658119 -0.000 -11.6614
1165.039741 -0.000 -10.8937
1173.482099 -0.000 -10.1266
1181.985634 -0.000 -9.3601
1190.550789 -0.000 -8.5941
1199.178011 -0.000 -7.8286
1207.867749 -0.000 -7.0636
1216.620457 -0.000 -6.2988
1225.436590 -0.000 -5.5344
1234.316609 -0.000 -4.7702
1243.260976 -0.000 -4.0062
1252.270157 -0.000 -3.2422
1261.344623 -0.000 -2.4784
1270.484846 -0.000 -1.7145
1279.691303 -0.000 -0.9506
1288.964474 -0.000 -0.1865
1298.304842 -0.000 0.5778
1307.712894 -0.000 1.3422
1317.189120 -0.000 2.1071
1326.734016 -0.000 2.8722
1336.348077 -0.000 3.6378
1346.031806 -0.000 4.4039
1355.785708 -0.000 5.1707
1365.610290 -0.000 5.9379
1375.506065 -0.000 6.7058
1385.473549 -0.000 7.4745
1395.513261 -0.000 8.2440
1405.625726 -0.000 9.0143
1415.811469 -0.000 9.7855
1426.071023 -0.000 10.5577
1436.404921 -0.000 11.3309
1446.813703 -0.000 12.1052
1457.297912 -0.000 12.8807
1467.858093 -0.000 13.6575
1478.494798 -0.000 14.4354
1489.208581 -0.000 15.2147
1500.000000 -0.000 15.9954
1510.869618 -0.000 16.7775
1521.818002 -0.000 17.5612
1532.845723 -0.000 18.3464
1543.953355 -0.000 19.1332
1555.141477 -0.000 19.9218
1566.410674 -0.000 20.7120
1577.761531 -0.000 21.5042
1589.194642 -0.000 22.2981
1600.710601 -0.000 23.0940
1612.310010 -0.000 23.8918
1623.993473 -0.000 24.6918
1635.761599 -0.000 25.4938
1647.615002 -0.000 26.2980
1659.554299 -0.000 27.1044
1671.580114 -0.000 27.9131
1683.693072 -0.000 28.7241
1695.893807 -0.000 29.5376
1708.182952 -0.000 30.3535
1720.561150 -0.000 31.1718
1733.029045 -0.000 31.9928
1745.587288 -0.000 32.8163
1758.236533 -0.000 33.6426
1770.977440 -0.000 34.4716
1783.810673 -0.000 35.3033
1796.736900 -0.000 36.1379
1809.756796 -0.000 36.9755
1822.871040 -0.000 37.8159
1836.080315 -0.000 38.6594
1849.385310 -0.000 39.5060
1862.786718 -0.000 40.3556
1876.285239 -0.000 41.2084
1889.881575 -0.000 42.0645
1903.576436 -0.000 42.9237
1917.370535 -0.000 43.7863
1931.264593 -0.000 44.6523
1945.259332 -0.000 45.5217
1959.355483 -0.000 46.3945
1973.553781 -0.000 47.2709
1987.854965 -0.000 48.1508
2002.259781 -0.000 49.0342
2016.768981 -0.000 49.9214
2031.383320 -0.000 50.8122
2046.103561 -0.000 51.7068
2060.930471 -0.000 52.6051
2075.864823 -0.000 53.5072
2090.907395 -0.000 54.4131
2106.058972 -0.000 55.3230
2121.320344 -0.000 56.2367
2136.692305 -0.000 57.1544
2152.175658 -0.000 58.0761
2167.771210 -0.000 59.0018
2183.479774 -0.000 59.9315
2199.302169 -0.000 60.8654
2215.239219 -0.000 61.8032
2231.291755 -0.000 62.7452
2247.460615 -0.000 63.6914
2263.746641 -0.000 64.6417
2280.150683 -0.000 65.5962
2296.673595 -0.000 66.5549
2313.316238 -0.000 67.5178
2330.079481 -0.000 68.4849
2346.964198 -0.000 69.4562
2363.971268 -0.000 70.4318
2381.101578 -0.000 71.4116
2398.356022 -0.000 72.3956
2415.735498 -0.000 73.3839
2433.240913 -0.000 74.3764
2450.873180 -0.000 75.3732
2468.633217 -0.000 76.3741
2486.521951 -0.000 77.3793
2504.540314 -0.000 78.3887
2522.689246 -0.000 79.4023
2540.969692 -0.000 80.4200
2559.382606 -0.000 81.4419
2577.928947 -0.000 82.4679
2596.609683 -0.000 83.4979
2615.425787 -0.000 84.5320
2634.378241 -0.000 85.5701
2653.468031 -0.000 86.6122
2672.696154 -0.000 87.6581
2692.063613 -0.000 88.7080
2711.571415 -0.000 89.7617
2731.220579 -0.000 90.8192
2751.012130 -0.000 91.8804
2770.947098 -0.000 92.9452
2791.026522 -0.000 94.0137
2811.251451 -0.000 95.0856
2831.622938 -0.000 96.1610
2852.142045 -0.000 97.2397
2872.809842 -0.000 98.3218
2893.627406 -0.000 99.4071
2914.595823 -0.000 100.4954
2935.716186 -0.000 101.5868
2956.989596 -0.000 102.6812
2978.417161 -0.000 103.7783
3000.000000 -0.000 104.8782
3021.739237 -0.000 105.9807
3043.636005 -0.000 107.0857
3065.691446 -0.000 108.1931
3087.906710 -0.000 109.3029
3110.282955 -0.000 110.4147
3132.821347 -0.000 111.5286
3155.523062 -0.000 112.6443
3178.389283 -0.000 113.7619
3201.421202 -0.000 114.8811
3224.620020 -0.000 116.0018
3247.986946 -0.000 117.1238
3271.523198 -0.000 118.2471
3295.230004 -0.000 119.3713
3319.108599 -0.000 120.4966
3343.160228 -0.000 121.6226
3367.386145 -0.000 122.7491
3391.787613 -0.000 123.8762
3416.365904 -0.000 125.0034
3441.122300 -0.000 126.1309
3466.058091 -0.000 127.2582
3491.174576 -0.000 128.3854
3516.473066 -0.000 129.5121
3541.954880 -0.000 130.6383
3567.621345 -0.000 131.7638
3593.473800 -0.000 132.8884
3619.513592 -0.000 134.0118
3645.742080 -0.000 135.1340
3672.160630 -0.000 136.2548
3698.770620 -0.000 137.3740
3725.573436 -0.000 138.4913
3752.570477 -0.000 139.6068
3779.763150 -0.000 140.7200
3807.152872 -0.000 141.8309
3834.741071 -0.000 142.9393
3862.529185 -0.000 144.0450
3890.518664 -0.000 145.1478
3918.710966 -0.000 146.2476
3947.107561 -0.000 147.3441
3975.709929 -0.000 148.4373
4004.519563 -0.000 149.5268
4033.537962 -0.000 150.6125
4062.766641 -0.000 151.6945
4092.207123 -0.000 152.7722
4121.860942 -0.000 153.8457
4151.729646 -0.000 154.9147
4181.814790 -0.000 155.9792
4212.117944 -0.000 157.0389
4242.640687 -0.000 158.0936
4273.384610 -0.000 159.1432
4304.351317 -0.000 160.1876
4335.542421 -0.000 161.2266
4366.959549 -0.000 162.2599
4398.604338 -0.000 163.2876
4430.478438 -0.000 164.3095
4462.583511 -0.000 165.3253
4494.921231 -0.000 166.3351
4527.493283 -0.000 167.3385
4560.301365 -0.000 168.3354
4593.347189 -0.000 169.3259
4626.632476 -0.000 170.3098
4660.158962 -0.000 171.2867
4693.928395 -0.000 172.2568
4727.942535 -0.000 173.2199
4762.203156 -0.000 174.1759
4796.712043 -0.000 175.1245
4831.470996 -0.000 176.0658
4866.481826 -0.000 176.9996
4901.746360 -0.000 177.9259
4937.266434 -0.000 178.8445
4973.043902 -0.000 179.7553
5009.080628 -0.000 -179.3416
5045.378492 -0.000 -178.4465
5081.939384 -0.000 -177.5595
5118.765212 -0.000 -176.6806
5155.857894 -0.000 -175.8098
5193.219366 -0.000 -174.9472
5230.851574 -0.000 -174.0930
5268.756481 -0.000 -173.2470
5306.936062 -0.000 -172.4096
5345.392309 -0.000 -171.5807
5384.127225 -0.000 -170.7603
5423.142830 -0.000 -169.9484
5462.441159 -0.000 -169.1453
5502.024259 -0.000 -168.3508
5541.894195 -0.000 -167.5650
5582.053045 -0.000 -166.7881
5622.502902 -0.000 -166.0199
5663.245876 -0.000 -165.2606
5704.284090 -0.000 -164.5102
5745.619684 -0.000 -163.7687
5787.254813 -0.000 -163.0361
5829.191647 -0.000 -162.3124
5871.432373 -0.000 -161.5978
5913.979192 -0.000 -160.8922
5956.834323 -0.000 -160.1955
6000.000000 -0.000 -159.5079
6043.478473 -0.000 -158.8293
6087.272010 -0.000 -158.1599
6131.382892 -0.000 -157.4993
6175.813420 -0.000 -156.8479
6220.565910 -0.000 -156.2056
6265.642695 -0.000 -155.5723
6311.046124 -0.000 -154.9481
6356.778566 -0.000 -154.3329
6402.842404 -0.000 -153.7269
6449.240040 -0.000 -153.1298
6495.973891 -0.000 -152.5418
6543.046396 -0.000 -151.9630
6590.460007 -0.000 -151.3930
6638.217197 -0.000 -150.8322
6686.320456 -0.000 -150.2803
6734.772290 -0.000 -149.7374
6783.575226 -0.000 -149.2036
6832.731809 -0.000 -148.6786
6882.244600 -0.000 -148.1627
6932.116181 -0.000 -147.6558
6982.349153 -0.000 -147.1576
7032.946133 -0.000 -146.6685
7083.909760 -0.000 -146.1882
7135.242690 -0.000 -145.7167
7186.947600 -0.000 -145.2542
7239.027185 -0.000 -144.8005
7291.484160 -0.000 -144.3555
7344.321260 -0.000 -143.9193
7397.541239 -0.000 -143.4918
7451.146872 -0.000 -143.0732
7505.140954 -0.000 -142.6632
7559.526299 -0.000 -142.2619
7614.305743 -0.000 -141.8693
7669.482141 -0.000 -141.4854
7725.058371 -0.000 -141.1100
7781.037328 -0.000 -140.7432
7837.421932 -0.000 -140.3849
7894.215122 -0.000 -140.0353
7951.419859 -0.000 -139.6942
8009.039125 -0.000 -139.3615
8067.075924 -0.000 -139.0373
8125.533282 -0.000 -138.7214
8184.414245 -0.000 -138.4141
8243.721885 -0.000 -138.1151
8303.459292 -0.000 -137.8245
8363.629581 -0.000 -137.5422
8424.235888 -0.000 -137.2682
8485.281374 -0.000 -137.0026
8546.769221 -0.000 -136.7451
8608.702634 -0.000 -136.4959
8671.084842 -0.000 -136.2550
8733.919097 -0.000 -136.0222
8797.208675 -0.000 -135.7976
8860.956876 -0.000 -135.5811
8925.167022 -0.000 -135.3728
8989.842461 -0.000 -135.1725
9054.986566 -0.000 -134.9803
9120.602731 -0.000 -134.7962
9186.694378 -0.000 -134.6201
9253.264952 -0.000 -134.4520
9320.317925 -0.000 -134.2919
9387.856790 -0.000 -134.1397
9455.885071 -0.000 -133.9955
9524.406312 -0.000 -133.8593
9593.424086 -0.000 -133.7308
9662.941992 -0.000 -133.6104
9732.963653 -0.000 -133.4977
9803.492719 -0.000 -133.3929
9874.532869 -0.000 -133.2961
9946.087805 -0.000 -133.2069
10018.161257 -0.000 -133.1256
10090.756983 -0.000 -133.0521
10163.878768 -0.000 -132.9862
10237.530423 -0.000 -132.9282
10311.715789 -0.000 -132.8779
10386.438732 -0.000 -132.8352
10461.703149 -0.000 -132.8003
10537.512962 -0.000 -132.7731
10613.872125 -0.000 -132.7536
10690.784618 -0.000 -132.7417
10768.254450 -0.000 -132.7374
10846.285661 -0.000 -132.7408
10924.882318 -0.000 -132.7519
11004.048518 -0.000 -132.7705
11083.788390 -0.000 -132.7968
11164.106090 -0.000 -132.8306
11245.005805 -0.000 -132.8721
11326.491752 -0.000 -132.9211
11408.568180 -0.000 -132.9776
11491.239368 -0.000 -133.0417
11574.509626 -0.000 -133.1135
11658.383294 -0.000 -133.1927
11742.864745 -0.000 -133.2795
11827.958384 -0.000 -133.3738
11913.668646 -0.000 -133.4756
12000.000000 -0.000 -133.5850
12086.956947 -0.000 -133.7018
12174.544019 -0.000 -133.8262
12262.765784 -0.000 -133.9581
12351.626840 -0.000 -134.0976
12441.131819 -0.000 -134.2445
12531.285389 -0.000 -134.3990
12622.092249 -0.000 -134.5609
12713.557132 -0.000 -134.7303
12805.684808 -0.000 -134.9073
12898.480079 -0.000 -135.0917
12991.947783 -0.000 -135.2837
13086.092792 -0.000 -135.4832
13180.920015 -0.000 -135.6901
13276.434395 -0.000 -135.9047
13372.640911 -0.000 -136.1266
13469.544580 -0.000 -136.3561
13567.150452 -0.000 -136.5933
13665.463617 -0.000 -136.8378
13764.489200 -0.000 -137.0899
13864.232362 -0.000 -137.3495
13964.698305 -0.000 -137.6168
14065.892266 -0.000 -137.8915
14167.819519 -0.000 -138.1738
14270.485380 -0.000 -138.4636
14373.895200 -0.000 -138.7611
14478.054370 -0.000 -139.0661
14582.968320 -0.000 -139.3787
14688.642520 -0.000 -139.6990
14795.082478 -0.000 -140.0268
14902.293745 -0.000 -140.3623
15010.281908 -0.000 -140.7054
15119.052599 -0.000 -141.0561
15228.611486 -0.000 -141.4145
15338.964283 -0.000 -141.7805
15450.116741 -0.000 -142.1544
15562.074656 -0.000 -142.5358
15674.843864 -0.000 -142.9249
15788.430244 -0.000 -143.3218
15902.839718 -0.000 -143.7264
16018.078250 -0.000 -144.1389
16134.151848 -0.000 -144.5590
16251.066563 -0.000 -144.9870
16368.828491 -0.000 -145.4227
16487.443769 -0.000 -145.8663
16606.918584 -0.000 -146.3177
16727.259161 -0.000 -146.7770
16848.471777 -0.000 -147.2442
16970.562748 -0.000 -147.7193
17093.538442 -0.000 -148.2023
17217.405268 -0.000 -148.6932
17342.169684 -0.000 -149.1921
17467.838194 -0.000 -149.6989
17594.417350 -0.000 -150.2137
17721.913751 -0.000 -150.7366
17850.334044 -0.000 -151.2673
17979.684923 -0.000 -151.8062
18109.973131 -0.000 -152.3530
18241.205462 -0.000 -152.9078
18373.388756 -0.000 -153.4706
18506.529905 -0.000 -154.0413
18640.635849 -0.000 -154.6198
18775.713581 -0.000 -155.2061
18911.770141 -0.000 -155.7999
19048.812624 -0.000 -156.4010
19186.848172 -0.000 -157.0092
19325.883983 -0.000 -157.6240
19465.927305 -0.000 -158.2449
19606.985439 -0.000 -158.8712
19749.065738 -0.000 -159.5018
19892.175609 -0.000 -160.1355
20036.322514 -0.000 -160.7708
20181.513966 -0.000 -161.4056
20327.757536 -0.000 -162.0374
20475.060846 -0.000 -162.6630
20623.431577 -0.000 -163.2786
20772.877464 -0.000 -163.8799
20923.406297 -0.000 -164.4614
21075.025924 -0.000 -165.0170
21227.744250 -0.000 -165.5399
21381.569235 -0.000 -166.0226
21536.508900 -0.000 -166.4577
21692.571321 -0.000 -166.8373
21849.764635 -0.000 -167.1544
22008.097037 -0.000 -167.4031
22167.576780 -0.000 -167.5793
22328.212180 -0.000 -167.6819
22490.011609 -0.000 -167.7125
22652.983504 -0.000 -167.6765
22817.136361 -0.000 -167.5823
22982.478737 -0.000 -167.4412
23149.019252 -0.000 -167.2654
23316.766588 -0.000 -167.0667
23485.729490 -0.000 -166.8549
23655.916767 -0.000 -166.6362
23827.337292 -0.000 -166.4144
24000.000000 -0.000 -166.1906
