* Measurement data measured by REW V5.40 beta 133
* Source: Trace Arithmetic result A / B
* Format: Trace Arithmetic result A / B
* Dated: Sep 1, 2026, 11:40:53 AM
* REW Settings:
*  C-weighting compensation: Off
*  Target level: 75.0 dB
* Note: ; Trace Arithmetic A over B A = Target LR.RMS B = LR-SP-MP Maximum gain 0.0 dB Lower frequency limit 30 Hz Upper frequency limit 80 Hz 
* Measurement: Fcommon
* Smoothing: 1/48 octave
* Frequency Step: 96 ppo
* Start Frequency: 16.296387 Hz
*
* Freq(Hz) SPL(dB) Phase(degrees)
16.296387 -0.000 0.0000
16.414477 -0.000 0.0000
16.533423 0.000 0.0000
16.653231 -0.000 -0.0000
16.773907 0.000 -0.0000
16.895458 0.000 -0.0000
17.017889 -0.000 -0.0000
17.141208 0.000 -0.0000
17.265420 0.000 -0.0000
17.390533 -0.000 -0.0000
17.516552 0.000 -0.0000
17.643484 0.000 -0.0000
17.771336 -0.000 -0.0000
17.900114 0.000 -0.0000
18.029826 0.000 -0.0000
18.160477 -0.000 -0.0000
18.292076 0.000 -0.0000
18.424628 -0.000 -0.0000
18.558140 -0.000 -0.0000
18.692620 0.000 -0.0000
18.828074 -0.000 -0.0000
18.964510 0.000 -0.0000
19.101935 0.000 -0.0000
19.240355 -0.000 -0.0000
19.379779 0.000 -0.0000
19.520213 -0.000 -0.0000
19.661664 -0.000 0.0000
19.804141 0.000 0.0000
19.947650 -0.000 -0.0001
20.092199 0.000 0.0001
20.237795 -0.000 0.0001
20.384447 -0.000 -0.0004
20.532161 0.000 -0.0006
20.680945 -0.000 0.0032
20.830808 0.000 0.0025
20.981756 -0.000 -0.0323
21.133799 -0.000 -0.2046
21.286943 0.000 -0.5731
21.441197 -0.000 -1.1478
21.596569 0.000 -1.8513
21.753066 -0.000 -2.5757
21.910698 0.000 -3.2753
22.069472 -0.000 -3.9433
22.229397 -0.000 -4.5822
22.390480 0.000 -5.1925
22.552731 -0.000 -5.7718
22.716157 0.000 -6.3189
22.880768 -0.000 -6.8332
23.046571 0.000 -7.3142
23.213576 -0.000 -7.7614
23.381791 -0.000 -8.1749
23.551225 -0.000 -8.5543
23.721887 -0.000 -8.8995
23.893786 -0.001 -9.2096
24.066930 -0.005 -9.4839
24.241329 -0.011 -9.7212
24.416992 -0.021 -9.9196
24.593927 -0.033 -10.0770
24.772145 -0.046 -10.1905
24.951654 -0.059 -10.2573
25.132464 -0.073 -10.2739
25.314584 -0.086 -10.2373
25.498024 -0.098 -10.1441
25.682793 -0.108 -9.9914
25.868901 -0.116 -9.7764
26.056358 -0.121 -9.4968
26.245173 -0.121 -9.1507
26.435357 -0.117 -8.7369
26.626918 -0.105 -8.2546
26.819868 -0.087 -7.7041
27.014216 -0.062 -7.0866
27.209972 -0.036 -6.4051
27.407146 -0.015 -5.6634
27.605750 -0.005 -4.8662
27.805792 -0.001 -4.0205
28.007285 -0.000 -3.1378
28.210237 -0.000 -2.2331
28.414660 -0.000 -1.3251
28.620564 -0.000 -0.4374
28.827961 -0.000 0.4013
29.036860 -0.000 1.1576
29.247273 -0.000 1.7935
29.459211 -0.000 2.2678
29.672685 0.000 2.5379
29.887705 -0.000 2.5643
30.104284 0.000 2.3136
30.322432 0.000 1.7656
30.542161 -0.000 0.9200
30.763482 0.000 -0.1979
30.986406 -0.000 -1.5384
31.210947 0.000 -3.0301
31.437114 0.000 -4.5868
31.664920 -0.000 -6.1209
31.894378 0.000 -7.5562
32.125497 -0.000 -8.8340
32.358292 -0.000 -9.9110
32.592773 0.000 -10.7611
32.828954 -0.000 -11.3717
33.066846 -0.000 -11.7382
33.306462 0.000 -11.8618
33.547815 -0.000 -11.7470
33.790916 0.000 -11.4002
34.035779 0.000 -10.8309
34.282416 -0.000 -10.0512
34.530841 -0.000 -9.0754
34.781065 -0.000 -7.9227
35.033103 -0.000 -6.6159
35.286968 -0.000 -5.1809
35.542671 -0.000 -3.6493
35.800228 -0.000 -2.0528
36.059652 -0.000 -0.4269
36.320955 -0.000 1.1917
36.584151 0.000 2.7657
36.849255 -0.000 4.2549
37.116280 -0.000 5.6226
37.385240 0.000 6.8329
37.656149 0.000 7.8573
37.929021 -0.000 8.6734
38.203870 -0.000 9.2682
38.480711 -0.000 9.6389
38.759558 -0.000 9.7913
39.040426 0.000 9.7393
39.323329 -0.000 9.5000
39.608282 -0.000 9.0922
39.895300 -0.000 8.5294
40.184398 -0.000 7.8174
40.475590 -0.000 6.9528
40.768893 -0.000 5.9251
41.064321 -0.000 4.7219
41.361890 -0.000 3.3353
41.661616 -0.000 1.7683
41.963513 -0.000 0.0408
42.267598 -0.000 -1.8060
42.573886 -0.000 -3.7045
42.882394 -0.000 -5.5805
43.193138 0.000 -7.3675
43.506133 -0.000 -9.0111
43.821396 -0.000 -10.4746
44.138944 -0.000 -11.7419
44.458793 -0.000 -12.8215
44.780960 -0.000 -13.7463
45.105461 -0.000 -14.5687
45.432314 -0.000 -15.3573
45.761535 -0.000 -16.1928
46.093142 -0.000 -17.1659
46.427152 -0.000 -18.3673
46.763582 -0.000 -19.8758
47.102451 -0.000 -21.7421
47.443774 -0.000 -23.9701
47.787572 -0.000 -26.5034
48.133860 -0.000 -29.2204
48.482658 -0.000 -31.9483
48.833983 -0.000 -34.4926
49.187854 -0.000 -36.6731
49.544290 -0.000 -38.3556
49.903308 0.000 -39.4679
50.264928 0.000 -39.9972
50.629168 0.000 -39.9764
50.996048 -0.000 -39.4670
51.365587 -0.000 -38.5445
51.737803 -0.000 -37.2885
52.112716 -0.000 -35.7773
52.490347 -0.000 -34.0843
52.870713 -0.000 -32.2772
53.253836 -0.000 -30.4189
53.639735 -0.000 -28.5685
54.028431 -0.000 -26.7826
54.419943 0.000 -25.1157
54.814293 0.000 -23.6217
55.211500 0.000 -22.3543
55.611585 0.000 -21.3685
56.014569 0.000 -20.7153
56.420474 0.000 -20.4269
56.829320 -0.000 -20.5283
57.241129 -0.000 -21.0912
57.655922 -0.000 -22.2187
58.073720 0.000 -23.9843
58.494546 0.000 -26.4169
58.918422 -0.000 -29.4877
59.345369 -0.000 -33.0796
59.775410 -0.000 -36.9728
60.208567 -0.000 -40.8558
60.644863 -0.000 -44.3815
61.084321 -0.000 -47.2495
61.526963 0.000 -49.2593
61.972813 -0.000 -50.3359
62.421894 -0.000 -50.5087
62.874228 -0.000 -49.8741
63.329841 -0.000 -48.5577
63.788755 -0.000 -46.6914
64.250995 -0.000 -44.3968
64.716584 -0.000 -41.7832
65.185547 -0.000 -38.9436
65.657908 -0.000 -35.9569
66.133692 -0.000 -32.8896
66.612924 -0.000 -29.7976
67.095629 -0.000 -26.7300
67.581832 -0.000 -23.7299
68.071558 -0.000 -20.8369
68.564832 -0.000 -18.0888
69.061681 -0.000 -15.5242
69.562131 -0.000 -13.1851
70.066206 -0.000 -11.1209
70.573935 -0.000 -9.3925
71.085343 -0.000 -8.0785
71.600457 -0.000 -7.2821
72.119303 -0.000 -7.1367
72.641909 -0.000 -7.8040
73.168302 -0.000 -9.4466
73.698510 -0.000 -12.1548
74.232560 -0.000 -15.8240
74.770480 -0.000 -20.0547
75.312297 -0.000 -24.2075
75.858041 -0.000 -27.6469
76.407740 -0.000 -29.9939
76.961422 -0.000 -31.1911
77.519116 -0.000 -31.3939
78.080852 -0.000 -30.8314
78.646658 -0.000 -29.7204
79.216564 -0.000 -28.2361
79.790600 -0.000 -26.5101
80.368795 -0.000 -24.6388
80.951181 -0.000 -22.6918
81.537786 -0.002 -20.7191
82.128643 -0.008 -18.7578
82.723781 -0.023 -16.8355
83.323231 -0.053 -14.9692
83.927026 -0.089 -13.1679
84.535196 -0.116 -11.4442
85.147772 -0.125 -9.8103
85.764788 -0.114 -8.2758
86.386275 -0.087 -6.8501
87.012266 -0.052 -5.5442
87.642793 -0.024 -4.3687
88.277888 -0.008 -3.3317
88.917586 -0.002 -2.4428
89.561920 -0.000 -1.7128
90.210922 -0.000 -1.1493
90.864628 -0.000 -0.7560
91.523071 -0.000 -0.5320
92.186284 -0.000 -0.4700
92.854304 -0.000 -0.5564
93.527165 -0.000 -0.7710
94.204901 -0.000 -1.0882
94.887549 -0.000 -1.4781
95.575143 -0.000 -1.9086
96.267720 -0.000 -2.3485
96.965316 -0.000 -2.7688
97.667966 -0.000 -3.1454
98.375709 -0.000 -3.4599
99.088579 -0.000 -3.7001
99.806616 -0.000 -3.8606
100.529856 -0.000 -3.9422
101.258337 -0.000 -3.9507
101.992096 -0.000 -3.8956
102.731173 -0.000 -3.7883
103.475606 -0.000 -3.6398
104.225433 -0.000 -3.4594
104.980693 -0.000 -3.2528
105.741426 -0.000 -3.0218
106.507672 -0.000 -2.7656
107.279471 -0.000 -2.4819
108.056862 -0.002 -2.1703
108.839887 -0.005 -1.8333
109.628585 -0.012 -1.4782
110.422999 -0.018 -1.1155
111.223170 -0.021 -0.7597
112.029139 -0.018 -0.4317
112.840948 -0.011 -0.1752
113.658640 -0.005 -0.0418
114.482258 -0.001 -0.0054
115.311843 -0.000 -0.0004
116.147440 -0.000 -0.0000
116.989093 -0.000 -0.0000
117.836844 -0.000 0.0000
118.690738 -0.000 0.0000
119.550820 -0.000 0.0000
120.417135 -0.000 0.0000
121.289727 -0.000 0.0000
122.168642 -0.000 0.0000
123.053927 -0.000 -0.0000
123.945626 -0.000 -0.0000
124.843787 -0.000 -0.0000
125.748457 -0.000 -0.0000
126.659682 -0.000 -0.0000
127.577510 -0.000 -0.0000
128.501989 -0.000 -0.0000
129.433168 -0.000 -0.0000
130.371094 -0.000 -0.0000
131.315816 -0.000 0.0000
132.267385 -0.000 0.0000
133.225849 -0.000 0.0000
134.191258 -0.000 -0.0000
135.163664 -0.000 -0.0000
136.143115 -0.000 -0.0000
137.129664 -0.000 -0.0000
138.123362 -0.000 -0.0000
139.124261 -0.000 -0.0000
140.132413 -0.000 0.0000
141.147870 -0.000 0.0000
142.170686 -0.000 0.0000
143.200913 -0.000 0.0000
144.238606 -0.000 0.0000
145.283818 -0.000 0.0000
146.336605 -0.000 0.0000
147.397020 -0.000 0.0000
148.465120 -0.000 -0.0000
149.540959 -0.000 -0.0000
150.624595 -0.000 -0.0000
151.716083 -0.000 -0.0000
152.815480 -0.000 0.0000
153.922844 -0.000 0.0000
155.038232 -0.000 0.0000
156.161703 -0.000 0.0000
157.293315 -0.000 0.0000
158.433127 -0.000 0.0000
159.581199 -0.000 -0.0000
160.737590 -0.000 -0.0000
161.902361 -0.000 -0.0000
163.075572 -0.000 -0.0000
164.257285 -0.000 0.0000
165.447561 -0.000 0.0000
166.646463 -0.000 0.0000
167.854052 -0.000 0.0000
169.070391 -0.000 0.0000
170.295545 -0.000 0.0000
171.529577 -0.000 -0.0000
172.772551 -0.000 -0.0000
174.024532 -0.000 -0.0000
175.285585 -0.000 -0.0000
176.555777 -0.000 -0.0000
177.835173 -0.000 0.0000
179.123840 -0.000 0.0000
180.421845 -0.000 0.0000
181.729256 -0.000 -0.0000
183.046141 -0.000 -0.0000
184.372569 -0.000 -0.0000
185.708609 -0.000 -0.0000
187.054330 -0.000 -0.0000
188.409802 -0.000 0.0000
189.775098 -0.000 0.0000
191.150286 -0.000 0.0000
192.535440 -0.000 0.0000
193.930631 -0.000 0.0000
195.335932 -0.000 -0.0000
196.751417 -0.000 -0.0000
198.177159 -0.000 0.0000
199.613232 -0.000 0.0000
201.059712 -0.000 0.0000
202.516674 -0.000 0.0000
203.984193 -0.000 -0.0000
205.462347 -0.000 -0.0000
206.951211 -0.000 -0.0000
208.450865 -0.000 -0.0000
209.961386 -0.000 -0.0000
211.482853 -0.000 0.0000
213.015345 -0.000 0.0000
214.558942 -0.000 0.0000
216.113724 -0.000 -0.0000
217.679773 -0.000 -0.0000
219.257171 -0.000 -0.0000
220.845999 -0.000 -0.0000
222.446340 -0.000 0.0000
224.058278 -0.000 0.0000
225.681896 -0.000 0.0000
227.317280 -0.000 -0.0000
228.964515 -0.000 -0.0000
230.623686 -0.000 -0.0000
232.294881 -0.000 -0.0000
233.978185 -0.000 -0.0000
235.673687 -0.000 0.0000
237.381476 -0.000 0.0000
239.101640 -0.000 0.0000
240.834269 -0.000 0.0000
242.579454 -0.000 -0.0000
244.337284 -0.000 -0.0000
246.107853 -0.000 0.0000
247.891252 -0.000 0.0000
249.687574 -0.000 0.0000
251.496913 -0.000 0.0000
253.319364 -0.000 -0.0000
255.155020 -0.000 -0.0000
257.003979 -0.000 -0.0000
258.866335 -0.000 -0.0000
260.742188 -0.000 0.0000
262.631633 -0.000 0.0000
264.534770 -0.000 0.0000
266.451698 -0.000 -0.0000
268.382517 -0.000 -0.0000
270.327327 -0.000 0.0000
272.286230 -0.000 0.0000
274.259329 -0.000 0.0000
276.246725 -0.000 -0.0000
278.248522 -0.000 -0.0000
280.264826 -0.000 -0.0000
282.295740 -0.000 0.0000
284.341372 -0.000 0.0000
286.401826 -0.000 0.0000
288.477212 -0.000 0.0000
290.567637 -0.000 -0.0000
292.673210 -0.000 -0.0000
294.794041 -0.000 -0.0000
296.930240 -0.000 0.0000
299.081919 -0.000 -0.0000
301.249190 -0.000 -0.0000
303.432165 -0.000 0.0000
305.630960 -0.000 0.0000
307.845688 -0.000 0.0000
310.076465 -0.000 -0.0000
312.323406 -0.000 -0.0000
314.586631 -0.000 -0.0000
316.866255 -0.000 0.0000
319.162398 -0.000 0.0000
321.475181 -0.000 0.0000
323.804722 -0.000 -0.0000
326.151145 -0.000 -0.0000
328.514571 -0.000 0.0000
330.895123 -0.000 0.0000
333.292925 -0.000 0.0000
335.708103 -0.000 0.0000
338.140782 -0.000 -0.0000
340.591090 -0.000 -0.0000
343.059153 -0.000 0.0000
345.545101 -0.000 0.0000
348.049064 -0.000 -0.0000
350.571171 -0.000 -0.0000
353.111554 -0.000 0.0000
355.670346 -0.000 0.0000
358.247680 -0.000 0.0000
360.843690 -0.000 0.0000
363.458512 -0.000 -0.0000
366.092282 -0.000 0.0000
368.745138 -0.000 -0.0000
371.417217 -0.000 -0.0000
374.108659 -0.000 -0.0000
376.819605 -0.000 0.0000
379.550195 -0.000 0.0000
382.300572 -0.000 0.0000
385.070880 -0.000 -0.0000
387.861262 -0.000 0.0000
390.671865 -0.000 -0.0000
393.502834 -0.000 -0.0000
396.354318 -0.000 -0.0000
399.226465 -0.000 0.0000
402.119424 -0.000 0.0000
405.033347 -0.000 -0.0000
407.968386 -0.000 -0.0000
410.924693 -0.000 0.0000
413.902423 -0.000 -0.0000
416.901730 -0.000 -0.0000
419.922772 -0.000 -0.0000
422.965706 -0.000 0.0000
426.030689 -0.000 0.0000
429.117883 -0.000 -0.0000
432.227449 -0.000 -0.0000
435.359547 -0.000 0.0000
438.514342 -0.000 0.0000
441.691997 -0.000 -0.0000
444.892680 -0.000 -0.0000
448.116555 -0.000 -0.0000
451.363793 -0.000 -0.0000
454.634561 -0.000 0.0000
457.929030 -0.000 0.0000
461.247373 -0.000 -0.0000
464.589761 -0.000 -0.0000
467.956370 -0.000 -0.0000
471.347375 -0.000 0.0000
474.762952 -0.000 0.0000
478.203280 -0.000 -0.0000
481.668538 -0.000 0.0000
485.158907 -0.000 -0.0000
488.674569 -0.000 -0.0000
492.215706 -0.000 0.0000
495.782504 -0.000 0.0000
499.375148 -0.000 -0.0000
502.993827 -0.000 -0.0000
506.638727 -0.000 -0.0000
510.310040 -0.000 -0.0000
514.007957 -0.000 -0.0000
517.732671 -0.000 0.0000
521.484375 -0.000 0.0000
525.263266 -0.000 0.0000
529.069540 -0.000 0.0000
532.903396 -0.000 0.0000
536.765034 -0.000 -0.0000
540.654654 -0.000 0.0000
544.572461 -0.000 0.0000
548.518657 -0.000 -0.0000
552.493450 -0.000 -0.0000
556.497045 -0.000 -0.0000
560.529652 -0.000 -0.0000
564.591481 -0.000 0.0000
568.682743 -0.000 0.0000
572.803653 -0.000 0.0000
576.954424 -0.000 0.0000
581.135274 -0.000 -0.0000
585.346420 -0.000 -0.0000
589.588081 -0.000 0.0000
593.860479 -0.000 -0.0000
598.163837 -0.000 -0.0000
602.498379 -0.000 -0.0000
606.864331 -0.000 -0.0000
611.261920 -0.000 0.0000
615.691376 -0.000 0.0000
620.152929 -0.000 0.0000
624.646813 -0.000 0.0000
629.173261 -0.000 -0.0000
633.732510 -0.000 0.0000
638.324797 -0.000 0.0000
642.950362 -0.000 0.0000
647.609445 -0.000 -0.0000
652.302290 -0.000 -0.0000
657.029141 -0.000 0.0000
661.790245 -0.000 0.0000
666.585850 -0.000 0.0000
671.416206 -0.000 0.0000
676.281565 -0.000 0.0000
681.182180 -0.000 0.0000
686.118307 -0.000 0.0000
691.090203 -0.000 -0.0000
696.098127 -0.000 -0.0000
701.142341 -0.000 -0.0000
706.223107 -0.000 0.0000
711.340691 -0.000 0.0000
716.495359 -0.000 0.0000
721.687380 -0.000 0.0000
726.917024 -0.000 0.0000
732.184565 -0.000 0.0000
737.490276 -0.000 -0.0000
742.834434 -0.000 -0.0000
748.217319 -0.000 -0.0000
753.639210 -0.000 0.0000
759.100390 -0.000 0.0000
764.601145 -0.000 -0.0000
770.141760 -0.000 -0.0000
775.722524 -0.000 -0.0000
781.343730 -0.000 -0.0000
787.005668 -0.000 -0.0000
792.708636 -0.000 -0.0000
798.452929 -0.000 0.0000
804.238848 -0.000 0.0000
810.066695 -0.000 0.0000
815.936772 -0.000 -0.0000
821.849386 -0.000 -0.0000
827.804845 -0.000 -0.0000
833.803461 -0.000 -0.0000
839.845544 -0.000 -0.0000
845.931411 -0.000 0.0000
852.061379 -0.000 0.0000
858.235767 -0.000 -0.0000
864.454897 -0.000 -0.0000
870.719094 -0.000 0.0000
877.028683 -0.000 -0.0000
883.383994 -0.000 -0.0000
889.785359 -0.000 0.0000
896.233111 -0.000 0.0000
902.727585 -0.000 0.0000
909.269121 -0.000 0.0000
915.858060 -0.000 0.0000
922.494745 -0.000 0.0000
929.179522 -0.000 -0.0000
935.912740 -0.000 -0.0000
942.694750 -0.000 0.0000
949.525905 -0.000 0.0000
956.406561 -0.000 -0.0000
963.337077 -0.000 -0.0000
970.317814 -0.000 -0.0000
977.349137 -0.000 -0.0000
984.431412 -0.000 -0.0000
991.565008 -0.000 0.0000
998.750297 -0.000 0.0000
1005.987653 -0.000 0.0000
1013.277454 -0.000 0.0000
1020.620080 -0.000 -0.0000
1028.015914 -0.000 -0.0000
1035.465341 -0.000 0.0000
1042.968750 -0.000 0.0000
1050.526531 -0.000 0.0000
1058.139080 -0.000 0.0000
1065.806792 -0.000 0.0000
1073.530067 -0.000 0.0000
1081.309309 -0.000 0.0000
1089.144922 -0.000 0.0000
1097.037315 -0.000 0.0000
1104.986899 -0.000 0.0000
1112.994090 -0.000 0.0000
1121.059304 -0.000 -0.0000
1129.182962 -0.000 0.0000
1137.365487 -0.000 -0.0000
1145.607306 -0.000 -0.0000
1153.908849 -0.000 -0.0000
1162.270548 -0.000 -0.0000
1170.692839 -0.000 -0.0000
1179.176162 -0.000 -0.0000
1187.720959 -0.000 -0.0000
1196.327675 -0.000 -0.0000
1204.996758 -0.000 0.0000
1213.728661 -0.000 -0.0000
1222.523840 -0.000 0.0000
1231.382751 -0.000 0.0000
1240.305858 -0.000 -0.0000
1249.293626 -0.000 -0.0000
1258.346522 -0.000 -0.0000
1267.465020 -0.000 0.0000
1276.649594 -0.000 0.0000
1285.900723 -0.000 0.0000
1295.218890 -0.000 0.0000
1304.604580 -0.000 -0.0000
1314.058283 -0.000 0.0000
1323.580491 -0.000 0.0000
1333.171700 -0.000 -0.0000
1342.832412 -0.000 -0.0000
1352.563129 -0.000 -0.0000
1362.364359 -0.000 -0.0000
1372.236613 -0.000 0.0000
1382.180405 -0.000 0.0000
1392.196254 -0.000 0.0000
1402.284682 -0.000 0.0000
1412.446215 -0.000 0.0000
1422.681382 -0.000 0.0000
1432.990718 -0.000 -0.0000
1443.374760 -0.000 -0.0000
1453.834048 -0.000 0.0000
1464.369129 -0.000 0.0000
1474.980551 -0.000 0.0000
1485.668868 -0.000 0.0000
1496.434638 -0.000 -0.0000
1507.278420 -0.000 0.0000
1518.200781 -0.000 -0.0000
1529.202289 -0.000 -0.0000
1540.283519 -0.000 -0.0000
1551.445049 -0.000 -0.0000
1562.687459 -0.000 -0.0000
1574.011337 -0.000 -0.0000
1585.417272 -0.000 -0.0000
1596.905859 -0.000 -0.0000
1608.477697 -0.000 -0.0000
1620.133389 -0.000 -0.0000
1631.873544 -0.000 -0.0000
1643.698772 -0.000 0.0000
1655.609691 -0.000 0.0000
1667.606921 -0.000 0.0000
1679.691088 -0.000 -0.0000
1691.862822 -0.000 0.0000
1704.122758 -0.000 0.0000
1716.471534 -0.000 -0.0000
1728.909794 -0.000 -0.0000
1741.438187 -0.000 0.0000
1754.057366 -0.000 0.0000
1766.767989 -0.000 0.0000
1779.570718 -0.000 0.0000
1792.466221 -0.000 0.0000
1805.455170 -0.000 0.0000
1818.538243 -0.000 0.0000
1831.716120 -0.000 0.0000
1844.989490 -0.000 0.0000
1858.359045 -0.000 0.0000
1871.825481 -0.000 -0.0000
1885.389500 -0.000 -0.0000
1899.051809 -0.000 -0.0000
1912.813121 -0.000 -0.0000
1926.674154 -0.000 -0.0000
1940.635629 -0.000 0.0000
1954.698275 -0.000 0.0000
1968.862824 -0.000 0.0000
1983.130016 -0.000 -0.0000
1997.500593 -0.000 -0.0000
2011.975306 -0.000 0.0000
2026.554909 -0.000 0.0000
2041.240161 -0.000 0.0000
2056.031828 -0.000 -0.0000
2070.930683 -0.000 0.0000
2085.937500 -0.000 -0.0000
2101.053063 -0.000 -0.0000
2116.278160 -0.000 0.0000
2131.613584 -0.000 0.0000
2147.060134 -0.000 0.0000
2162.618617 -0.000 0.0000
2178.289843 -0.000 0.0000
2194.074629 -0.000 0.0000
2209.973798 -0.000 0.0000
2225.988180 -0.000 0.0000
2242.118607 -0.000 0.0000
2258.365923 -0.000 -0.0000
2274.730974 -0.000 -0.0000
2291.214612 -0.000 -0.0000
2307.817698 -0.000 -0.0000
2324.541096 -0.000 -0.0000
2341.385679 -0.000 -0.0000
2358.352325 -0.000 -0.0000
2375.441918 -0.000 -0.0000
2392.655349 -0.000 0.0000
2409.993516 -0.000 0.0000
2427.457323 -0.000 0.0000
2445.047679 -0.000 -0.0000
2462.765502 -0.000 -0.0000
2480.611716 -0.000 -0.0000
2498.587252 -0.000 0.0000
2516.693045 -0.000 -0.0000
2534.930040 -0.000 -0.0000
2553.299188 -0.000 0.0000
2571.801446 -0.000 0.0000
2590.437780 -0.000 0.0000
2609.209160 -0.000 0.0000
2628.116565 -0.000 0.0000
2647.160981 -0.000 -0.0000
2666.343401 -0.000 -0.0000
2685.664824 -0.000 -0.0000
2705.126259 -0.000 -0.0000
2724.728719 -0.000 -0.0000
2744.473226 -0.000 -0.0000
2764.360810 -0.000 -0.0000
2784.392508 -0.000 0.0000
2804.569364 -0.000 -0.0000
2824.892430 -0.000 -0.0000
2845.362765 -0.000 -0.0000
2865.981436 -0.000 0.0000
2886.749519 -0.000 0.0000
2907.668096 -0.000 0.0000
2928.738258 -0.000 0.0000
2949.961103 -0.000 0.0000
2971.337737 -0.000 0.0000
2992.869275 -0.000 0.0000
3014.556840 -0.000 -0.0000
3036.401561 -0.000 -0.0000
3058.404578 -0.000 -0.0000
3080.567039 -0.000 -0.0000
3102.890097 -0.000 0.0000
3125.374918 -0.000 -0.0000
3148.022673 -0.000 0.0000
3170.834543 -0.000 0.0000
3193.811717 -0.000 -0.0000
3216.955394 -0.000 -0.0000
3240.266779 -0.000 -0.0000
3263.747087 -0.000 -0.0000
3287.397544 -0.000 0.0000
3311.219382 -0.000 0.0000
3335.213842 -0.000 0.0000
3359.382177 -0.000 0.0000
3383.725645 -0.000 -0.0000
3408.245516 -0.000 -0.0000
3432.943068 -0.000 -0.0000
3457.819588 -0.000 -0.0000
3482.876374 -0.000 -0.0000
3508.114732 -0.000 -0.0000
3533.535978 -0.000 0.0000
3559.141436 -0.000 -0.0000
3584.932442 -0.000 -0.0000
3610.910340 -0.000 -0.0000
3637.076485 -0.000 0.0000
3663.432241 -0.000 0.0000
3689.978981 -0.000 0.0000
3716.718090 -0.000 0.0000
3743.650961 -0.000 0.0000
3770.778999 -0.000 -0.0000
3798.103618 -0.000 -0.0000
3825.626243 -0.000 -0.0000
3853.348308 -0.000 -0.0000
3881.271258 -0.000 -0.0000
3909.396549 -0.000 0.0000
3937.725648 -0.000 -0.0000
3966.260031 -0.000 -0.0000
3995.001187 -0.000 -0.0000
4023.950612 -0.000 0.0000
4053.109817 -0.000 0.0000
4082.480322 -0.000 0.0000
4112.063657 -0.000 0.0000
4141.861365 -0.000 -0.0000
4171.875000 -0.000 -0.0000
4202.106126 -0.000 -0.0000
4232.556319 -0.000 0.0000
4263.227167 -0.000 0.0000
4294.120268 -0.000 0.0000
4325.237234 -0.000 0.0000
4356.579686 -0.000 0.0000
4388.149258 -0.000 0.0000
4419.947597 -0.000 0.0000
4451.976359 -0.000 0.0000
4484.237215 -0.000 0.0000
4516.731846 -0.000 -0.0000
4549.461947 -0.000 -0.0000
4582.429224 -0.000 -0.0000
4615.635395 -0.000 -0.0000
4649.082192 -0.000 -0.0000
4682.771358 -0.000 0.0000
4716.704649 -0.000 0.0000
4750.883836 -0.000 0.0000
4785.310698 -0.000 0.0000
4819.987032 -0.000 0.0000
4854.914645 -0.000 0.0000
4890.095358 -0.000 -0.0000
4925.531005 -0.000 -0.0000
4961.223433 -0.000 -0.0000
4997.174503 -0.000 0.0000
5033.386089 -0.000 0.0000
5069.860080 -0.000 0.0000
5106.598376 -0.000 -0.0000
5143.602893 -0.000 0.0000
5180.875560 -0.000 0.0000
5218.418320 -0.000 0.0000
5256.233130 -0.000 -0.0000
5294.321962 -0.000 -0.0000
5332.686801 -0.000 -0.0000
5371.329648 -0.000 0.0000
5410.252517 -0.000 0.0000
5449.457437 -0.000 -0.0000
5488.946452 -0.000 -0.0000
5528.721621 -0.000 0.0000
5568.785017 -0.000 0.0000
5609.138728 -0.000 0.0000
5649.784860 -0.000 -0.0000
5690.725530 -0.000 -0.0000
5731.962873 -0.000 -0.0000
5773.499039 -0.000 -0.0000
5815.336193 -0.000 -0.0000
5857.476516 -0.000 -0.0000
5899.922206 -0.000 0.0000
5942.675474 -0.000 0.0000
5985.738550 -0.000 0.0000
6029.113679 -0.000 -0.0000
6072.803122 -0.000 -0.0000
6116.809157 -0.000 0.0000
6161.134078 -0.000 0.0000
6205.780195 -0.000 0.0000
6250.749836 -0.000 0.0000
6296.045346 -0.000 0.0000
6341.669086 -0.000 0.0000
6387.623435 -0.000 -0.0000
6433.910787 -0.000 -0.0000
6480.533557 -0.000 0.0000
6527.494175 -0.000 0.0000
6574.795088 -0.000 -0.0000
6622.438764 -0.000 0.0000
6670.427685 -0.000 0.0000
6718.764354 -0.000 0.0000
6767.451290 -0.000 -0.0000
6816.491031 -0.000 -0.0000
6865.886135 -0.000 -0.0000
6915.639177 -0.000 0.0000
6965.752749 -0.000 0.0000
7016.229465 -0.000 0.0000
7067.071956 -0.000 -0.0000
7118.282872 -0.000 -0.0000
7169.864884 -0.000 -0.0000
7221.820681 -0.000 -0.0000
7274.152971 -0.000 0.0000
7326.864482 -0.000 0.0000
7379.957962 -0.000 0.0000
7433.436179 -0.000 0.0000
7487.301922 -0.000 -0.0000
7541.557998 -0.000 -0.0000
7596.207237 -0.000 -0.0000
7651.252485 -0.000 -0.0000
7706.696615 -0.000 0.0000
7762.542516 -0.000 0.0000
7818.793099 -0.000 0.0000
7875.451296 -0.000 0.0000
7932.520063 -0.000 -0.0000
7990.002373 -0.000 -0.0000
8047.901224 -0.000 0.0000
8106.219634 -0.000 0.0000
8164.960643 -0.000 0.0000
8224.127314 -0.000 0.0000
8283.722730 -0.000 -0.0000
8343.750000 -0.000 -0.0000
8404.212252 -0.000 0.0000
8465.112638 -0.000 0.0000
8526.454334 -0.000 0.0000
8588.240537 -0.000 0.0000
8650.474468 -0.000 -0.0000
8713.159372 -0.000 -0.0000
8776.298517 -0.000 -0.0000
8839.895194 -0.000 0.0000
8903.952718 -0.000 0.0000
8968.474430 -0.000 0.0000
9033.463693 -0.000 -0.0000
9098.923894 -0.000 -0.0000
9164.858448 -0.000 0.0000
9231.270790 -0.000 0.0000
9298.164384 -0.000 0.0000
9365.542716 -0.000 0.0000
9433.409299 -0.000 -0.0000
9501.767671 -0.000 -0.0000
9570.621397 -0.000 -0.0000
9639.974065 -0.000 0.0000
9709.829290 -0.000 0.0000
9780.190716 -0.000 -0.0000
9851.062010 -0.000 -0.0000
9922.446866 -0.000 -0.0000
9994.349006 -0.000 0.0000
10066.772179 -0.000 0.0000
10139.720160 -0.000 0.0000
10213.196752 -0.000 -0.0000
10287.205786 -0.000 -0.0000
10361.751119 -0.000 -0.0000
10436.836639 -0.000 -0.0000
10512.466260 -0.000 -0.0000
10588.643924 -0.000 -0.0000
10665.373603 -0.000 0.0000
10742.659296 -0.000 0.0000
10820.505034 -0.000 0.0000
10898.914874 -0.000 0.0000
10977.892904 -0.000 -0.0000
11057.443241 -0.000 -0.0000
11137.570033 -0.000 -0.0000
11218.277457 -0.000 0.0000
11299.569720 -0.000 0.0000
11381.451060 -0.000 0.0000
11463.925746 -0.000 0.0000
11546.998078 -0.000 0.0000
11630.672386 -0.000 0.0000
11714.953032 -0.000 -0.0000
11799.844411 -0.000 -0.0000
11885.350948 -0.000 0.0000
11971.477100 -0.000 -0.0000
12058.227358 -0.000 -0.0000
12145.606244 -0.000 -0.0000
12233.618314 -0.000 -0.0000
12322.268155 -0.000 0.0000
12411.560390 -0.000 0.0000
12501.499673 -0.000 0.0000
12592.090693 -0.000 0.0000
12683.338173 -0.000 0.0000
12775.246869 -0.000 -0.0000
12867.821574 -0.000 -0.0000
12961.067114 -0.000 -0.0000
13054.988349 -0.000 0.0000
13149.590176 -0.000 0.0000
13244.877527 -0.000 0.0000
13340.855370 -0.000 0.0000
13437.528707 -0.000 0.0000
13534.902579 -0.000 0.0000
13632.982063 -0.000 0.0000
13731.772271 -0.000 0.0000
13831.278353 -0.000 0.0000
13931.505498 -0.000 0.0000
14032.458930 -0.000 0.0000
14134.143911 -0.000 -0.0000
14236.565745 -0.000 -0.0000
14339.729769 -0.000 0.0000
14443.641362 -0.000 -0.0000
14548.305941 -0.000 -0.0000
14653.728963 -0.000 0.0000
14759.915924 -0.000 -0.0000
14866.872359 -0.000 -0.0000
14974.603845 -0.000 -0.0000
15083.115997 -0.000 0.0000
15192.414473 -0.000 0.0000
15302.504971 -0.000 0.0000
15413.393230 -0.000 -0.0000
15525.085031 -0.000 -0.0000
15637.586197 -0.000 -0.0000
15750.902593 -0.000 0.0000
15865.040126 -0.000 0.0000
15980.004747 -0.000 -0.0000
16095.802448 -0.000 -0.0000
16212.439268 -0.000 0.0000
16329.921286 -0.000 -0.0000
16448.254627 -0.000 0.0000
16567.445461 -0.000 0.0000
16687.500000 -0.000 0.0000
16808.424504 -0.000 0.0000
16930.225277 -0.000 0.0000
17052.908668 -0.000 -0.0000
17176.481074 -0.000 -0.0000
17300.948936 -0.000 -0.0000
17426.318744 -0.000 0.0000
17552.597033 -0.000 0.0000
17679.790387 -0.000 0.0000
17807.905436 -0.000 -0.0000
17936.948860 -0.000 -0.0000
18066.927385 -0.000 -0.0000
18197.847789 -0.000 0.0000
18329.716896 -0.000 0.0000
18462.541580 -0.000 0.0000
18596.328767 -0.000 -0.0000
18731.085431 -0.000 -0.0000
18866.818598 -0.000 0.0000
19003.535343 -0.000 0.0000
19141.242793 -0.000 0.0000
19279.948129 -0.000 -0.0000
19419.658581 -0.000 -0.0000
19560.381432 -0.000 0.0000
19702.124019 -0.000 0.0000
19844.893732 -0.000 -0.0000
19988.698012 -0.000 0.0000
20133.544358 -0.000 0.0000
20279.440320 -0.000 0.0000
20426.393504 -0.000 0.0000
20574.411571 -0.000 -0.0000
20723.502239 -0.000 -0.0000
20873.673279 -0.000 -0.0000
21024.932520 -0.000 -0.0000
21177.287848 -0.000 0.0000
21330.747206 -0.000 0.0000
21485.318593 -0.000 0.0000
21641.010068 -0.000 -0.0000
21797.829748 -0.000 0.0000
21955.785808 -0.000 0.0000
22114.886483 -0.000 0.0000
22275.140066 -0.000 -0.0000
22436.554914 -0.000 -0.0000
22599.139440 -0.000 0.0000
22762.902120 -0.000 0.0000
22927.851492 -0.000 -0.0000
23093.996155 -0.000 -0.0000
23261.344771 -0.000 -0.0000
23429.906064 -0.000 -0.0000
23599.688822 -0.000 -0.0000
23770.701896 -0.000 -0.0000
23942.954200 -0.000 -0.0000
