* Measurement data measured by REW V5.40 beta 133
* Source: Trace Arithmetic result A / B
* Format: Trace Arithmetic result A / B
* Dated: Sep 1, 2026, 11:42:38 AM
* REW Settings:
*  C-weighting compensation: Off
*  Target level: 75.0 dB
* Note: ; Trace Arithmetic A over B A = Target LR.RMS B = RX-MP Maximum gain 0.0 dB Lower frequency limit 80 Hz Upper frequency limit 225 Hz 
* Measurement: Fr
* Smoothing: 1/48 octave
* Frequency Step: 96 ppo
* Start Frequency: 16.113281 Hz
*
* Freq(Hz) SPL(dB) Phase(degrees)
16.113281 -0.000 0.0000
16.230045 -0.000 -0.0000
16.347654 0.000 -0.0000
16.466116 0.000 -0.0000
16.585436 0.000 -0.0000
16.705621 -0.000 -0.0000
16.826677 -0.000 -0.0000
16.948610 -0.000 -0.0000
17.071427 0.000 0.0000
17.195133 0.000 0.0000
17.319736 0.000 0.0000
17.445242 -0.000 -0.0000
17.571658 -0.000 -0.0000
17.698989 -0.000 -0.0000
17.827243 0.000 -0.0000
17.956427 0.000 -0.0000
18.086547 0.000 -0.0000
18.217609 -0.000 -0.0000
18.349622 -0.000 -0.0000
18.482590 -0.000 -0.0000
18.616523 0.000 0.0000
18.751426 0.000 0.0000
18.887307 -0.000 0.0000
19.024172 -0.000 0.0000
19.162029 -0.000 0.0000
19.300885 0.000 0.0000
19.440747 0.000 0.0000
19.581622 -0.000 0.0000
19.723519 -0.000 0.0000
19.866444 -0.000 0.0000
20.010404 0.000 0.0000
20.155408 0.000 0.0000
20.301462 0.000 0.0000
20.448575 -0.000 0.0000
20.596754 -0.000 -0.0000
20.746006 0.000 -0.0000
20.896340 0.000 -0.0000
21.047764 -0.000 -0.0000
21.200285 -0.000 -0.0000
21.353911 -0.000 -0.0000
21.508650 0.000 -0.0000
21.664511 0.000 -0.0000
21.821501 -0.000 -0.0000
21.979628 -0.000 0.0000
22.138902 -0.000 0.0000
22.299329 0.000 0.0000
22.460919 0.000 0.0000
22.623680 -0.000 0.0000
22.787621 -0.000 0.0000
22.952749 0.000 0.0000
23.119074 0.000 0.0000
23.286605 -0.000 0.0000
23.455349 -0.000 0.0000
23.625316 0.000 -0.0000
23.796515 0.000 -0.0000
23.968954 0.000 -0.0000
24.142643 -0.000 -0.0000
24.317591 -0.000 -0.0000
24.493806 0.000 -0.0000
24.671298 0.000 -0.0000
24.850077 -0.000 -0.0000
25.030151 -0.000 0.0000
25.211529 0.000 0.0000
25.394223 0.000 0.0000
25.578240 -0.000 0.0000
25.763590 -0.000 -0.0000
25.950284 0.000 -0.0000
26.138330 0.000 -0.0000
26.327739 -0.000 -0.0000
26.518521 -0.000 -0.0000
26.710685 0.000 -0.0000
26.904242 0.000 -0.0000
27.099201 -0.000 0.0000
27.295573 0.000 0.0000
27.493368 0.000 0.0000
27.692596 -0.000 0.0000
27.893268 -0.000 0.0000
28.095394 0.000 -0.0000
28.298985 0.000 -0.0000
28.504051 -0.000 -0.0000
28.710603 -0.000 -0.0000
28.918652 0.000 0.0000
29.128209 -0.000 0.0000
29.339284 -0.000 0.0000
29.551888 0.000 0.0000
29.766033 0.000 0.0000
29.981730 -0.000 0.0000
30.198990 -0.000 0.0000
30.417825 0.000 0.0000
30.638245 -0.000 0.0000
30.860262 -0.000 0.0000
31.083888 0.000 0.0000
31.309135 -0.000 0.0000
31.536014 -0.000 0.0000
31.764537 0.000 0.0000
31.994716 0.000 -0.0000
32.226563 -0.000 -0.0000
32.460089 0.000 -0.0000
32.695309 0.000 -0.0000
32.932232 -0.000 -0.0000
33.170873 0.000 -0.0000
33.411243 0.000 -0.0000
33.653354 -0.000 -0.0000
33.897220 0.000 0.0000
34.142854 0.000 0.0000
34.390267 -0.000 0.0000
34.639473 0.000 0.0000
34.890485 0.000 -0.0000
35.143316 -0.000 -0.0000
35.397979 0.000 -0.0000
35.654487 0.000 -0.0000
35.912854 -0.000 -0.0000
36.173093 0.000 -0.0000
36.435218 0.000 -0.0000
36.699243 -0.000 -0.0000
36.965181 0.000 0.0000
37.233046 -0.000 0.0000
37.502852 -0.000 0.0000
37.774613 0.000 0.0000
38.048343 -0.000 0.0000
38.324057 0.000 0.0000
38.601769 0.000 0.0000
38.881494 -0.000 0.0000
39.163245 0.000 0.0000
39.447038 -0.000 0.0000
39.732888 0.000 -0.0000
40.020808 0.000 -0.0000
40.310816 -0.000 -0.0000
40.602924 0.000 -0.0000
40.897150 -0.000 -0.0000
41.193508 0.000 -0.0000
41.492013 0.000 -0.0000
41.792681 -0.000 -0.0000
42.095528 0.000 -0.0000
42.400570 -0.000 -0.0000
42.707822 0.000 -0.0000
43.017300 0.000 -0.0000
43.329021 -0.000 -0.0000
43.643001 0.000 -0.0000
43.959256 -0.000 -0.0000
44.277803 0.000 -0.0000
44.598658 -0.000 -0.0000
44.921839 0.000 -0.0000
45.247361 -0.000 -0.0000
45.575242 -0.000 0.0000
45.905499 0.000 0.0000
46.238149 -0.000 0.0000
46.573210 0.000 0.0000
46.910698 -0.000 -0.0000
47.250633 0.000 -0.0000
47.593030 -0.000 -0.0000
47.937909 0.000 -0.0000
48.285287 -0.000 -0.0000
48.635182 0.000 0.0000
48.987612 -0.000 0.0000
49.342597 0.000 0.0000
49.700154 -0.000 -0.0000
50.060301 0.000 -0.0000
50.423059 -0.000 -0.0000
50.788445 0.000 0.0000
51.156479 -0.000 0.0000
51.527180 0.000 0.0000
51.900567 -0.000 0.0000
52.276660 0.000 0.0000
52.655478 -0.000 0.0000
53.037042 0.000 -0.0000
53.421370 -0.000 -0.0000
53.808483 0.000 -0.0000
54.198402 -0.000 0.0000
54.591146 0.000 -0.0000
54.986736 -0.000 0.0000
55.385192 0.000 0.0004
55.786536 -0.000 -0.0019
56.190788 0.000 -0.0286
56.597970 0.000 -0.1225
57.008102 -0.000 -0.3309
57.421206 0.000 -0.6815
57.837304 -0.000 -1.1813
58.256417 0.000 -1.8272
58.678567 -0.000 -2.6063
59.103776 0.000 -3.4905
59.532067 -0.000 -4.4390
59.963460 -0.000 -5.4074
60.397980 0.000 -6.3545
60.835649 -0.000 -7.2467
61.276489 0.000 -8.0583
61.720524 0.000 -8.7699
62.167776 -0.000 -9.3682
62.618270 0.000 -9.8452
63.072027 -0.000 -10.1969
63.529073 0.000 -10.4224
63.989431 0.000 -10.5235
64.453125 -0.000 -10.5044
64.920179 0.000 -10.3712
65.390617 0.000 -10.1320
65.864465 -0.000 -9.7971
66.341746 0.000 -9.3791
66.822485 -0.000 -8.8923
67.306709 -0.000 -8.3553
67.794441 0.000 -7.7906
68.285707 -0.000 -7.2240
68.780534 -0.000 -6.6874
69.278946 0.000 -6.2197
69.780970 0.000 -5.8642
70.286631 -0.000 -5.6742
70.795957 0.000 -5.7087
71.308974 0.000 -6.0285
71.825708 -0.000 -6.6944
72.346187 -0.000 -7.7481
72.870437 0.000 -9.1939
73.398486 -0.000 -10.9748
73.930362 -0.000 -12.9595
74.466092 -0.000 -14.9531
75.005704 -0.000 -16.7579
75.549226 -0.000 -18.2015
76.096687 -0.001 -19.1865
76.648115 -0.004 -19.6740
77.203539 -0.017 -19.6722
77.762987 -0.058 -19.2197
78.326490 -0.155 -18.3630
78.894076 -0.315 -17.1456
79.465775 -0.502 -15.6049
80.041617 -0.674 -13.7928
80.621631 -0.810 -11.7636
81.205849 -0.899 -9.5689
81.794300 -0.936 -7.2609
82.387015 -0.920 -4.8904
82.984025 -0.851 -2.5090
83.585362 -0.730 -0.1673
84.191056 -0.564 2.0850
84.801139 -0.372 4.1953
85.415643 -0.195 6.1101
86.034600 -0.076 7.7964
86.658042 -0.023 9.2305
87.286002 -0.005 10.3744
87.918512 -0.001 11.1835
88.555606 -0.000 11.6230
89.197317 -0.000 11.6676
89.843677 -0.000 11.3047
90.494721 0.000 10.5391
91.150484 0.000 9.3970
91.810997 0.000 7.9297
92.476298 0.000 6.2087
93.146419 0.000 4.3143
93.821397 -0.000 2.3192
94.501265 -0.000 0.2720
95.186060 -0.000 -1.8135
95.875818 -0.000 -3.9601
96.570573 -0.000 -6.2193
97.270363 -0.000 -8.6579
97.975225 -0.000 -11.3416
98.685194 0.000 -14.3171
99.400307 0.000 -17.5960
100.120603 0.000 -21.1413
100.846118 0.000 -24.8613
101.576890 -0.000 -28.6163
102.312958 -0.000 -32.2376
103.054360 -0.000 -35.5553
103.801135 -0.000 -38.4233
104.553320 -0.000 -40.7357
105.310957 -0.002 -42.4319
106.074084 -0.011 -43.4905
106.842740 -0.045 -43.9194
107.616967 -0.156 -43.7536
108.396804 -0.419 -43.0429
109.182291 -0.859 -41.8130
109.973471 -1.413 -40.0774
110.770384 -2.000 -37.8734
111.573072 -2.569 -35.2428
112.381577 -3.095 -32.2067
113.195940 -3.562 -28.7584
114.016204 -3.959 -24.9283
114.842413 -4.284 -20.8316
115.674608 -4.535 -16.5825
116.512834 -4.714 -12.2519
117.357134 -4.822 -7.8982
118.207552 -4.858 -3.5806
119.064133 -4.823 0.6395
119.926921 -4.722 4.7005
120.795961 -4.559 8.5422
121.671298 -4.340 12.1085
122.552979 -4.073 15.3513
123.441048 -3.770 18.2350
124.335553 -3.439 20.7405
125.236539 -3.093 22.8681
126.144055 -2.742 24.6397
127.058147 -2.393 26.0960
127.978862 -2.052 27.2912
128.906250 -1.721 28.2835
129.840358 -1.399 29.1252
130.781235 -1.083 29.8516
131.728929 -0.775 30.4733
132.683491 -0.485 30.9707
133.644971 -0.249 31.2968
134.613417 -0.099 31.3853
135.588882 -0.030 31.1565
136.571415 -0.007 30.5300
137.561067 -0.002 29.4506
138.557891 -0.000 27.9117
139.561939 -0.000 25.9676
140.573262 -0.000 23.7357
141.591914 -0.000 21.3810
142.617948 -0.000 19.0836
143.651416 -0.000 17.0043
144.692373 -0.000 15.2592
145.740874 -0.000 13.9108
146.796972 -0.000 12.9727
147.860724 -0.000 12.4253
148.932184 -0.000 12.2347
150.011408 -0.002 12.3676
151.098452 -0.011 12.7983
152.193374 -0.040 13.5099
153.296230 -0.110 14.4938
154.407077 -0.232 15.7533
155.525975 -0.381 17.2932
156.652980 -0.525 19.1016
157.788152 -0.639 21.1413
158.931550 -0.709 23.3281
160.083234 -0.726 25.5529
161.243263 -0.686 27.7622
162.411698 -0.592 29.9297
163.588600 -0.451 32.0053
164.774030 -0.288 33.9261
165.968051 -0.144 35.6331
167.170724 -0.055 37.0892
168.382112 -0.016 38.2624
169.602278 -0.004 39.1121
170.831286 -0.001 39.6037
172.069200 -0.000 39.7136
173.316084 -0.000 39.4280
174.572004 -0.000 38.7412
175.837025 -0.000 37.6538
177.111212 -0.000 36.1685
178.394633 -0.000 34.2861
179.687354 -0.000 32.0047
180.989443 0.000 29.3231
182.300967 0.000 26.2533
183.621995 0.000 22.8396
184.952596 0.000 19.1787
186.292838 0.000 15.4298
187.642793 0.000 11.8011
189.002530 0.000 8.5110
190.372120 0.000 5.7400
191.751635 0.000 3.5946
193.141147 0.000 2.0964
194.540727 0.000 1.1957
195.950449 0.000 0.7976
197.370387 0.000 0.7867
198.800614 0.000 1.0474
200.241205 0.000 1.4753
201.692236 0.000 1.9826
203.153781 0.000 2.5004
204.625917 -0.000 2.9785
206.108721 -0.000 3.3848
207.602269 -0.000 3.7061
209.106641 -0.000 3.9469
210.621914 0.000 4.1280
212.148167 0.000 4.2825
213.685480 0.000 4.4496
215.233933 0.000 4.6674
216.793607 0.000 4.9663
218.364583 0.000 5.3649
219.946943 0.000 5.8689
221.540769 0.000 6.4723
223.146145 0.000 7.1590
224.763154 0.000 7.9059
226.391880 0.000 8.6846
228.032409 0.000 9.4621
229.684826 -0.000 10.2014
231.349217 -0.000 10.8632
233.025668 -0.000 11.4061
234.714269 -0.000 11.7879
236.415105 -0.000 11.9664
238.128266 -0.000 11.9023
239.853842 -0.000 11.5658
241.591922 -0.000 10.9475
243.342596 -0.000 10.0716
245.105957 -0.000 9.0059
246.882096 -0.000 7.8589
248.671105 -0.000 6.7599
250.473079 -0.000 5.8260
252.288110 0.000 5.1318
254.116293 0.000 4.6970
255.957725 0.000 4.4933
257.812500 0.000 4.4638
259.680716 0.000 4.5431
261.562469 0.000 4.6720
263.457859 0.000 4.8054
265.366983 0.000 4.9150
267.289941 0.000 4.9870
269.226835 0.000 5.0189
271.177763 0.000 5.0146
273.142829 0.000 4.9806
275.122135 0.000 4.9228
277.115783 0.000 4.8442
279.123878 0.000 4.7452
281.146525 0.000 4.6235
283.183828 0.000 4.4759
285.235895 0.000 4.2982
287.302832 0.000 4.0863
289.384747 0.000 3.8360
291.481748 0.000 3.5439
293.593945 0.000 3.2092
295.721448 0.000 2.8355
297.864367 0.000 2.4328
300.022815 0.000 2.0173
302.196904 0.000 1.6100
304.386747 0.000 1.2323
306.592459 0.000 0.9016
308.814155 0.000 0.6278
311.051949 -0.000 0.4122
313.305960 -0.000 0.2483
315.576304 -0.000 0.1262
317.863100 -0.000 0.0450
320.166467 -0.000 0.0092
322.486525 -0.000 0.0011
324.823396 -0.000 0.0001
327.177200 -0.000 0.0000
329.548061 -0.000 0.0000
331.936102 -0.000 0.0000
334.341448 -0.000 0.0000
336.764224 -0.000 0.0000
339.204556 -0.000 0.0000
341.662572 -0.000 0.0000
344.138400 -0.000 0.0000
346.632169 -0.000 -0.0000
349.144008 -0.000 0.0000
351.674050 -0.000 -0.0000
354.222425 -0.000 -0.0000
356.789266 -0.000 0.0000
359.374709 -0.000 0.0000
361.978886 -0.000 -0.0000
364.601934 -0.000 -0.0000
367.243990 -0.000 -0.0000
369.905191 -0.000 -0.0000
372.585677 -0.000 -0.0000
375.285586 -0.000 0.0000
378.005060 -0.000 0.0000
380.744241 -0.000 0.0000
383.503270 -0.000 0.0000
386.282293 -0.000 0.0000
389.081454 -0.000 0.0000
391.900899 -0.000 -0.0000
394.740774 -0.000 -0.0000
397.601228 -0.000 -0.0000
400.482411 -0.000 -0.0000
403.384471 -0.000 -0.0000
406.307562 -0.000 -0.0000
409.251834 -0.000 -0.0000
412.217441 -0.000 -0.0000
415.204539 -0.000 -0.0000
418.213282 -0.000 -0.0000
421.243828 -0.000 -0.0000
424.296334 -0.000 -0.0000
427.370960 -0.000 0.0000
430.467867 -0.000 0.0000
433.587214 -0.000 0.0000
436.729166 -0.000 0.0000
439.893885 -0.000 -0.0000
443.081538 -0.000 -0.0000
446.292289 -0.000 -0.0000
449.526307 -0.000 -0.0000
452.783760 0.000 -0.0000
456.064818 0.000 -0.0000
459.369652 0.000 -0.0000
462.698433 0.000 -0.0000
466.051337 0.000 -0.0000
469.428537 0.000 0.0000
472.830210 0.000 0.0000
476.256532 0.000 0.0000
479.707684 0.000 0.0000
483.183843 0.000 -0.0000
486.685192 0.000 -0.0000
490.211914 0.000 -0.0000
493.764192 0.000 -0.0000
497.342210 0.000 0.0000
500.946157 0.000 0.0000
504.576220 0.000 -0.0000
508.232587 0.000 -0.0000
511.915450 0.000 -0.0000
515.625000 0.000 -0.0000
519.361431 0.000 0.0000
523.124938 0.000 0.0000
526.915717 0.000 -0.0000
530.733966 0.000 -0.0000
534.579883 0.000 -0.0000
538.453669 0.000 -0.0000
542.355526 0.000 0.0000
546.285658 0.000 0.0000
550.244269 0.000 -0.0000
554.231566 0.000 -0.0000
558.247756 0.000 -0.0000
562.293050 0.000 -0.0000
566.367657 0.000 0.0000
570.471790 0.000 0.0000
574.605664 0.000 0.0000
578.769494 0.000 -0.0000
582.963496 -0.000 -0.0000
587.187890 -0.000 0.0000
591.442895 -0.000 0.0000
595.728734 -0.000 0.0000
600.045630 -0.000 -0.0000
604.393808 -0.000 -0.0000
608.773495 -0.000 0.0000
613.184919 -0.000 0.0000
617.628309 -0.000 0.0000
622.103899 -0.000 -0.0000
626.611920 -0.000 -0.0000
631.152608 -0.000 0.0000
635.726200 -0.000 -0.0000
640.332934 -0.000 -0.0000
644.973051 -0.000 -0.0000
649.646791 -0.000 -0.0000
654.354400 -0.000 -0.0000
659.096122 -0.000 0.0000
663.872204 -0.000 0.0000
668.682895 -0.000 0.0000
673.528447 -0.000 -0.0000
678.409112 -0.000 0.0000
683.325144 -0.000 0.0000
688.276800 -0.000 0.0000
693.264337 -0.000 -0.0000
698.288016 -0.000 0.0000
703.348099 -0.000 0.0000
708.444849 -0.000 0.0000
713.578533 -0.000 0.0000
718.749417 -0.000 0.0000
723.957772 -0.000 -0.0000
729.203868 -0.000 -0.0000
734.487980 -0.000 -0.0000
739.810383 -0.000 -0.0000
745.171354 -0.000 -0.0000
750.571172 -0.000 0.0000
756.010121 -0.000 0.0000
761.488482 -0.000 0.0000
767.006541 -0.000 0.0000
772.564587 -0.000 0.0000
778.162908 -0.000 0.0000
783.801797 -0.000 -0.0000
789.481548 -0.000 -0.0000
795.202457 -0.000 -0.0000
800.964822 -0.000 -0.0000
806.768943 -0.000 0.0000
812.615123 -0.000 -0.0000
818.503667 -0.000 -0.0000
824.434882 -0.000 0.0000
830.409077 -0.000 -0.0000
836.426564 -0.000 -0.0000
842.487656 -0.000 -0.0000
848.592668 -0.000 0.0000
854.741921 -0.000 0.0000
860.935733 -0.000 0.0000
867.174428 -0.000 -0.0000
873.458332 -0.000 -0.0000
879.787771 -0.000 -0.0000
886.163076 -0.000 -0.0000
892.584579 -0.000 -0.0000
899.052614 -0.000 -0.0000
905.567520 -0.000 -0.0000
912.129636 -0.000 -0.0000
918.739303 -0.000 0.0000
925.396867 -0.000 -0.0000
932.102674 -0.000 -0.0000
938.857074 -0.000 0.0000
945.660420 -0.000 0.0000
952.513065 -0.000 0.0000
959.415367 -0.000 0.0000
966.367686 -0.000 0.0000
973.370385 -0.000 0.0000
980.423828 -0.000 0.0000
987.528383 -0.000 0.0000
994.684421 -0.000 0.0000
1001.892314 -0.000 0.0000
1009.152439 -0.000 0.0000
1016.465174 -0.000 -0.0000
1023.830899 -0.000 -0.0000
1031.250000 -0.000 -0.0000
1038.722863 -0.000 0.0000
1046.249877 -0.000 0.0000
1053.831435 -0.000 0.0000
1061.467932 -0.000 -0.0000
1069.159766 -0.000 -0.0000
1076.907338 -0.000 0.0000
1084.711053 -0.000 0.0000
1092.571316 -0.000 0.0000
1100.488538 -0.000 0.0000
1108.463132 -0.000 -0.0000
1116.495513 -0.000 -0.0000
1124.586099 -0.000 -0.0000
1132.735314 -0.000 0.0000
1140.943581 -0.000 0.0000
1149.211328 -0.000 -0.0000
1157.538987 -0.000 -0.0000
1165.926992 -0.000 -0.0000
1174.375780 -0.000 0.0000
1182.885791 -0.000 0.0000
1191.457469 -0.000 -0.0000
1200.091261 -0.000 -0.0000
1208.787617 -0.000 -0.0000
1217.546990 -0.000 -0.0000
1226.369837 -0.000 0.0000
1235.256619 -0.000 0.0000
1244.207797 -0.000 0.0000
1253.223840 -0.000 -0.0000
1262.305217 -0.000 -0.0000
1271.452400 -0.000 -0.0000
1280.665869 -0.000 -0.0000
1289.946102 -0.000 -0.0000
1299.293583 -0.000 -0.0000
1308.708800 -0.000 -0.0000
1318.192243 -0.000 0.0000
1327.744407 -0.000 0.0000
1337.365791 -0.000 0.0000
1347.056895 -0.000 0.0000
1356.818224 -0.000 0.0000
1366.650288 -0.000 -0.0000
1376.553600 -0.000 -0.0000
1386.528674 -0.000 -0.0000
1396.576033 -0.000 -0.0000
1406.696198 -0.000 -0.0000
1416.889699 -0.000 0.0000
1427.157066 -0.000 0.0000
1437.498834 -0.000 0.0000
1447.915543 -0.000 0.0000
1458.407736 -0.000 0.0000
1468.975960 -0.000 0.0000
1479.620765 -0.000 -0.0000
1490.342707 -0.000 -0.0000
1501.142345 -0.000 0.0000
1512.020241 -0.000 0.0000
1522.976963 -0.000 0.0000
1534.013082 -0.000 -0.0000
1545.129173 -0.000 -0.0000
1556.325816 -0.000 -0.0000
1567.603594 -0.000 -0.0000
1578.963096 -0.000 -0.0000
1590.404914 -0.000 0.0000
1601.929643 -0.000 0.0000
1613.537886 -0.000 0.0000
1625.230247 -0.000 0.0000
1637.007335 -0.000 -0.0000
1648.869765 -0.000 -0.0000
1660.818155 -0.000 -0.0000
1672.853128 -0.000 -0.0000
1684.975311 -0.000 -0.0000
1697.185337 -0.000 0.0000
1709.483841 -0.000 0.0000
1721.871466 -0.000 0.0000
1734.348856 -0.000 0.0000
1746.916663 -0.000 0.0000
1759.575541 -0.000 -0.0000
1772.326151 -0.000 -0.0000
1785.169157 -0.000 0.0000
1798.105229 -0.000 0.0000
1811.135040 -0.000 0.0000
1824.259271 -0.000 0.0000
1837.478606 -0.000 0.0000
1850.793734 -0.000 0.0000
1864.205348 -0.000 -0.0000
1877.714148 -0.000 0.0000
1891.320839 -0.000 0.0000
1905.026130 -0.000 -0.0000
1918.830734 -0.000 -0.0000
1932.735373 -0.000 -0.0000
1946.740770 -0.000 -0.0000
1960.847656 -0.000 -0.0000
1975.056766 -0.000 -0.0000
1989.368842 -0.000 -0.0000
2003.784629 -0.000 -0.0000
2018.304878 -0.000 -0.0000
2032.930347 -0.000 -0.0000
2047.661799 -0.000 -0.0000
2062.500000 -0.000 -0.0000
2077.445725 -0.000 0.0000
2092.499753 -0.000 0.0000
2107.662869 -0.000 0.0000
2122.935863 -0.000 -0.0000
2138.319531 -0.000 -0.0000
2153.814676 -0.000 -0.0000
2169.422105 -0.000 0.0000
2185.142632 -0.000 0.0000
2200.977076 -0.000 0.0000
2216.926264 -0.000 0.0000
2232.991025 -0.000 -0.0000
2249.172199 -0.000 -0.0000
2265.470628 -0.000 0.0000
2281.887162 -0.000 -0.0000
2298.422657 -0.000 -0.0000
2315.077975 -0.000 -0.0000
2331.853984 -0.000 -0.0000
2348.751559 -0.000 0.0000
2365.771581 -0.000 0.0000
2382.914937 -0.000 -0.0000
2400.182521 -0.000 -0.0000
2417.575233 -0.000 -0.0000
2435.093980 -0.000 0.0000
2452.739675 -0.000 0.0000
2470.513237 -0.000 0.0000
2488.415595 -0.000 0.0000
2506.447680 -0.000 0.0000
2524.610433 -0.000 0.0000
2542.904801 -0.000 0.0000
2561.331737 -0.000 0.0000
2579.892203 -0.000 0.0000
2598.587165 -0.000 0.0000
2617.417599 -0.000 -0.0000
2636.384486 -0.000 0.0000
2655.488815 -0.000 -0.0000
2674.731581 -0.000 -0.0000
2694.113789 -0.000 -0.0000
2713.636448 -0.000 -0.0000
2733.300577 -0.000 0.0000
2753.107199 -0.000 -0.0000
2773.057349 -0.000 -0.0000
2793.152066 -0.000 -0.0000
2813.392397 -0.000 -0.0000
2833.779398 -0.000 0.0000
2854.314132 -0.000 0.0000
2874.997668 -0.000 0.0000
2895.831087 -0.000 -0.0000
2916.815472 -0.000 0.0000
2937.951920 -0.000 0.0000
2959.241530 -0.000 0.0000
2980.685414 -0.000 0.0000
3002.284690 -0.000 -0.0000
3024.040482 -0.000 -0.0000
3045.953926 -0.000 -0.0000
3068.026164 -0.000 -0.0000
3090.258346 -0.000 0.0000
3112.651632 -0.000 0.0000
3135.207189 -0.000 -0.0000
3157.926192 -0.000 -0.0000
3180.809827 -0.000 -0.0000
3203.859287 -0.000 0.0000
3227.075772 -0.000 0.0000
3250.460493 -0.000 0.0000
3274.014670 -0.000 -0.0000
3297.739530 -0.000 0.0000
3321.636310 -0.000 0.0000
3345.706256 -0.000 0.0000
3369.950622 -0.000 -0.0000
3394.370674 -0.000 -0.0000
3418.967683 -0.000 -0.0000
3443.742932 -0.000 -0.0000
3468.697713 -0.000 -0.0000
3493.833326 -0.000 -0.0000
3519.151083 -0.000 -0.0000
3544.652302 -0.000 -0.0000
3570.338314 -0.000 -0.0000
3596.210457 -0.000 0.0000
3622.270081 -0.000 0.0000
3648.518543 -0.000 0.0000
3674.957212 -0.000 0.0000
3701.587467 -0.000 0.0000
3728.410696 -0.000 0.0000
3755.428297 -0.000 -0.0000
3782.641678 -0.000 -0.0000
3810.052259 -0.000 -0.0000
3837.661468 -0.000 -0.0000
3865.470745 -0.000 0.0000
3893.481540 -0.000 -0.0000
3921.695312 -0.000 -0.0000
3950.113533 -0.000 0.0000
3978.737684 -0.000 0.0000
4007.569257 -0.000 0.0000
4036.609756 -0.000 0.0000
4065.860694 -0.000 0.0000
4095.323597 -0.000 0.0000
4125.000000 -0.000 -0.0000
4154.891450 -0.000 -0.0000
4184.999507 -0.000 -0.0000
4215.325738 -0.000 -0.0000
4245.871726 -0.000 -0.0000
4276.639063 -0.000 -0.0000
4307.629353 -0.000 0.0000
4338.844211 -0.000 0.0000
4370.285264 -0.000 0.0000
4401.954153 -0.000 0.0000
4433.852527 -0.000 0.0000
4465.982050 -0.000 0.0000
4498.344397 -0.000 0.0000
4530.941255 -0.000 -0.0000
4563.774323 -0.000 -0.0000
4596.845313 -0.000 -0.0000
4630.155949 -0.000 0.0000
4663.707968 -0.000 -0.0000
4697.503118 -0.000 0.0000
4731.543162 -0.000 0.0000
4765.829875 -0.000 -0.0000
4800.365042 -0.000 0.0000
4835.150466 -0.000 0.0000
4870.187960 -0.000 -0.0000
4905.479349 -0.000 -0.0000
4941.026475 -0.000 -0.0000
4976.831190 -0.000 -0.0000
5012.895360 -0.000 -0.0000
5049.220866 -0.000 -0.0000
5085.809602 -0.000 0.0000
5122.663475 -0.000 -0.0000
5159.784406 -0.000 -0.0000
5197.174331 -0.000 0.0000
5234.835198 -0.000 0.0000
5272.768972 -0.000 -0.0000
5310.977630 -0.000 -0.0000
5349.463163 -0.000 -0.0000
5388.227578 -0.000 -0.0000
5427.272896 -0.000 -0.0000
5466.601153 -0.000 0.0000
5506.214398 -0.000 0.0000
5546.114698 -0.000 0.0000
5586.304131 -0.000 0.0000
5626.784794 -0.000 0.0000
5667.558796 -0.000 -0.0000
5708.628263 -0.000 -0.0000
5749.995337 -0.000 -0.0000
5791.662173 -0.000 -0.0000
5833.630945 -0.000 -0.0000
5875.903839 -0.000 0.0000
5918.483061 -0.000 0.0000
5961.370829 -0.000 0.0000
6004.569379 -0.000 -0.0000
6048.080964 -0.000 -0.0000
6091.907852 -0.000 -0.0000
6136.052328 -0.000 -0.0000
6180.516692 -0.000 -0.0000
6225.303264 -0.000 0.0000
6270.414377 -0.000 -0.0000
6315.852385 -0.000 0.0000
6361.619655 -0.000 0.0000
6407.718573 -0.000 -0.0000
6454.151543 -0.000 -0.0000
6500.920986 -0.000 -0.0000
6548.029339 -0.000 -0.0000
6595.479059 -0.000 0.0000
6643.272619 -0.000 0.0000
6691.412511 -0.000 0.0000
6739.901245 -0.000 0.0000
6788.741347 -0.000 -0.0000
6837.935366 -0.000 -0.0000
6887.485864 -0.000 -0.0000
6937.395426 -0.000 0.0000
6987.666653 -0.000 0.0000
7038.302166 -0.000 0.0000
7089.304605 -0.000 0.0000
7140.676628 -0.000 -0.0000
7192.420915 -0.000 -0.0000
7244.540162 -0.000 -0.0000
7297.037086 -0.000 -0.0000
7349.914425 -0.000 0.0000
7403.174934 -0.000 -0.0000
7456.821392 -0.000 0.0000
7510.856593 -0.000 -0.0000
7565.283356 -0.000 -0.0000
7620.104518 -0.000 -0.0000
7675.322937 -0.000 -0.0000
7730.941491 -0.000 0.0000
7786.963080 -0.000 0.0000
7843.390624 -0.000 0.0000
7900.227066 -0.000 0.0000
7957.475368 -0.000 -0.0000
8015.138515 -0.000 -0.0000
8073.219512 -0.000 -0.0000
8131.721389 -0.000 0.0000
8190.647194 -0.000 0.0000
8250.000000 -0.000 -0.0000
8309.782901 -0.000 -0.0000
8369.999013 -0.000 -0.0000
8430.651476 -0.000 0.0000
8491.743452 -0.000 0.0000
8553.278126 -0.000 0.0000
8615.258705 -0.000 -0.0000
8677.688421 -0.000 -0.0000
8740.570528 -0.000 -0.0000
8803.908306 -0.000 -0.0000
8867.705054 -0.000 0.0000
8931.964101 -0.000 0.0000
8996.688794 -0.000 0.0000
9061.882510 -0.000 -0.0000
9127.548646 -0.000 -0.0000
9193.690626 -0.000 -0.0000
9260.311899 -0.000 0.0000
9327.415936 -0.000 -0.0000
9395.006237 -0.000 -0.0000
9463.086325 -0.000 -0.0000
9531.659749 -0.000 -0.0000
9600.730085 -0.000 -0.0000
9670.300933 -0.000 0.0000
9740.375920 -0.000 0.0000
9810.958699 -0.000 -0.0000
9882.052950 -0.000 -0.0000
9953.662379 -0.000 0.0000
10025.790720 -0.000 0.0000
10098.441732 -0.000 0.0000
10171.619204 -0.000 0.0000
10245.326950 -0.000 0.0000
10319.568812 -0.000 0.0000
10394.348662 -0.000 0.0000
10469.670397 -0.000 -0.0000
10545.537944 -0.000 -0.0000
10621.955259 -0.000 -0.0000
10698.926326 -0.000 -0.0000
10776.455156 -0.000 -0.0000
10854.545793 -0.000 0.0000
10933.202306 -0.000 -0.0000
11012.428797 -0.000 -0.0000
11092.229396 -0.000 -0.0000
11172.608262 -0.000 -0.0000
11253.569587 -0.000 -0.0000
11335.117592 -0.000 -0.0000
11417.256526 -0.000 -0.0000
11499.990673 -0.000 -0.0000
11583.324346 -0.000 -0.0000
11667.261890 -0.000 -0.0000
11751.807679 -0.000 0.0000
11836.966122 -0.000 -0.0000
11922.741658 -0.000 -0.0000
12009.138758 -0.000 -0.0000
12096.161928 -0.000 -0.0000
12183.815704 -0.000 -0.0000
12272.104655 -0.000 -0.0000
12361.033384 -0.000 -0.0000
12450.606528 -0.000 0.0000
12540.828755 -0.000 0.0000
12631.704770 -0.000 -0.0000
12723.239310 -0.000 -0.0000
12815.437146 -0.000 -0.0000
12908.303087 -0.000 -0.0000
13001.841972 -0.000 -0.0000
13096.058679 -0.000 -0.0000
13190.958118 -0.000 -0.0000
13286.545239 -0.000 -0.0000
13382.825022 -0.000 -0.0000
13479.802489 -0.000 0.0000
13577.482695 -0.000 0.0000
13675.870731 -0.000 0.0000
13774.971728 -0.000 0.0000
13874.790852 -0.000 0.0000
13975.333306 -0.000 -0.0000
14076.604332 -0.000 -0.0000
14178.609210 -0.000 -0.0000
14281.353257 -0.000 0.0000
14384.841829 -0.000 -0.0000
14489.080323 -0.000 -0.0000
14594.074172 -0.000 -0.0000
14699.828849 -0.000 0.0000
14806.349869 -0.000 -0.0000
14913.642783 -0.000 -0.0000
15021.713187 -0.000 -0.0000
15130.566713 -0.000 -0.0000
15240.209036 -0.000 -0.0000
15350.645874 -0.000 0.0000
15461.882981 -0.000 0.0000
15573.926159 -0.000 0.0000
15686.781248 -0.000 -0.0000
15800.454132 -0.000 -0.0000
15914.950735 -0.000 -0.0000
16030.277029 -0.000 -0.0000
16146.439024 -0.000 -0.0000
16263.442778 -0.000 -0.0000
16381.294388 -0.000 -0.0000
16500.000000 -0.000 -0.0000
16619.565802 -0.000 -0.0000
16739.998026 -0.000 -0.0000
16861.302953 -0.000 -0.0000
16983.486905 -0.000 0.0000
17106.556252 -0.000 -0.0000
17230.517410 -0.000 -0.0000
17355.376842 -0.000 -0.0000
17481.141057 -0.000 -0.0000
17607.816611 -0.000 -0.0000
17735.410109 -0.000 0.0000
17863.928201 -0.000 -0.0000
17993.377589 -0.000 -0.0000
18123.765020 -0.000 0.0000
18255.097293 -0.000 -0.0000
18387.381253 -0.000 0.0000
18520.623797 -0.000 0.0000
18654.831872 -0.000 -0.0000
18790.012473 -0.000 -0.0000
18926.172650 -0.000 -0.0000
19063.319498 -0.000 -0.0000
19201.460170 -0.000 0.0000
19340.601866 -0.000 -0.0000
19480.751839 -0.000 -0.0000
19621.917398 -0.000 -0.0000
19764.105900 -0.000 -0.0000
19907.324758 -0.000 -0.0000
20051.581440 -0.000 -0.0000
20196.883465 -0.000 -0.0000
20343.238408 -0.000 -0.0000
20490.653899 -0.000 -0.0000
20639.137624 -0.000 -0.0000
20788.697323 -0.000 -0.0000
20939.340794 -0.000 -0.0000
21091.075889 -0.000 -0.0000
21243.910519 -0.000 -0.0000
21397.852652 -0.000 -0.0000
21552.910313 -0.000 -0.0000
21709.091586 -0.000 -0.0000
21866.404612 -0.000 -0.0000
22024.857594 -0.000 -0.0000
22184.458791 -0.000 -0.0000
22345.216524 -0.000 -0.0000
22507.139175 -0.000 -0.0000
22670.235183 -0.000 -0.0000
22834.513052 -0.000 -0.0000
22999.981347 -0.000 -0.0000
23166.648693 -0.000 -0.0000
23334.523779 -0.000 0.0000
23503.615358 -0.000 0.0000
23673.932243 -0.000 0.0000
23845.483315 -0.000 0.0000
24018.277517 -0.000 0.0000
