* Measurement data measured by REW V5.40 beta 133
* Source: U18dB [plughw:2,0], Mic (Mic), R, Volume: 1.000. Timing signal peak level -25.6 dBFS, measurement signal peak level -15.7 dBFS
* Format: 512k Log Swept Sine, 1 sweep at -12.0 dBFS using an acoustic timing reference
* Dated: Aug 28, 2026, 2:51:48 PM
* REW Settings:
*  C-weighting compensation: Off
*  Target level: 75.0 dB
* Note: ; 28 aug 2026 Multi point measurement Position 3: +20cm to the LEFT 4.51m from front wall (re-verified) 3.54m from L and 3.7cm from R speaker 2 screen panels prolongation - new setup DAC level -28dB MIC HEIGHT: 1.060m mic boom arm height: 1.040 PICTURES: 2026.08.25_ROOM.png measurement starts from 16Hz (REW LF tail starts from 16) -12dBFS OKTO -28dB DELAY 0.0003 ms (0.09 mm, 0 in) using estimated IR delay relative to Acoustic reference played from DAC8STEREO L with no timing offset Clock adjustment: -15.0 ppm
* Measurement: L MPM.3
* Smoothing: 1/48 octave
* Frequency Step: 96 ppo
* Start Frequency: 16.113281 Hz
*
* Freq(Hz) SPL(dB) Phase(degrees)
16.113281 70.212 -169.9328
16.230045 70.317 -170.9605
16.347654 70.440 -172.0372
16.466116 70.563 -173.1610
16.585436 70.685 -174.3388
16.705621 70.806 -175.5678
16.826677 70.930 -176.8100
16.948610 71.059 -178.0468
17.071427 71.193 -179.2905
17.195133 71.334 179.4810
17.319736 71.483 178.2927
17.445242 71.639 177.1312
17.571658 71.802 175.9599
17.698989 71.972 174.7895
17.827243 72.149 173.6131
17.956427 72.330 172.3532
18.086547 72.516 171.0178
18.217609 72.706 169.6035
18.349622 72.896 168.0546
18.482590 73.089 166.3769
18.616523 73.282 164.5903
18.751426 73.472 162.6894
18.887307 73.662 160.6689
19.024172 73.849 158.5897
19.162029 74.030 156.4604
19.300885 74.206 154.2789
19.440747 74.373 152.1224
19.581622 74.531 149.9651
19.723519 74.680 147.8343
19.866444 74.818 145.7707
20.010404 74.946 143.7425
20.155408 75.065 141.7783
20.301462 75.175 139.8768
20.448575 75.277 138.0234
20.596754 75.377 136.2214
20.746006 75.473 134.4640
20.896340 75.569 132.7252
21.047764 75.668 131.0078
21.200285 75.770 129.2902
21.353911 75.877 127.5460
21.508650 75.989 125.7826
21.664511 76.104 123.9646
21.821501 76.222 122.0936
21.979628 76.341 120.1655
22.138902 76.460 118.1641
22.299329 76.576 116.1051
22.460919 76.687 113.9884
22.623680 76.792 111.8131
22.787621 76.889 109.6080
22.952749 76.979 107.3561
23.119074 77.060 105.0891
23.286605 77.132 102.7937
23.455349 77.195 100.4837
23.625316 77.251 98.1541
23.796515 77.299 95.8013
23.968954 77.340 93.4203
24.142643 77.373 91.0015
24.317591 77.399 88.5342
24.493806 77.417 86.0099
24.671298 77.428 83.4164
24.850077 77.430 80.7455
25.030151 77.421 77.9928
25.211529 77.401 75.1467
25.394223 77.365 72.2175
25.578240 77.312 69.1882
25.763590 77.238 66.0861
25.950284 77.139 62.8885
26.138330 77.011 59.6365
26.327739 76.850 56.3039
26.518521 76.649 52.9364
26.710685 76.403 49.5107
26.904242 76.107 46.0672
27.099201 75.753 42.5984
27.295573 75.334 39.1278
27.493368 74.840 35.6869
27.692596 74.259 32.2834
27.893268 73.581 29.0161
28.095394 72.785 25.9102
28.298985 71.855 23.1731
28.504051 70.760 20.9465
28.710603 69.479 19.6676
28.918652 67.976 19.8874
29.128209 66.257 22.7884
29.339284 64.426 30.1156
29.551888 62.891 44.3582
29.766033 62.445 63.8484
29.981730 63.377 81.3722
30.198990 64.980 91.7797
30.417825 66.629 96.6327
30.638245 68.097 98.0150
30.860262 69.345 97.4828
31.083888 70.404 95.7520
31.309135 71.299 93.3791
31.536014 72.065 90.6079
31.764537 72.725 87.5934
31.994716 73.299 84.4968
32.226563 73.804 81.3351
32.460089 74.250 78.1685
32.695309 74.647 75.0065
32.932232 74.998 71.8338
33.170873 75.308 68.6449
33.411243 75.578 65.4170
33.653354 75.809 62.1213
33.897220 75.999 58.7440
34.142854 76.148 55.2769
34.390267 76.254 51.6973
34.639473 76.315 48.0240
34.890485 76.329 44.2744
35.143316 76.293 40.4472
35.397979 76.205 36.6074
35.654487 76.064 32.8004
35.912854 75.869 29.0496
36.173093 75.621 25.4107
36.435218 75.319 21.9543
36.699243 74.965 18.7181
36.965181 74.559 15.7607
37.233046 74.105 13.1486
37.502852 73.609 10.9257
37.774613 73.074 9.1446
38.048343 72.510 7.8614
38.324057 71.926 7.0980
38.601769 71.335 6.8770
38.881494 70.748 7.2135
39.163245 70.182 8.0957
39.447038 69.651 9.4599
39.732888 69.169 11.2386
40.020808 68.747 13.3484
40.310816 68.392 15.6896
40.602924 68.106 18.1602
40.897150 67.888 20.6840
41.193508 67.737 23.2126
41.492013 67.648 25.7126
41.792681 67.620 28.1638
42.095528 67.650 30.5532
42.400570 67.737 32.8674
42.707822 67.879 35.0866
43.017300 68.071 37.1912
43.329021 68.306 39.1693
43.643001 68.578 41.0205
43.959256 68.879 42.7580
44.277803 69.205 44.4062
44.598658 69.554 45.9913
44.921839 69.929 47.5249
45.247361 70.337 48.9903
45.575242 70.785 50.3328
45.905499 71.279 51.4586
46.238149 71.819 52.2455
46.573210 72.400 52.5634
46.910698 73.013 52.2990
47.250633 73.641 51.3759
47.593030 74.268 49.7640
47.937909 74.878 47.4773
48.285287 75.458 44.5662
48.635182 76.001 41.1022
48.987612 76.498 37.1678
49.342597 76.944 32.8488
49.700154 77.337 28.2268
50.060301 77.672 23.3749
50.423059 77.947 18.3563
50.788445 78.160 13.2238
51.156479 78.310 8.0208
51.527180 78.396 2.7834
51.900567 78.421 -2.4564
52.276660 78.386 -7.6704
52.655478 78.295 -12.8318
53.037042 78.152 -17.9171
53.421370 77.962 -22.9069
53.808483 77.731 -27.7875
54.198402 77.464 -32.5540
54.591146 77.167 -37.2083
54.986736 76.845 -41.7627
55.385192 76.503 -46.2389
55.786536 76.148 -50.6679
56.190788 75.784 -55.0898
56.597970 75.415 -59.5536
57.008102 75.043 -64.1161
57.421206 74.671 -68.8418
57.837304 74.299 -73.8016
58.256417 73.927 -79.0709
58.678567 73.553 -84.7277
59.103776 73.177 -90.8531
59.532067 72.796 -97.5278
59.963460 72.409 -104.8286
60.397980 72.018 -112.8240
60.835649 71.627 -121.5701
61.276489 71.242 -131.1112
61.720524 70.876 -141.4572
62.167776 70.544 -152.5726
62.618270 70.265 -164.3608
63.072027 70.057 -176.6668
63.529073 69.932 170.7214
63.989431 69.893 158.0685
64.453125 69.929 145.6345
64.920179 70.020 133.6156
65.390617 70.142 122.1363
65.864465 70.267 111.2717
66.341746 70.373 101.0383
66.822485 70.437 91.3959
67.306709 70.445 82.3094
67.794441 70.382 73.7418
68.285707 70.238 65.6365
68.780534 70.000 57.9615
69.278946 69.659 50.6992
69.780970 69.199 43.8246
70.286631 68.602 37.3477
70.795957 67.845 31.2965
71.308974 66.887 25.7269
71.825708 65.675 20.7767
72.346187 64.116 16.7184
72.870437 62.059 14.2197
73.398486 59.259 15.2161
73.930362 55.570 27.5611
74.466092 53.675 81.7231
75.005704 57.301 124.6237
75.549226 61.311 133.1922
76.096687 64.412 133.4612
76.648115 66.857 131.0008
77.203539 68.864 127.3156
77.762987 70.560 122.9347
78.326490 72.025 118.0924
78.894076 73.304 112.8967
79.465775 74.427 107.4142
80.041617 75.412 101.6909
80.621631 76.272 95.7769
81.205849 77.016 89.7194
81.794300 77.648 83.5837
82.387015 78.176 77.4258
82.984025 78.606 71.3126
83.585362 78.941 65.3052
84.191056 79.191 59.4540
84.801139 79.361 53.8129
85.415643 79.459 48.4206
86.034600 79.493 43.3090
86.658042 79.471 38.5090
87.286002 79.402 34.0386
87.918512 79.294 29.9077
88.555606 79.156 26.1179
89.197317 78.998 22.6588
89.843677 78.827 19.5110
90.494721 78.651 16.6496
91.150484 78.474 14.0486
91.810997 78.301 11.6844
92.476298 78.135 9.5411
93.146419 77.980 7.6085
93.821397 77.837 5.8796
94.501265 77.711 4.3446
95.186060 77.606 2.9858
95.875818 77.528 1.7708
96.570573 77.481 0.6508
97.270363 77.467 -0.4416
97.975225 77.489 -1.5879
98.685194 77.543 -2.8757
99.400307 77.621 -4.3894
100.120603 77.713 -6.1989
100.846118 77.803 -8.3517
101.576890 77.877 -10.8668
102.312958 77.916 -13.7305
103.054360 77.902 -16.8968
103.801135 77.820 -20.2867
104.553320 77.657 -23.7894
105.310957 77.399 -27.2623
106.074084 77.044 -30.5319
106.842740 76.590 -33.3942
107.616967 76.048 -35.6214
108.396804 75.440 -36.9777
109.182291 74.805 -37.2527
109.973471 74.198 -36.3259
110.770384 73.687 -34.2552
111.573072 73.335 -31.3412
112.381577 73.179 -28.0913
113.195940 73.214 -25.0546
114.016204 73.399 -22.6323
114.842413 73.678 -20.9981
115.674608 74.002 -20.1369
116.512834 74.335 -19.9344
117.357134 74.657 -20.2549
118.207552 74.961 -20.9819
119.064133 75.243 -22.0351
119.926921 75.504 -23.3713
120.795961 75.741 -24.9742
121.671298 75.952 -26.8397
122.552979 76.131 -28.9609
123.441048 76.271 -31.3150
124.335553 76.362 -33.8563
125.236539 76.397 -36.5125
126.144055 76.373 -39.1889
127.058147 76.288 -41.7731
127.978862 76.147 -44.1428
128.906250 75.960 -46.1789
129.840358 75.743 -47.7784
130.781235 75.522 -48.8768
131.728929 75.322 -49.4680
132.683491 75.172 -49.6274
133.644971 75.095 -49.5124
134.613417 75.103 -49.3452
135.588882 75.195 -49.3632
136.571415 75.353 -49.7672
137.561067 75.552 -50.6879
138.557891 75.765 -52.1763
139.561939 75.965 -54.2170
140.573262 76.129 -56.7490
141.591914 76.242 -59.6828
142.617948 76.289 -62.9136
143.651416 76.265 -66.3292
144.692373 76.165 -69.8145
145.740874 75.991 -73.2560
146.796972 75.747 -76.5467
147.860724 75.442 -79.5937
148.932184 75.087 -82.3237
150.011408 74.697 -84.6876
151.098452 74.282 -86.6593
152.193374 73.858 -88.2331
153.296230 73.436 -89.4193
154.407077 73.028 -90.2448
155.525975 72.648 -90.7567
156.652980 72.305 -91.0305
157.788152 72.006 -91.1724
158.931550 71.752 -91.3123
160.083234 71.537 -91.5834
161.243263 71.348 -92.0966
162.411698 71.163 -92.9189
163.588600 70.963 -94.0635
164.774030 70.725 -95.4903
165.968051 70.431 -97.1151
167.170724 70.069 -98.8204
168.382112 69.628 -100.4672
169.602278 69.106 -101.9097
170.831286 68.504 -103.0081
172.069200 67.827 -103.6395
173.316084 67.080 -103.7053
174.572004 66.267 -103.1273
175.837025 65.381 -101.8179
177.111212 64.407 -99.6108
178.394633 63.321 -96.1317
179.687354 62.116 -90.5721
180.989443 60.876 -81.3984
182.300967 59.962 -66.6038
183.621995 60.082 -46.7482
184.952596 61.532 -28.4724
186.292838 63.679 -17.1586
187.642793 65.881 -12.1765
189.002530 67.883 -11.3282
190.372120 69.630 -13.0377
191.751635 71.133 -16.3629
193.141147 72.417 -20.7369
194.540727 73.506 -25.8029
195.950449 74.424 -31.3230
197.370387 75.188 -37.1307
198.800614 75.814 -43.1031
200.241205 76.315 -49.1448
201.692236 76.701 -55.1763
203.153781 76.982 -61.1285
204.625917 77.167 -66.9344
206.108721 77.265 -72.5299
207.602269 77.287 -77.8551
209.106641 77.243 -82.8575
210.621914 77.149 -87.4990
212.148167 77.020 -91.7631
213.685480 76.871 -95.6625
215.233933 76.717 -99.2417
216.793607 76.570 -102.5745
218.364583 76.435 -105.7546
219.946943 76.315 -108.8807
221.540769 76.203 -112.0405
223.146145 76.092 -115.2970
224.763154 75.969 -118.6802
226.391880 75.825 -122.1846
228.032409 75.648 -125.7751
229.684826 75.431 -129.3931
231.349217 75.172 -132.9667
233.025668 74.870 -136.4197
234.714269 74.528 -139.6820
236.415105 74.152 -142.6946
238.128266 73.749 -145.4116
239.853842 73.328 -147.8033
241.591922 72.898 -149.8523
243.342596 72.469 -151.5504
245.105957 72.050 -152.8978
246.882096 71.655 -153.9058
248.671105 71.297 -154.6062
250.473079 70.989 -155.0646
252.288110 70.745 -155.3928
254.116293 70.570 -155.7473
255.957725 70.461 -156.3092
257.812500 70.405 -157.2478
259.680716 70.379 -158.6855
261.562469 70.355 -160.6750
263.457859 70.306 -163.2002
265.366983 70.210 -166.1912
267.289941 70.049 -169.5469
269.226835 69.810 -173.1550
271.177763 69.485 -176.9065
273.142829 69.067 179.3010
275.122135 68.548 175.5715
277.115783 67.917 172.0292
279.123878 67.161 168.8503
281.146525 66.270 166.3076
283.183828 65.239 164.8235
285.235895 64.093 165.0156
287.302832 62.917 167.6575
289.384747 61.901 173.3242
291.481748 61.318 -178.5219
293.593945 61.341 -170.1339
295.721448 61.859 -164.0332
297.864367 62.593 -161.1504
300.022815 63.314 -161.0448
302.196904 63.904 -162.8983
304.386747 64.321 -166.0000
306.592459 64.558 -169.8381
308.814155 64.622 -174.0681
311.051949 64.525 -178.4626
313.305960 64.271 177.1331
315.576304 63.863 172.8448
317.863100 63.294 168.8123
320.166467 62.555 165.2363
322.486525 61.635 162.4337
324.823396 60.533 160.9012
327.177200 59.285 161.3638
329.548061 58.002 164.6781
331.936102 56.913 171.2527
334.341448 56.294 179.8938
336.764224 56.223 -172.2407
339.204556 56.459 -167.3135
341.662572 56.670 -165.4501
344.138400 56.610 -165.5944
346.632169 56.125 -166.3130
349.144008 55.115 -165.7305
351.674050 53.587 -160.5740
354.222425 52.095 -144.4709
356.789266 52.438 -115.3386
359.374709 55.023 -93.4635
361.978886 58.007 -85.5886
364.601934 60.600 -84.9468
367.243990 62.754 -87.5909
369.905191 64.549 -91.8488
372.585677 66.067 -96.9767
375.285586 67.365 -102.6202
378.005060 68.485 -108.6004
380.744241 69.458 -114.8204
383.503270 70.301 -121.2211
386.282293 71.031 -127.7598
389.081454 71.656 -134.4014
391.900899 72.186 -141.1169
394.740774 72.626 -147.8831
397.601228 72.981 -154.6824
400.482411 73.252 -161.4995
403.384471 73.443 -168.3196
406.307562 73.552 -175.1222
409.251834 73.578 178.1199
412.217441 73.519 171.4437
415.204539 73.376 164.8951
418.213282 73.145 158.5261
421.243828 72.830 152.3915
424.296334 72.428 146.5469
427.370960 71.942 141.0500
430.467867 71.370 135.9662
433.587214 70.712 131.3729
436.729166 69.971 127.3682
439.893885 69.147 124.0779
443.081538 68.248 121.6544
446.292289 67.287 120.2671
449.526307 66.286 120.0856
452.783760 65.272 121.2627
456.064818 64.280 123.9320
459.369652 63.355 128.2358
462.698433 62.561 134.3569
466.051337 62.009 142.4438
469.428537 61.855 152.2646
472.830210 62.242 162.7170
476.256532 63.168 171.9822
479.707684 64.464 178.6001
483.183843 65.913 -177.8293
486.685192 67.353 -176.9409
490.211914 68.694 -178.1294
493.764192 69.897 179.1775
497.342210 70.948 175.4424
500.946157 71.853 171.0212
504.576220 72.622 166.1794
508.232587 73.270 161.1094
511.915450 73.814 155.9409
515.625000 74.270 150.7512
519.361431 74.650 145.5757
523.124938 74.965 140.4226
526.915717 75.220 135.2891
530.733966 75.416 130.1763
534.579883 75.554 125.1016
538.453669 75.632 120.1012
542.355526 75.652 115.2301
546.285658 75.616 110.5548
550.244269 75.531 106.1431
554.231566 75.408 102.0497
558.247756 75.260 98.3033
562.293050 75.102 94.8945
566.367657 74.947 91.7722
570.471790 74.804 88.8545
574.605664 74.675 86.0486
578.769494 74.556 83.2744
582.963496 74.439 80.4813
587.187890 74.315 77.6531
591.442895 74.175 74.8062
595.728734 74.012 71.9822
600.045630 73.822 69.2390
604.393808 73.603 66.6477
608.773495 73.358 64.2852
613.184919 73.097 62.2263
617.628309 72.832 60.5293
622.103899 72.580 59.2170
626.611920 72.360 58.2625
631.152608 72.190 57.5820
635.726200 72.082 57.0422
640.332934 72.041 56.4801
644.973051 72.061 55.7317
649.646791 72.128 54.6611
654.354400 72.222 53.1774
659.096122 72.322 51.2422
663.872204 72.407 48.8654
668.682895 72.457 46.0957
673.528447 72.458 43.0090
678.409112 72.398 39.7028
683.325144 72.268 36.2881
688.276800 72.068 32.8833
693.264337 71.796 29.6069
698.288016 71.459 26.5714
703.348099 71.067 23.8741
708.444849 70.635 21.5909
713.578533 70.178 19.7626
718.749417 69.716 18.3832
723.957772 69.263 17.3958
729.203868 68.831 16.7017
734.487980 68.419 16.1948
739.810383 68.020 15.8064
745.171354 67.624 15.5342
750.571172 67.222 15.4401
756.010121 66.815 15.6193
761.488482 66.414 16.1571
767.006541 66.034 17.0919
772.564587 65.697 18.3940
778.162908 65.421 19.9585
783.801797 65.212 21.6248
789.481548 65.068 23.2126
795.202457 64.973 24.5790
800.964822 64.901 25.6655
806.768943 64.828 26.5171
812.615123 64.740 27.2603
818.503667 64.634 28.0474
824.434882 64.519 28.9937
830.409077 64.410 30.1311
836.426564 64.316 31.4132
842.487656 64.240 32.7733
848.592668 64.172 34.2053
854.741921 64.111 35.8076
860.935733 64.065 37.7571
867.174428 64.068 40.2067
873.458332 64.175 43.1360
879.787771 64.431 46.2402
886.163076 64.852 48.9829
892.584579 65.403 50.8293
899.052614 66.017 51.4750
905.567520 66.625 50.9028
912.129636 67.170 49.2960
918.739303 67.616 46.9247
925.396867 67.947 44.0713
932.102674 68.157 40.9988
938.857074 68.252 37.9395
945.660420 68.245 35.0889
952.513065 68.156 32.5966
959.415367 68.007 30.5538
966.367686 67.824 28.9838
973.370385 67.626 27.8442
980.423828 67.426 27.0490
987.528383 67.228 26.5055
994.684421 67.027 26.1566
1001.892314 66.809 26.0188
1009.152439 66.568 26.2046
1016.465174 66.305 26.9220
1023.830899 66.045 28.4347
1031.250000 65.843 30.9584
1038.722863 65.779 34.4814
1046.249877 65.933 38.5957
1053.831435 66.338 42.5352
1061.467932 66.955 45.5050
1069.159766 67.698 47.0366
1076.907338 68.472 47.0646
1084.711053 69.208 45.7875
1092.571316 69.861 43.5045
1100.488538 70.411 40.5168
1108.463132 70.852 37.0879
1116.495513 71.188 33.4346
1124.586099 71.429 29.7238
1132.735314 71.587 26.0750
1140.943581 71.680 22.5610
1149.211328 71.721 19.2098
1157.538987 71.722 16.0115
1165.926992 71.692 12.9270
1174.375780 71.633 9.9061
1182.885791 71.541 6.9081
1191.457469 71.411 3.9191
1200.091261 71.231 0.9630
1208.787617 70.994 -1.8921
1217.546990 70.692 -4.5341
1226.369837 70.329 -6.8132
1235.256619 69.913 -8.5581
1244.207797 69.467 -9.6046
1253.223840 69.030 -9.8479
1262.305217 68.645 -9.3120
1271.452400 68.359 -8.2041
1280.665869 68.196 -6.8993
1289.946102 68.148 -5.8253
1299.293583 68.178 -5.3048
1308.708800 68.233 -5.4583
1318.192243 68.261 -6.2061
1327.744407 68.226 -7.3291
1337.365791 68.111 -8.5359
1347.056895 67.917 -9.5161
1356.818224 67.665 -9.9899
1366.650288 67.397 -9.7651
1376.553600 67.162 -8.8037
1386.528674 67.008 -7.2654
1396.576033 66.968 -5.4791
1406.696198 67.042 -3.8278
1416.889699 67.206 -2.6118
1427.157066 67.421 -1.9766
1437.498834 67.650 -1.9263
1447.915543 67.865 -2.3788
1458.407736 68.046 -3.2150
1468.975960 68.184 -4.3104
1479.620765 68.274 -5.5493
1490.342707 68.316 -6.8280
1501.142345 68.315 -8.0549
1512.020241 68.276 -9.1501
1522.976963 68.206 -10.0439
1534.013082 68.117 -10.6785
1545.129173 68.024 -11.0126
1556.325816 67.941 -11.0339
1567.603594 67.888 -10.7747
1578.963096 67.881 -10.3223
1590.404914 67.928 -9.8132
1601.929643 68.031 -9.4072
1613.537886 68.179 -9.2491
1625.230247 68.354 -9.4380
1637.007335 68.537 -10.0127
1648.869765 68.706 -10.9550
1660.818155 68.844 -12.1984
1672.853128 68.937 -13.6407
1684.975311 68.980 -15.1545
1697.185337 68.972 -16.5999
1709.483841 68.922 -17.8427
1721.871466 68.845 -18.7762
1734.348856 68.763 -19.3445
1746.916663 68.697 -19.5577
1759.575541 68.670 -19.4948
1772.326151 68.694 -19.2863
1785.169157 68.776 -19.0833
1798.105229 68.910 -19.0267
1811.135040 69.086 -19.2256
1824.259271 69.291 -19.7485
1837.478606 69.510 -20.6282
1850.793734 69.728 -21.8684
1864.205348 69.935 -23.4540
1877.714148 70.118 -25.3582
1891.320839 70.270 -27.5464
1905.026130 70.381 -29.9771
1918.830734 70.444 -32.5981
1932.735373 70.453 -35.3448
1946.740770 70.402 -38.1359
1960.847656 70.288 -40.8765
1975.056766 70.114 -43.4650
1989.368842 69.887 -45.8014
2003.784629 69.615 -47.7988
2018.304878 69.313 -49.3911
2032.930347 68.996 -50.5411
2047.661799 68.682 -51.2443
2062.500000 68.389 -51.5297
2077.445725 68.132 -51.4607
2092.499753 67.927 -51.1348
2107.662869 67.779 -50.6798
2122.935863 67.690 -50.2410
2138.319531 67.650 -49.9575
2153.814676 67.646 -49.9353
2169.422105 67.656 -50.2247
2185.142632 67.660 -50.8136
2200.977076 67.641 -51.6349
2216.926264 67.585 -52.5870
2232.991025 67.490 -53.5538
2249.172199 67.356 -54.4236
2265.470628 67.190 -55.1000
2281.887162 67.001 -55.5070
2298.422657 66.803 -55.5927
2315.077975 66.610 -55.3365
2331.853984 66.439 -54.7567
2348.751559 66.303 -53.9117
2365.771581 66.208 -52.8824
2382.914937 66.156 -51.7433
2400.182521 66.147 -50.5354
2417.575233 66.180 -49.2633
2435.093980 66.261 -47.9192
2452.739675 66.399 -46.5216
2470.513237 66.608 -45.1490
2488.415595 66.895 -43.9495
2506.447680 67.255 -43.1122
2524.610433 67.674 -42.8164
2542.904801 68.125 -43.1803
2561.331737 68.578 -44.2354
2579.892203 69.006 -45.9346
2598.587165 69.387 -48.1810
2617.417599 69.710 -50.8571
2636.384486 69.965 -53.8444
2655.488815 70.149 -57.0338
2674.731581 70.260 -60.3264
2694.113789 70.301 -63.6315
2713.636448 70.275 -66.8656
2733.300577 70.187 -69.9513
2753.107199 70.045 -72.8193
2773.057349 69.857 -75.4102
2793.152066 69.632 -77.6775
2813.392397 69.384 -79.5947
2833.779398 69.125 -81.1584
2854.314132 68.866 -82.3899
2874.997668 68.614 -83.3306
2895.831087 68.375 -84.0316
2916.815472 68.150 -84.5372
2937.951920 67.935 -84.8672
2959.241530 67.730 -85.0051
2980.685414 67.535 -84.9011
3002.284690 67.360 -84.4911
3024.040482 67.220 -83.7310
3045.953926 67.138 -82.6354
3068.026164 67.137 -81.3064
3090.258346 67.233 -79.9318
3112.651632 67.428 -78.7494
3135.207189 67.708 -77.9861
3157.926192 68.049 -77.8054
3180.809827 68.420 -78.2843
3203.859287 68.793 -79.4227
3227.075772 69.143 -81.1685
3250.460493 69.452 -83.4409
3274.014670 69.706 -86.1472
3297.739530 69.894 -89.1914
3321.636310 70.010 -92.4772
3345.706256 70.047 -95.9065
3369.950622 70.004 -99.3792
3394.370674 69.877 -102.7932
3418.967683 69.668 -106.0439
3443.742932 69.379 -109.0199
3468.697713 69.011 -111.6002
3493.833326 68.572 -113.6471
3519.151083 68.074 -114.9969
3544.652302 67.537 -115.4619
3570.338314 66.997 -114.8495
3596.210457 66.509 -113.0214
3622.270081 66.150 -110.0079
3648.518543 65.997 -106.1401
3674.957212 66.098 -102.0702
3701.587467 66.441 -98.5701
3728.410696 66.960 -96.2213
3755.428297 67.567 -95.2577
3782.641678 68.186 -95.6187
3810.052259 68.762 -97.0912
3837.661468 69.260 -99.4205
3865.470745 69.665 -102.3671
3893.481540 69.969 -105.7246
3921.695312 70.170 -109.3206
3950.113533 70.270 -113.0061
3978.737684 70.271 -116.6490
4007.569257 70.179 -120.1224
4036.609756 69.998 -123.2959
4065.860694 69.740 -126.0320
4095.323597 69.420 -128.1871
4125.000000 69.059 -129.6239
4154.891450 68.691 -130.2355
4184.999507 68.358 -129.9874
4215.325738 68.106 -128.9670
4245.871726 67.976 -127.4139
4276.639063 67.992 -125.6975
4307.629353 68.150 -124.2266
4338.844211 68.419 -123.3389
4370.285264 68.756 -123.2314
4401.954153 69.114 -123.9570
4433.852527 69.453 -125.4612
4465.982050 69.741 -127.6240
4498.344397 69.954 -130.2906
4530.941255 70.077 -133.2867
4563.774323 70.101 -136.4242
4596.845313 70.022 -139.5037
4630.155949 69.846 -142.3169
4663.707968 69.586 -144.6553
4697.503118 69.265 -146.3256
4731.543162 68.919 -147.1788
4765.829875 68.595 -147.1586
4800.365042 68.343 -146.3549
4835.150466 68.208 -145.0350
4870.187960 68.211 -143.6040
4905.479349 68.342 -142.4919
4941.026475 68.565 -142.0251
4976.831190 68.828 -142.3597
5012.895360 69.084 -143.4917
5049.220866 69.290 -145.3092
5085.809602 69.417 -147.6393
5122.663475 69.444 -150.2773
5159.784406 69.357 -152.9957
5197.174331 69.151 -155.5411
5234.835198 68.832 -157.6284
5272.768972 68.417 -158.9415
5310.977630 67.946 -159.1583
5349.463163 67.487 -158.0348
5388.227578 67.132 -155.5657
5427.272896 66.974 -152.1538
5466.601153 67.060 -148.5924
5506.214398 67.362 -145.7327
5546.114698 67.795 -144.0944
5586.304131 68.264 -143.7590
5626.784794 68.693 -144.5129
5667.558796 69.041 -146.0273
5708.628263 69.288 -147.9672
5749.995337 69.433 -150.0328
5791.662173 69.487 -151.9727
5833.630945 69.473 -153.5913
5875.903839 69.422 -154.7667
5918.483061 69.366 -155.4736
5961.370829 69.339 -155.8051
6004.569379 69.362 -155.9619
6048.080964 69.438 -156.1981
6091.907852 69.550 -156.7369
6136.052328 69.668 -157.7002
6180.516692 69.758 -159.0806
6225.303264 69.789 -160.7551
6270.414377 69.745 -162.5199
6315.852385 69.621 -164.1278
6361.619655 69.428 -165.3303
6407.718573 69.195 -165.9229
6454.151543 68.963 -165.8024
6500.920986 68.780 -165.0242
6548.029339 68.684 -163.8239
6595.479059 68.691 -162.5612
6643.272619 68.786 -161.5909
6691.412511 68.931 -161.1375
6739.901245 69.082 -161.2413
6788.741347 69.202 -161.7842
6837.935366 69.269 -162.5525
6887.485864 69.278 -163.3041
6937.395426 69.241 -163.8246
6987.666653 69.187 -163.9799
7038.302166 69.145 -163.7565
7089.304605 69.146 -163.2739
7140.676628 69.202 -162.7516
7192.420915 69.306 -162.4235
7244.540162 69.435 -162.4493
7297.037086 69.560 -162.8651
7349.914425 69.652 -163.5852
7403.174934 69.694 -164.4412
7456.821392 69.685 -165.2314
7510.856593 69.637 -165.7740
7565.283356 69.573 -165.9578
7620.104518 69.524 -165.7812
7675.322937 69.513 -165.3636
7730.941491 69.550 -164.9048
7786.963080 69.629 -164.6055
7843.390624 69.729 -164.5895
7900.227066 69.824 -164.8700
7957.475368 69.896 -165.3624
8015.138515 69.935 -165.9314
8073.219512 69.942 -166.4392
8131.721389 69.930 -166.7953
8190.647194 69.914 -166.9839
8250.000000 69.906 -167.0601
8309.782901 69.907 -167.1160
8369.999013 69.913 -167.2252
8430.651476 69.912 -167.3973
8491.743452 69.893 -167.5641
8553.278126 69.856 -167.6077
8615.258705 69.812 -167.4146
8677.688421 69.783 -166.9371
8740.570528 69.792 -166.2361
8803.908306 69.853 -165.4771
8867.705054 69.966 -164.8699
8931.964101 70.114 -164.5829
8996.688794 70.269 -164.6809
9061.882510 70.408 -165.1193
9127.548646 70.513 -165.7787
9193.690626 70.581 -166.5186
9260.311899 70.615 -167.2245
9327.415936 70.627 -167.8375
9395.006237 70.626 -168.3560
9463.086325 70.619 -168.8137
9531.659749 70.605 -169.2449
9600.730085 70.581 -169.6567
9670.300933 70.547 -170.0234
9740.375920 70.503 -170.3030
9810.958699 70.453 -170.4640
9882.052950 70.408 -170.5079
9953.662379 70.371 -170.4714
10025.790720 70.344 -170.4092
10098.441732 70.325 -170.3645
10171.619204 70.308 -170.3485
10245.326950 70.290 -170.3414
10319.568812 70.271 -170.3113
10394.348662 70.254 -170.2418
10469.670397 70.244 -170.1492
10545.537944 70.242 -170.0759
10621.955259 70.245 -170.0669
10698.926326 70.247 -170.1403
10776.455156 70.240 -170.2761
10854.545793 70.221 -170.4264
10933.202306 70.193 -170.5410
11012.428797 70.159 -170.5934
11092.229396 70.126 -170.5918
11172.608262 70.097 -170.5670
11253.569587 70.071 -170.5524
11335.117592 70.044 -170.5621
11417.256526 70.015 -170.5873
11499.990673 69.981 -170.6069
11583.324346 69.943 -170.6064
11667.261890 69.905 -170.5863
11751.807679 69.865 -170.5592
11836.966122 69.824 -170.5361
11922.741658 69.780 -170.5137
12009.138758 69.730 -170.4730
12096.161928 69.676 -170.3892
12183.815704 69.621 -170.2457
12272.104655 69.568 -170.0427
12361.033384 69.522 -169.7958
12450.606528 69.484 -169.5260
12540.828755 69.454 -169.2552
12631.704770 69.434 -169.0032
12723.239310 69.420 -168.7922
12815.437146 69.412 -168.6433
12908.303087 69.404 -168.5693
13001.841972 69.392 -168.5653
13096.058679 69.372 -168.6072
13190.958118 69.343 -168.6611
13286.545239 69.307 -168.6985
13382.825022 69.267 -168.7078
13479.802489 69.228 -168.6958
13577.482695 69.189 -168.6796
13675.870731 69.150 -168.6768
13774.971728 69.111 -168.7000
13874.790852 69.068 -168.7532
13975.333306 69.019 -168.8301
14076.604332 68.963 -168.9150
14178.609210 68.899 -168.9827
14281.353257 68.828 -169.0040
14384.841829 68.754 -168.9595
14489.080323 68.684 -168.8486
14594.074172 68.621 -168.6929
14699.828849 68.568 -168.5260
14806.349869 68.524 -168.3798
14913.642783 68.486 -168.2750
15021.713187 68.454 -168.2208
15130.566713 68.422 -168.2147
15240.209036 68.390 -168.2476
15350.645874 68.357 -168.3074
15461.882981 68.323 -168.3835
15573.926159 68.291 -168.4711
15686.781248 68.260 -168.5717
15800.454132 68.232 -168.6929
15914.950735 68.208 -168.8441
16030.277029 68.186 -169.0334
16146.439024 68.167 -169.2675
16263.442778 68.148 -169.5491
16381.294388 68.128 -169.8762
16500.000000 68.109 -170.2412
16619.565802 68.090 -170.6343
16739.998026 68.072 -171.0515
16861.302953 68.059 -171.4980
16983.486905 68.050 -171.9861
17106.556252 68.047 -172.5310
17230.517410 68.049 -173.1458
17355.376842 68.054 -173.8330
17481.141057 68.064 -174.5861
17607.816611 68.078 -175.4180
17735.410109 68.095 -176.3390
17863.928201 68.117 -177.3182
17993.377589 68.149 -178.3796
18123.765020 68.190 -179.5718
18255.097293 68.237 179.0774
18387.381253 68.287 177.5533
18520.623797 68.336 175.8523
18654.831872 68.380 173.9785
18790.012473 68.420 171.9399
18926.172650 68.453 169.7429
19063.319498 68.480 167.3905
19201.460170 68.500 164.8821
19340.601866 68.515 162.2128
19480.751839 68.524 159.3740
19621.917398 68.528 156.3542
19764.105900 68.527 153.1393
19907.324758 68.518 149.7118
20051.581440 68.494 146.1082
20196.883465 68.454 142.4893
20343.238408 68.399 138.6467
20490.653899 68.329 134.5720
20639.137624 68.241 130.2596
20788.697323 68.129 125.7084
20939.340794 67.987 120.9229
21091.075889 67.807 115.9160
21243.910519 67.580 110.7096
21397.852652 67.290 105.3344
21552.910313 66.921 99.8296
21709.091586 66.447 94.2427
21866.404612 65.838 88.6268
22024.857594 65.051 83.0381
22184.458791 64.036 77.5312
22345.216524 62.726 72.1566
22507.139175 61.041 66.9553
22670.235183 58.881 61.9580
22834.513052 56.121 57.1830
22999.981347 52.612 52.6375
23166.648693 48.178 48.3190
23334.523779 42.639 44.2183
23503.615358 35.881 40.3206
23673.932243 27.984 36.6082
23845.483315 19.668 33.0620
