* Measurement data measured by REW V5.40 beta 133
* Source: U18dB [plughw:2,0], Mic (Mic), R, Volume: 1.000. Timing signal peak level -27.2 dBFS, measurement signal peak level -16.1 dBFS
* Format: 512k Log Swept Sine, 1 sweep at -12.0 dBFS using an acoustic timing reference
* Dated: Aug 28, 2026, 2:34:33 PM
* REW Settings:
*  C-weighting compensation: Off
*  Target level: 75.0 dB
* Note: ; 28 aug 2026 Multi point measurement Position 3: Main Listener  4.51m from front wall 3.63m from L and R speakers 2 screen panels prolongation - new setup DAC level -28dB MIC HEIGHT: 1.060m mic boom arm height: 1.040 PICTURES: 2026.08.25_ROOM.png measurement starts from 16Hz (REW LF tail starts from 16) -12dBFS OKTO -28dB DELAY -0.0002 ms (-0.07 mm, -0 in) using estimated IR delay relative to Acoustic reference played from DAC8STEREO L with no timing offset Clock adjustment: -15.2 ppm
* Measurement: L MPM.0.a
* Smoothing: 1/48 octave
* Frequency Step: 96 ppo
* Start Frequency: 16.113281 Hz
*
* Freq(Hz) SPL(dB) Phase(degrees)
16.113281 71.006 -166.8117
16.230045 71.236 -168.5503
16.347654 71.513 -170.4128
16.466116 71.788 -172.2782
16.585436 72.025 -174.2193
16.705621 72.220 -176.2603
16.826677 72.354 -178.1313
16.948610 72.405 -179.7233
17.071427 72.391 178.8116
17.195133 72.371 177.5258
17.319736 72.374 176.5543
17.445242 72.404 175.8187
17.571658 72.499 175.0188
17.698989 72.691 174.0870
17.827243 72.948 173.1092
17.956427 73.211 171.9619
18.086547 73.457 170.6201
18.217609 73.700 169.1642
18.349622 73.948 167.6436
18.482590 74.202 166.0914
18.616523 74.468 164.4530
18.751426 74.756 162.6553
18.887307 75.060 160.7182
19.024172 75.335 158.6943
19.162029 75.549 156.5715
19.300885 75.716 154.3409
19.440747 75.867 152.0778
19.581622 76.008 149.8012
19.723519 76.154 147.4408
19.866444 76.330 144.8850
20.010404 76.522 142.1395
20.155408 76.660 139.4453
20.301462 76.710 136.6457
20.448575 76.682 133.9493
20.596754 76.572 131.8470
20.746006 76.398 130.1937
20.896340 76.271 128.9305
21.047764 76.245 128.2924
21.200285 76.308 127.8391
21.353911 76.460 127.0806
21.508650 76.680 126.1801
21.664511 76.902 124.8269
21.821501 77.112 123.0324
21.979628 77.323 120.9420
22.138902 77.545 118.5469
22.299329 77.762 115.9334
22.460919 77.958 113.1498
22.623680 78.121 110.1953
22.787621 78.221 107.2858
22.952749 78.257 104.3220
23.119074 78.258 101.5295
23.286605 78.233 98.8895
23.455349 78.197 96.4349
23.625316 78.159 94.2248
23.796515 78.115 92.1828
23.968954 78.064 90.3510
24.142643 78.032 88.5976
24.317591 78.055 86.7352
24.493806 78.121 84.7662
24.671298 78.210 82.4287
24.850077 78.289 79.8391
25.030151 78.295 77.1785
25.211529 78.247 74.4095
25.394223 78.203 71.7690
25.578240 78.196 69.1450
25.763590 78.289 66.1663
25.950284 78.448 62.8861
26.138330 78.582 58.9402
26.327739 78.649 54.5331
26.518521 78.584 49.9764
26.710685 78.396 45.3301
26.904242 78.104 41.2421
27.099201 77.735 37.5049
27.295573 77.327 34.5981
27.493368 76.931 31.5975
27.692596 76.590 28.5797
27.893268 76.285 24.8315
28.095394 75.986 19.8978
28.298985 75.529 13.7001
28.504051 74.832 6.1478
28.710603 73.779 -1.9062
28.918652 72.326 -11.1428
29.128209 70.423 -20.8710
29.339284 68.039 -32.3658
29.551888 65.181 -48.5341
29.766033 63.517 -101.6957
29.981730 64.026 155.2855
30.198990 65.943 134.3869
30.417825 68.119 122.5001
30.638245 69.703 113.1448
30.860262 70.929 105.7065
31.083888 71.886 99.2867
31.309135 72.615 94.1337
31.536014 73.134 89.8425
31.764537 73.474 86.4081
31.994716 73.753 83.5890
32.226563 74.031 81.1505
32.460089 74.354 78.7251
32.695309 74.699 76.1462
32.932232 75.057 73.3940
33.170873 75.430 70.6361
33.411243 75.824 67.9440
33.653354 76.237 65.3457
33.897220 76.651 62.6634
34.142854 77.049 59.6970
34.390267 77.421 56.3000
34.639473 77.758 52.2352
34.890485 78.034 47.5059
35.143316 78.223 42.0748
35.397979 78.280 36.0772
35.654487 78.181 29.8398
35.912854 77.918 23.4582
36.173093 77.497 17.2742
36.435218 76.961 11.5438
36.699243 76.354 6.3136
36.965181 75.704 1.7152
37.233046 74.977 -2.1572
37.502852 74.114 -5.0284
37.774613 73.121 -6.6586
38.048343 72.076 -6.7801
38.324057 71.104 -5.8632
38.601769 70.216 -4.2575
38.881494 69.412 -2.1077
39.163245 68.717 0.7484
39.447038 68.199 4.5966
39.732888 67.840 9.2137
40.020808 67.604 14.1359
40.310816 67.480 18.6915
40.602924 67.491 22.0099
40.897150 67.564 23.7354
41.193508 67.579 24.6905
41.492013 67.552 25.8534
41.792681 67.594 27.9316
42.095528 67.766 30.8215
42.400570 67.914 33.8867
42.707822 68.036 37.0378
43.017300 68.197 40.4509
43.329021 68.458 43.9492
43.643001 68.875 46.8372
43.959256 69.453 48.3596
44.277803 69.947 48.6589
44.598658 70.226 48.5762
44.921839 70.490 48.1363
45.247361 70.772 46.7956
45.575242 70.901 44.7302
45.905499 70.784 43.2923
46.238149 70.599 44.6025
46.573210 70.709 50.0410
46.910698 71.425 57.7923
47.250633 72.693 63.6428
47.593030 74.128 65.6668
47.937909 75.434 64.7422
48.285287 76.538 62.0514
48.635182 77.472 58.1387
48.987612 78.220 53.3387
49.342597 78.783 48.0617
49.700154 79.319 42.4597
50.060301 79.957 36.1883
50.423059 80.608 28.8788
50.788445 81.137 20.6663
51.156479 81.496 12.0641
51.527180 81.660 3.5657
51.900567 81.629 -4.5504
52.276660 81.434 -12.1930
52.655478 81.083 -19.3397
53.037042 80.608 -25.9371
53.421370 80.096 -31.8792
53.808483 79.590 -37.0767
54.198402 79.124 -41.5896
54.591146 78.720 -45.6754
54.986736 78.314 -49.6035
55.385192 77.881 -53.3992
55.786536 77.439 -56.8438
56.190788 77.011 -59.8168
56.597970 76.682 -62.6443
57.008102 76.455 -65.8546
57.421206 76.276 -69.6165
57.837304 76.144 -73.7826
58.256417 76.022 -78.2003
58.678567 75.899 -82.7053
59.103776 75.853 -87.2239
59.532067 75.969 -91.9966
59.963460 76.211 -97.4317
60.397980 76.536 -103.9876
60.835649 76.934 -112.1653
61.276489 77.353 -122.1956
61.720524 77.770 -133.8823
62.167776 78.101 -146.9146
62.618270 78.262 -161.0791
63.072027 78.247 -176.0178
63.529073 78.046 169.0775
63.989431 77.737 155.2006
64.453125 77.453 142.7271
64.920179 77.290 131.3127
65.390617 77.267 120.3828
65.864465 77.306 109.3600
66.341746 77.369 97.7148
66.822485 77.364 85.3186
67.306709 77.203 72.8022
67.794441 76.853 61.0928
68.285707 76.332 50.6736
68.780534 75.764 41.4053
69.278946 75.190 32.6343
69.780970 74.566 23.9493
70.286631 73.868 15.4192
70.795957 73.121 7.0966
71.308974 72.323 -1.3243
71.825708 71.420 -10.1792
72.346187 70.378 -19.4177
72.870437 69.195 -28.7908
73.398486 67.942 -38.6971
73.930362 66.710 -50.4708
74.466092 65.676 -65.8523
75.005704 65.097 -86.5645
75.549226 65.310 -112.5309
76.096687 66.140 -139.0653
76.648115 67.238 -161.8147
77.203539 68.476 179.8424
77.762987 69.677 165.9069
78.326490 70.864 156.8541
78.894076 72.463 154.0260
79.465775 74.828 154.3727
80.041617 77.489 149.7046
80.621631 79.771 137.9451
81.205849 81.405 122.1526
81.794300 82.389 105.5321
82.387015 82.815 89.7684
82.984025 82.825 75.9694
83.585362 82.583 64.7788
84.191056 82.271 56.3490
84.801139 82.046 49.7806
85.415643 81.996 43.4386
86.034600 82.040 36.1028
86.658042 81.977 27.8999
87.286002 81.693 19.7086
87.918512 81.173 12.3839
88.555606 80.518 6.4940
89.197317 79.882 1.5458
89.843677 79.273 -2.9519
90.494721 78.657 -7.1475
91.150484 77.955 -11.5486
91.810997 77.060 -15.8977
92.476298 75.968 -18.8228
93.146419 74.848 -19.4468
93.821397 73.901 -17.4099
94.501265 73.270 -12.7332
95.186060 72.953 -8.0308
95.875818 72.790 -5.3085
96.570573 72.671 -3.4517
97.270363 72.533 -0.8185
97.975225 72.416 3.2316
98.685194 72.522 7.8522
99.400307 72.940 11.1403
100.120603 73.520 12.6327
100.846118 74.142 13.3600
101.576890 74.826 13.6093
102.312958 75.618 12.8987
103.054360 76.492 10.1726
103.801135 77.290 4.0660
104.553320 77.773 -5.3239
105.310957 77.733 -17.0358
106.074084 76.986 -29.8441
106.842740 75.395 -40.8682
107.616967 73.016 -43.3674
108.396804 70.718 -21.3142
109.182291 70.408 12.0018
109.973471 71.816 21.1666
110.770384 73.305 19.8763
111.573072 74.386 16.6799
112.381577 75.245 14.6450
113.195940 76.109 12.8850
114.016204 76.908 9.0471
114.842413 77.460 2.9470
115.674608 77.634 -3.6144
116.512834 77.437 -8.7303
117.357134 77.125 -11.5243
118.207552 76.921 -13.2545
119.064133 76.779 -15.4503
119.926921 76.559 -17.2830
120.795961 76.322 -16.7944
121.671298 76.393 -13.1980
122.552979 76.996 -9.2531
123.441048 77.906 -9.3864
124.335553 78.708 -14.1757
125.236539 79.158 -21.2896
126.144055 79.228 -28.5590
127.058147 79.036 -34.7335
127.978862 78.705 -39.8398
128.906250 78.263 -44.2708
129.840358 77.689 -47.9484
130.781235 76.985 -50.4460
131.728929 76.231 -50.8542
132.683491 75.564 -48.9946
133.644971 75.107 -45.9404
134.613417 74.935 -42.1323
135.588882 75.113 -38.1042
136.571415 75.547 -36.2365
137.561067 75.965 -36.8789
138.557891 76.283 -37.6742
139.561939 76.702 -37.0267
140.573262 77.393 -36.3245
141.591914 78.245 -38.1006
142.617948 79.028 -43.0107
143.651416 79.571 -50.6394
144.692373 79.745 -60.2782
145.740874 79.412 -70.8627
146.796972 78.470 -80.2699
147.860724 77.002 -84.4885
148.932184 75.592 -77.8635
150.011408 75.294 -64.3507
151.098452 76.040 -60.0961
152.193374 76.745 -65.0450
153.296230 76.870 -72.8733
154.407077 76.428 -79.0049
155.525975 75.724 -80.6719
156.652980 75.275 -76.7958
157.788152 75.556 -70.8092
158.931550 76.336 -70.5261
160.083234 76.927 -76.8645
161.243263 76.985 -85.2090
162.411698 76.594 -91.4669
163.588600 76.088 -93.9402
164.774030 75.826 -93.9937
165.968051 75.860 -95.8707
167.170724 75.861 -101.8710
168.382112 75.451 -110.1703
169.602278 74.483 -116.8617
170.831286 73.126 -118.1553
172.069200 71.865 -113.0414
173.316084 71.261 -104.6907
174.572004 71.466 -98.1083
175.837025 72.078 -96.8829
177.111212 72.620 -100.5483
178.394633 72.911 -105.4358
179.687354 73.180 -108.0428
180.989443 73.806 -109.9432
182.300967 74.719 -117.0927
183.621995 75.424 -131.6525
184.952596 75.553 -151.3468
186.292838 75.056 -173.6925
187.642793 74.150 162.1984
189.002530 73.203 135.6260
190.372120 72.729 106.6591
191.751635 73.161 77.4664
193.141147 74.195 49.9587
194.540727 75.156 24.9106
195.950449 75.672 3.0406
197.370387 75.780 -13.6913
198.800614 75.884 -23.4575
200.241205 76.402 -29.0096
201.692236 77.238 -36.0095
203.153781 77.967 -46.4562
204.625917 78.299 -58.5455
206.108721 78.194 -69.8799
207.602269 77.758 -79.1282
209.106641 77.112 -86.5283
210.621914 76.280 -92.0015
212.148167 75.377 -92.9802
213.685480 74.894 -87.5493
215.233933 75.272 -81.0642
216.793607 76.178 -80.6392
218.364583 76.984 -85.9263
219.946943 77.426 -93.0808
221.540769 77.618 -98.5901
223.146145 77.914 -101.0137
224.763154 78.493 -103.9653
226.391880 79.073 -111.5386
228.032409 79.293 -122.5305
229.684826 79.029 -133.8013
231.349217 78.324 -143.4707
233.025668 77.322 -150.2063
234.714269 76.277 -153.0269
236.415105 75.456 -153.3931
238.128266 74.902 -155.2307
239.853842 74.381 -159.3276
241.591922 73.763 -162.1650
243.342596 73.185 -162.4595
245.105957 72.771 -162.9609
246.882096 72.495 -164.6697
248.671105 72.205 -168.4370
250.473079 71.614 -174.9961
252.288110 70.469 179.2644
254.116293 68.935 -177.4097
255.957725 67.796 -164.1609
257.812500 67.774 -153.2412
259.680716 69.014 -140.2236
261.562469 71.031 -132.6382
263.457859 72.921 -138.3350
265.366983 74.311 -149.5112
267.289941 75.209 -162.7253
269.226835 75.538 -178.6523
271.177763 75.103 163.6548
273.142829 73.810 148.7085
275.122135 72.055 146.1812
277.115783 71.197 159.4980
279.123878 71.967 162.4995
281.146525 73.190 152.3271
283.183828 74.105 136.2522
285.235895 74.562 116.3665
287.302832 74.499 93.2854
289.384747 73.994 69.3452
291.481748 73.371 44.8782
293.593945 72.780 16.4546
295.721448 71.937 -16.7263
297.864367 70.523 -51.3215
300.022815 68.537 -83.7202
302.196904 66.241 -116.3193
304.386747 64.012 -154.2690
306.592459 62.961 19.2368
308.814155 63.887 -15.6023
311.051949 65.609 -37.1316
313.305960 67.525 -50.4375
315.576304 69.684 -57.4636
317.863100 71.593 -70.9761
320.166467 72.617 -91.9529
322.486525 72.609 -112.9736
324.823396 71.832 -127.7612
327.177200 70.953 -132.9634
329.548061 70.461 -138.1655
331.936102 69.953 -147.3350
334.341448 69.253 -150.7495
336.764224 68.992 -147.9167
339.204556 69.621 -146.5962
341.662572 71.028 -147.0369
344.138400 72.756 -153.3552
346.632169 74.111 -170.4380
349.144008 74.614 164.9287
351.674050 74.108 137.5811
354.222425 72.721 110.0222
356.789266 70.936 79.6833
359.374709 69.485 36.3103
361.978886 68.655 -28.1384
364.601934 67.825 -90.1357
367.243990 66.201 -132.5286
369.905191 63.680 -144.3738
372.585677 61.546 -112.0527
375.285586 61.280 -110.3574
378.005060 62.818 -113.1150
380.744241 66.333 -80.6692
383.503270 70.348 -52.3054
386.282293 73.449 -66.9531
389.081454 75.263 -91.6438
391.900899 75.910 -115.0862
394.740774 75.824 -131.7231
397.601228 75.593 -141.8237
400.482411 75.675 -148.1270
403.384471 76.335 -151.4854
406.307562 77.333 -159.1252
409.251834 77.999 -173.9824
412.217441 77.921 168.7810
415.204539 77.084 153.6960
418.213282 75.660 142.8647
421.243828 73.899 137.6072
424.296334 72.306 140.1926
427.370960 72.025 154.1433
430.467867 73.578 169.1370
433.587214 75.477 163.4578
436.729166 76.560 145.9312
439.893885 76.630 126.5688
443.081538 75.902 109.6174
446.292289 74.636 95.1150
449.526307 72.999 82.3616
452.783760 70.988 68.4656
456.064818 68.370 54.4502
459.369652 65.207 62.6379
462.698433 62.722 127.0945
466.051337 62.158 128.8801
469.428537 63.649 161.2322
472.830210 66.326 -172.6182
476.256532 68.273 169.9668
479.707684 68.618 144.5112
483.183843 67.340 123.0823
486.685192 65.400 119.2188
490.211914 65.549 -150.2639
493.764192 68.023 -140.6055
497.342210 70.690 -150.7847
500.946157 73.272 -155.9885
504.576220 75.509 -166.4788
508.232587 76.945 175.5515
511.915450 77.362 154.8701
515.625000 76.712 136.6667
519.361431 75.509 133.2542
523.124938 75.051 144.9707
526.915717 75.423 141.9021
530.733966 75.639 133.4209
534.579883 75.613 128.3623
538.453669 75.761 127.7529
542.355526 76.327 127.2793
546.285658 77.069 122.4949
550.244269 77.684 115.3188
554.231566 77.942 105.0630
558.247756 77.680 95.3040
562.293050 77.061 87.7563
566.367657 76.149 82.6902
570.471790 75.403 89.2422
574.605664 75.506 94.2285
578.769494 76.426 97.5876
582.963496 77.737 96.4912
587.187890 78.718 86.1226
591.442895 79.230 75.9167
595.728734 79.499 65.6909
600.045630 79.513 54.4294
604.393808 79.412 43.8835
608.773495 79.260 31.3174
613.184919 78.932 15.4709
617.628309 78.056 -6.1021
622.103899 76.279 -30.3721
626.611920 73.924 -58.8962
631.152608 72.345 -135.2146
635.726200 72.290 113.1562
640.332934 72.152 69.6514
644.973051 70.856 41.1011
649.646791 69.160 35.2844
654.354400 69.622 109.2419
659.096122 72.601 117.8257
663.872204 75.759 114.4470
668.682895 77.807 93.8447
673.528447 78.458 68.2170
678.409112 77.987 46.6375
683.325144 76.816 33.0881
688.276800 75.841 32.6724
693.264337 75.986 32.9526
698.288016 76.607 21.4653
703.348099 76.888 4.3352
708.444849 76.661 -16.5242
713.578533 75.818 -43.2400
718.749417 74.043 -77.9734
723.957772 71.220 -129.7429
729.203868 68.312 115.2063
734.487980 67.602 77.2842
739.810383 69.120 64.1511
745.171354 70.752 46.0752
750.571172 71.176 17.7935
756.010121 70.352 -11.9133
761.488482 69.575 -48.9031
767.006541 70.098 -166.3191
772.564587 71.059 118.8396
778.162908 71.641 84.7715
783.801797 71.900 62.5225
789.481548 71.560 46.5801
795.202457 70.966 50.8528
800.964822 70.530 42.7163
806.768943 69.668 31.8467
812.615123 68.819 41.2383
818.503667 68.602 42.6426
824.434882 68.746 39.8643
830.409077 69.576 45.4048
836.426564 70.581 36.7090
842.487656 70.684 17.1538
848.592668 70.405 29.6885
854.741921 71.300 62.4092
860.935733 72.346 41.1499
867.174428 72.237 15.8818
873.458332 71.498 31.3984
879.787771 71.192 46.9175
886.163076 71.323 36.1450
892.584579 72.973 60.4338
899.052614 75.442 61.6001
905.567520 76.657 33.2563
912.129636 76.129 3.1113
918.739303 74.440 -9.5254
925.396867 73.354 -0.0195
932.102674 73.964 -11.7881
938.857074 75.162 -39.4961
945.660420 75.659 -84.2461
952.513065 74.810 -145.3052
959.415367 72.997 153.3911
966.367686 71.920 122.8066
973.370385 72.506 101.4854
980.423828 73.160 75.5601
987.528383 73.624 54.3179
994.684421 73.759 31.6841
1001.892314 73.530 32.8809
1009.152439 73.925 47.5923
1016.465174 74.106 22.5640
1023.830899 73.337 -7.1309
1031.250000 72.025 -43.9360
1038.722863 70.699 -118.4609
1046.249877 70.607 147.2578
1053.831435 71.901 112.0352
1061.467932 73.100 86.5737
1069.159766 73.708 67.8804
1076.907338 74.744 70.7017
1084.711053 76.490 73.6729
1092.571316 77.747 54.4595
1100.488538 77.992 31.5415
1108.463132 77.181 13.7051
1116.495513 75.919 9.6025
1124.586099 74.983 7.1050
1132.735314 74.472 2.4775
1140.943581 73.638 -11.6973
1149.211328 71.887 -19.6621
1157.538987 69.870 -10.5059
1165.926992 69.144 15.8008
1174.375780 70.494 36.1714
1182.885791 71.823 27.7739
1191.457469 72.155 18.3638
1200.091261 72.772 21.4521
1208.787617 74.367 22.2871
1217.546990 75.790 8.7583
1226.369837 75.955 -13.5166
1235.256619 74.750 -30.4785
1244.207797 73.012 -37.2944
1253.223840 71.244 -46.8320
1262.305217 69.144 -45.4873
1271.452400 67.376 -43.3940
1280.665869 66.695 18.7554
1289.946102 67.336 37.5229
1299.293583 68.258 27.3271
1308.708800 69.373 29.9277
1318.192243 71.053 34.4614
1327.744407 72.641 25.1772
1337.365791 74.043 16.5059
1347.056895 75.068 1.2822
1356.818224 74.843 -22.1157
1366.650288 73.131 -40.9683
1376.553600 70.839 -41.9287
1386.528674 69.922 -0.7197
1396.576033 70.579 15.8755
1406.696198 71.581 11.7310
1416.889699 72.194 -3.0405
1427.157066 71.996 -12.2275
1437.498834 71.752 6.2715
1447.915543 72.174 4.4966
1458.407736 72.644 -2.3452
1468.975960 73.187 -5.6426
1479.620765 73.536 -15.9985
1490.342707 73.856 -22.9497
1501.142345 74.117 -35.1250
1512.020241 73.285 -53.4155
1522.976963 71.414 -58.3203
1534.013082 70.096 -50.5278
1545.129173 69.900 -61.1543
1556.325816 69.556 -87.1631
1567.603594 69.061 -118.1094
1578.963096 68.909 23.2603
1590.404914 68.672 -4.5161
1601.929643 67.669 -14.1528
1613.537886 66.489 -12.9102
1625.230247 66.829 10.7866
1637.007335 68.874 42.1128
1648.869765 70.812 31.2085
1660.818155 72.129 16.6826
1672.853128 72.688 0.7998
1684.975311 72.821 -10.3042
1697.185337 72.892 -20.5767
1709.483841 72.124 -37.6294
1721.871466 70.114 -47.0366
1734.348856 67.989 -34.3774
1746.916663 67.791 -0.7300
1759.575541 68.955 2.9355
1772.326151 69.873 -3.8213
1785.169157 70.419 -10.9751
1798.105229 70.474 -21.0537
1811.135040 70.065 -19.7031
1824.259271 70.316 -5.4722
1837.478606 70.957 -10.5723
1850.793734 71.240 -13.6772
1864.205348 71.782 -11.7798
1877.714148 72.563 -16.0913
1891.320839 72.702 -27.9487
1905.026130 72.089 -29.9355
1918.830734 71.910 -27.5752
1932.735373 72.839 -21.5938
1946.740770 74.320 -20.0259
1960.847656 74.859 -35.9346
1975.056766 74.360 -49.1270
1989.368842 73.570 -57.9434
2003.784629 72.796 -64.1177
2018.304878 72.319 -66.9233
2032.930347 71.607 -77.5459
2047.661799 69.998 -78.6523
2062.500000 68.851 -64.9341
2077.445725 69.141 -59.7388
2092.499753 69.420 -73.9917
2107.662869 69.050 -94.2080
2122.935863 68.976 -100.3643
2138.319531 69.779 11.9170
2153.814676 70.743 -14.4263
2169.422105 70.924 -37.9102
2185.142632 70.056 -54.5542
2200.977076 68.705 -54.2139
2216.926264 68.267 -40.5303
2232.991025 68.714 -42.2534
2249.172199 69.132 -48.2241
2265.470628 69.422 -55.9468
2281.887162 69.060 -67.3384
2298.422657 68.254 -48.1851
2315.077975 68.607 -21.6875
2331.853984 69.648 -28.3550
2348.751559 70.439 -40.1411
2365.771581 70.404 -53.2158
2382.914937 69.969 -52.2222
2400.182521 69.965 -45.8950
2417.575233 70.440 -38.8721
2435.093980 71.298 -39.5791
2452.739675 71.796 -50.1880
2470.513237 71.700 -60.5122
2488.415595 71.220 -71.2559
2506.447680 70.121 -80.7466
2524.610433 68.578 -85.6157
2542.904801 67.583 -72.3994
2561.331737 68.550 -42.1660
2579.892203 69.948 -48.7822
2598.587165 70.293 -65.8130
2617.417599 69.829 -72.3008
2636.384486 69.344 -54.2715
2655.488815 69.055 -54.0024
2674.731581 68.785 -56.7065
2694.113789 69.097 -52.2588
2713.636448 69.777 -55.2656
2733.300577 70.030 -61.6094
2753.107199 69.975 -65.7422
2773.057349 69.792 -69.9863
2793.152066 69.574 -70.8418
2813.392397 70.029 -62.3999
2833.779398 70.924 -64.2705
2854.314132 71.098 -74.5801
2874.997668 70.940 -74.0752
2895.831087 71.286 -72.9624
2916.815472 71.320 -82.3740
2937.951920 70.882 -84.8525
2959.241530 70.682 -87.2388
2980.685414 70.365 -95.0840
3002.284690 69.554 -99.4873
3024.040482 68.743 -97.1973
3045.953926 68.529 -93.4556
3068.026164 68.759 -93.5786
3090.258346 68.559 -91.0493
3112.651632 68.911 -77.8320
3135.207189 70.312 -78.7378
3157.926192 71.312 -97.9741
3180.809827 71.186 -120.1396
3203.859287 70.426 -68.7871
3227.075772 70.343 -53.4248
3250.460493 70.767 -70.5156
3274.014670 70.946 -79.2290
3297.739530 71.681 -61.7881
3321.636310 72.684 -65.6528
3345.706256 72.973 -80.3218
3369.950622 72.776 -90.7100
3394.370674 72.516 -95.8750
3418.967683 72.668 -96.2285
3443.742932 73.006 -103.0127
3468.697713 73.066 -113.3242
3493.833326 72.664 -124.5049
3519.151083 71.781 -128.1694
3544.652302 70.993 -124.8882
3570.338314 70.685 -125.7954
3596.210457 70.315 -130.7529
3622.270081 69.813 -129.5459
3648.518543 69.631 -134.2847
3674.957212 69.252 -147.8535
3701.587467 68.838 -132.2715
3728.410696 68.911 -127.7007
3755.428297 68.677 -157.6270
3782.641678 69.101 -0.0518
3810.052259 70.728 -30.4272
3837.661468 72.207 -53.2905
3865.470745 73.289 -68.7607
3893.481540 74.250 -81.1953
3921.695312 74.692 -95.4019
3950.113533 74.749 -104.5752
3978.737684 74.924 -112.6714
4007.569257 74.964 -122.7500
4036.609756 74.363 -134.2969
4065.860694 73.318 -135.0708
4095.323597 72.903 -136.1831
4125.000000 72.836 -146.3472
4154.891450 72.287 -160.4512
4184.999507 71.372 -169.3359
4215.325738 70.737 -160.7393
4245.871726 70.274 -158.7031
4276.639063 69.918 -106.6357
4307.629353 70.454 -108.8804
4338.844211 70.978 -128.1841
4370.285264 70.635 -135.6885
4401.954153 70.106 -116.1445
4433.852527 70.782 -86.5186
4465.982050 72.285 -92.7666
4498.344397 73.410 -105.1592
4530.941255 74.102 -114.9434
4563.774323 74.552 -123.0947
4596.845313 75.004 -132.6284
4630.155949 75.151 -146.9863
4663.707968 74.604 -162.7896
4697.503118 73.295 -175.2793
4731.543162 71.672 176.5864
4765.829875 70.170 168.6782
4800.365042 68.866 -168.7607
4835.150466 68.272 -135.3735
4870.187960 68.772 -129.3560
4905.479349 70.000 -119.3008
4941.026475 71.168 -122.5342
4976.831190 71.878 -130.6582
5012.895360 72.252 -137.1372
5049.220866 72.241 -142.7178
5085.809602 72.480 -142.3633
5122.663475 73.010 -146.3896
5159.784406 72.929 -155.4150
5197.174331 72.315 -162.1177
5234.835198 71.731 -161.3872
5272.768972 71.969 -157.1553
5310.977630 72.490 -166.1846
5349.463163 72.160 -178.7456
5388.227578 71.247 172.1011
5427.272896 70.399 170.1421
5466.601153 69.822 170.0386
5506.214398 69.790 -175.2554
5546.114698 70.155 -94.4888
5586.304131 70.662 -111.4507
5626.784794 71.502 -123.4985
5667.558796 71.923 -137.0464
5708.628263 71.593 -141.0825
5749.995337 71.568 -137.2446
5791.662173 72.040 -140.3589
5833.630945 72.708 -146.3506
5875.903839 73.178 -156.9507
5918.483061 73.093 -160.7144
5961.370829 73.195 -158.3091
6004.569379 73.412 -167.3203
6048.080964 73.362 -170.8584
6091.907852 72.917 178.0332
6136.052328 71.985 175.6367
6180.516692 71.659 -129.7344
6225.303264 72.516 -134.3496
6270.414377 73.732 -142.3848
6315.852385 74.787 -152.3931
6361.619655 74.951 -169.3091
6407.718573 74.274 175.4819
6454.151543 72.849 164.6562
6500.920986 71.352 174.7505
6548.029339 70.969 -175.4600
6595.479059 71.129 -175.4663
6643.272619 70.859 174.6250
6691.412511 70.273 -166.0840
6739.901245 71.042 -114.7793
6788.741347 72.526 -121.3589
6837.935366 73.919 -134.2363
6887.485864 74.851 -150.8784
6937.395426 74.995 -168.5156
6987.666653 74.392 175.3145
7038.302166 73.154 166.2104
7089.304605 72.207 164.8267
7140.676628 71.678 160.7969
7192.420915 71.088 -178.3643
7244.540162 70.899 -134.3809
7297.037086 71.425 -134.1274
7349.914425 71.970 -143.9268
7403.174934 72.621 -147.1499
7456.821392 73.334 -153.1514
7510.856593 73.877 -161.2061
7565.283356 74.308 -172.5239
7620.104518 73.902 167.8452
7675.322937 72.255 152.9561
7730.941491 70.359 172.3022
7786.963080 69.965 -144.9473
7843.390624 71.318 -130.9482
7900.227066 73.143 -135.0161
7957.475368 74.388 -147.5542
8015.138515 75.047 -160.5854
8073.219512 75.056 -175.5557
8131.721389 74.132 172.0947
8190.647194 72.817 167.5972
8250.000000 71.708 160.1143
8309.782901 70.511 153.7207
8369.999013 70.122 -143.9712
8430.651476 71.487 -127.9390
8491.743452 73.312 -138.3359
8553.278126 74.617 -152.3682
8615.258705 75.004 -168.4536
8677.688421 74.532 175.8940
8740.570528 73.123 160.5981
8803.908306 70.929 155.4243
8867.705054 69.291 -157.4048
8931.964101 69.555 -142.2817
8996.688794 70.768 -143.7236
9061.882510 72.539 -141.2300
9127.548646 74.492 -144.8828
9193.690626 75.840 -159.9985
9260.311899 76.086 179.8506
9327.415936 74.849 161.3354
9395.006237 72.398 154.6553
9463.086325 70.190 175.0776
9531.659749 70.366 -144.6348
9600.730085 72.069 -140.6260
9670.300933 73.442 -150.5981
9740.375920 74.171 -162.9434
9810.958699 74.090 -177.0352
9882.052950 73.247 172.8076
9953.662379 72.049 165.9785
10025.790720 70.745 163.3442
10098.441732 70.471 -160.5239
10171.619204 71.996 -139.7773
10245.326950 73.511 -152.2256
10319.568812 74.141 -168.4351
10394.348662 73.779 177.7168
10469.670397 72.576 167.1206
10545.537944 70.770 165.7412
10621.955259 69.593 -170.7959
10698.926326 70.204 -150.3105
10776.455156 71.848 -145.5835
10854.545793 73.452 -152.9736
10933.202306 74.053 -168.9360
11012.428797 73.385 175.5464
11092.229396 71.820 168.9092
11172.608262 70.278 175.4316
11253.569587 69.862 -168.1855
11335.117592 70.736 -157.8037
11417.256526 71.938 -157.4937
11499.990673 72.659 -167.1475
11583.324346 72.435 -179.4502
11667.261890 71.394 172.9180
11751.807679 70.082 177.0015
11836.966122 69.973 -156.7173
11922.741658 71.183 -152.5605
12009.138758 72.303 -160.0957
12096.161928 72.835 -171.5752
12183.815704 72.507 172.9360
12272.104655 71.102 163.1162
12361.033384 69.896 -173.0967
12450.606528 70.744 -141.9390
12540.828755 72.362 -148.7964
12631.704770 73.136 -165.7910
12723.239310 72.589 177.0073
12815.437146 70.980 167.4619
12908.303087 69.366 174.2822
13001.841972 69.678 -152.3525
13096.058679 71.406 -146.2524
13190.958118 72.301 -161.4609
13286.545239 71.852 -176.7695
13382.825022 70.471 176.1011
13479.802489 69.275 -169.8247
13577.482695 69.457 -156.9312
13675.870731 70.371 -156.9966
13774.971728 71.303 -162.3970
13874.790852 71.443 -175.0063
13975.333306 70.351 176.8726
14076.604332 69.200 -171.8804
14178.609210 69.472 -158.6318
14281.353257 70.152 -162.6924
14384.841829 70.327 -170.1978
14489.080323 70.029 -177.6133
14594.074172 69.172 175.9570
14699.828849 68.316 -168.3618
14806.349869 68.926 -150.7163
14913.642783 70.032 -155.7476
15021.713187 70.426 -167.1216
15130.566713 69.834 -177.4424
15240.209036 68.886 -172.8955
15350.645874 69.123 -155.2607
15461.882981 70.171 -158.1216
15573.926159 70.464 -171.4912
15686.781248 69.606 178.2891
15800.454132 68.472 -175.2271
15914.950735 68.680 -157.5464
16030.277029 69.670 -159.9707
16146.439024 69.832 -172.1543
16263.442778 69.007 179.4580
16381.294388 68.262 -171.0356
16500.000000 68.764 -157.5811
16619.565802 69.409 -164.2280
16739.998026 69.375 -173.8550
16861.302953 68.681 -179.3145
16983.486905 68.127 -171.6826
17106.556252 68.551 -164.4048
17230.517410 69.052 -171.2822
17355.376842 68.646 179.4531
17481.141057 67.852 -177.4214
17607.816611 68.008 -166.3906
17735.410109 68.914 -166.9336
17863.928201 69.233 -177.7856
17993.377589 68.533 174.0103
18123.765020 67.730 -179.8066
18255.097293 68.095 -169.8330
18387.381253 69.018 -172.8076
18520.623797 69.234 176.8599
18654.831872 68.815 173.5142
18790.012473 68.864 177.8550
18926.172650 69.295 173.4106
19063.319498 69.093 163.0605
19201.460170 68.363 160.8545
19340.601866 68.365 170.9561
19480.751839 69.093 169.0664
19621.917398 69.317 158.8486
19764.105900 68.900 152.2979
19907.324758 68.636 154.1821
20051.581440 68.922 152.0430
20196.883465 69.037 143.4531
20343.238408 68.563 135.6504
20490.653899 68.106 138.5083
20639.137624 68.480 141.1494
20788.697323 68.934 133.2373
20939.340794 68.944 125.3594
21091.075889 69.042 121.6680
21243.910519 69.236 112.2510
21397.852652 68.765 99.5386
21552.910313 67.986 97.6377
21709.091586 68.179 100.9517
21866.404612 68.741 90.2197
22024.857594 68.490 75.1582
22184.458791 67.810 66.5923
22345.216524 67.521 59.4321
22507.139175 67.377 46.7559
22670.235183 66.839 33.1899
22834.513052 66.262 22.7139
22999.981347 65.923 6.5957
23166.648693 65.182 -16.5918
23334.523779 63.731 -40.5166
23503.615358 62.178 -64.8569
23673.932243 60.866 -92.2402
23845.483315 59.439 -112.6729
24018.277517 58.367 -123.1143
