* Measurement data measured by REW V5.40 beta 133
* Source: U18dB [plughw:2,0], Mic (Mic), R, Volume: 1.000. Timing signal peak level -25.8 dBFS, measurement signal peak level -14.5 dBFS
* Format: 512k Log Swept Sine, 1 sweep at -12.0 dBFS using an acoustic timing reference
* Dated: Aug 28, 2026, 2:39:10 PM
* REW Settings:
*  C-weighting compensation: Off
*  Target level: 75.0 dB
* Note: ; 28 aug 2026 Multi point measurement Position 1: +20cm further AHEAD 4.31m from front wall 3.45m from L and R speakers 2 screen panels prolongation - new setup DAC level -28dB MIC HEIGHT: 1.060m mic boom arm height: 1.040 PICTURES: 2026.08.25_ROOM.png measurement starts from 16Hz (REW LF tail starts from 16) -12dBFS OKTO -28dB DELAY -0.0280 ms (-9.6 mm, -0.38 in) using estimated IR delay relative to Acoustic reference played from DAC8STEREO L with no timing offset Clock adjustment: -15.1 ppm
* Measurement: L MPM.1
* Smoothing: 1/48 octave
* Frequency Step: 96 ppo
* Start Frequency: 16.113281 Hz
*
* Freq(Hz) SPL(dB) Phase(degrees)
16.113281 69.390 -169.6540
16.230045 69.591 -170.7181
16.347654 69.822 -171.8214
16.466116 70.042 -172.9612
16.585436 70.244 -174.1475
16.705621 70.430 -175.3840
16.826677 70.602 -176.6478
16.948610 70.763 -177.9310
17.071427 70.915 -179.2491
17.195133 71.063 179.4088
17.319736 71.210 178.0547
17.445242 71.358 176.6790
17.571658 71.510 175.2729
17.698989 71.669 173.8427
17.827243 71.835 172.3891
17.956427 72.008 170.8967
18.086547 72.190 169.3707
18.217609 72.379 167.8157
18.349622 72.572 166.2222
18.482590 72.771 164.5940
18.616523 72.970 162.9377
18.751426 73.169 161.2492
18.887307 73.365 159.5268
19.024172 73.556 157.7850
19.162029 73.738 156.0169
19.300885 73.912 154.2217
19.440747 74.074 152.4258
19.581622 74.224 150.6066
19.723519 74.361 148.7841
19.866444 74.487 146.9809
20.010404 74.602 145.1736
20.155408 74.710 143.3943
20.301462 74.810 141.6432
20.448575 74.906 139.9127
20.596754 75.003 138.2149
20.746006 75.099 136.5446
20.896340 75.200 134.8838
21.047764 75.307 133.2364
21.200285 75.418 131.5876
21.353911 75.534 129.9156
21.508650 75.654 128.2279
21.664511 75.775 126.5019
21.821501 75.897 124.7356
21.979628 76.017 122.9313
22.138902 76.133 121.0766
22.299329 76.244 119.1797
22.460919 76.348 117.2398
22.623680 76.445 115.2520
22.787621 76.535 113.2265
22.952749 76.618 111.1520
23.119074 76.695 109.0375
23.286605 76.766 106.8723
23.455349 76.832 104.6634
23.625316 76.892 102.4012
23.796515 76.947 100.0917
23.968954 76.994 97.7285
24.142643 77.034 95.3142
24.317591 77.065 92.8487
24.493806 77.086 90.3280
24.671298 77.095 87.7604
24.850077 77.092 85.1358
25.030151 77.075 82.4719
25.211529 77.043 79.7543
25.394223 76.995 77.0108
25.578240 76.929 74.2245
25.763590 76.843 71.4321
25.950284 76.735 68.6151
26.138330 76.600 65.8129
26.327739 76.436 63.0064
26.518521 76.236 60.2299
26.710685 75.997 57.4684
26.904242 75.713 54.7480
27.099201 75.381 52.0692
27.295573 74.994 49.4530
27.493368 74.549 46.9393
27.692596 74.040 44.5580
27.893268 73.464 42.4181
28.095394 72.814 40.5947
28.298985 72.093 39.2935
28.504051 71.299 38.6963
28.710603 70.451 39.1241
28.918652 69.575 40.8985
29.128209 68.739 44.3969
29.339284 68.045 49.7292
29.551888 67.625 56.7556
29.766033 67.578 64.3806
29.981730 67.911 71.5728
30.198990 68.520 77.2050
30.417825 69.277 81.0819
30.638245 70.075 83.2785
30.860262 70.844 84.1577
31.083888 71.557 84.0152
31.309135 72.197 83.1546
31.536014 72.766 81.7749
31.764537 73.267 80.0102
31.994716 73.708 78.0012
32.226563 74.095 75.7878
32.460089 74.437 73.4297
32.695309 74.739 70.9516
32.932232 75.006 68.3553
33.170873 75.242 65.6501
33.411243 75.449 62.8337
33.653354 75.628 59.8964
33.897220 75.778 56.8444
34.142854 75.898 53.6858
34.390267 75.983 50.4144
34.639473 76.032 47.0589
34.890485 76.039 43.6420
35.143316 76.000 40.1681
35.397979 75.910 36.6970
35.654487 75.768 33.2669
35.912854 75.572 29.8964
36.173093 75.319 26.6300
36.435218 75.013 23.5269
36.699243 74.653 20.6208
36.965181 74.242 17.9664
37.233046 73.786 15.6302
37.502852 73.294 13.6626
37.774613 72.772 12.1223
38.048343 72.233 11.0717
38.324057 71.691 10.5365
38.601769 71.161 10.5342
38.881494 70.657 11.0661
39.163245 70.195 12.0969
39.447038 69.787 13.5367
39.732888 69.441 15.2949
40.020808 69.161 17.2732
40.310816 68.945 19.3712
40.602924 68.787 21.5004
40.897150 68.680 23.6036
41.193508 68.616 25.6515
41.492013 68.589 27.6287
41.792681 68.593 29.5321
42.095528 68.624 31.3661
42.400570 68.679 33.1385
42.707822 68.757 34.8564
43.017300 68.855 36.5311
43.329021 68.973 38.1816
43.643001 69.108 39.8365
43.959256 69.265 41.5342
44.277803 69.448 43.3196
44.598658 69.669 45.2297
44.921839 69.942 47.2684
45.247361 70.286 49.3853
45.575242 70.716 51.4623
45.905499 71.237 53.3209
46.238149 71.847 54.7513
46.573210 72.529 55.5576
46.910698 73.259 55.5972
47.250633 74.010 54.7993
47.593030 74.756 53.1628
47.937909 75.474 50.7396
48.285287 76.152 47.6164
48.635182 76.778 43.8937
48.987612 77.345 39.6743
49.342597 77.850 35.0569
49.700154 78.289 30.1295
50.060301 78.661 24.9675
50.423059 78.964 19.6349
50.788445 79.200 14.1851
51.156479 79.367 8.6635
51.527180 79.468 3.1104
51.900567 79.506 -2.4380
52.276660 79.482 -7.9495
52.655478 79.400 -13.3954
53.037042 79.265 -18.7533
53.421370 79.082 -24.0068
53.808483 78.855 -29.1473
54.198402 78.592 -34.1738
54.591146 78.299 -39.0913
54.986736 77.983 -43.9137
55.385192 77.649 -48.6622
55.786536 77.306 -53.3665
56.190788 76.959 -58.0652
56.597970 76.612 -62.8064
57.008102 76.270 -67.6471
57.421206 75.933 -72.6514
57.837304 75.605 -77.8880
58.256417 75.285 -83.4261
58.678567 74.972 -89.3306
59.103776 74.665 -95.6609
59.532067 74.362 -102.4677
59.963460 74.060 -109.7907
60.397980 73.756 -117.6598
60.835649 73.450 -126.0946
61.276489 73.140 -135.1107
61.720524 72.830 -144.7037
62.167776 72.526 -154.8449
62.618270 72.235 -165.4733
63.072027 71.967 -176.5016
63.529073 71.729 172.1889
63.989431 71.527 160.7618
64.453125 71.362 149.3986
64.920179 71.226 138.2616
65.390617 71.109 127.4889
65.864465 70.996 117.2015
66.341746 70.871 107.4783
66.822485 70.719 98.3456
67.306709 70.526 89.8214
67.794441 70.281 81.9089
68.285707 69.975 74.5909
68.780534 69.599 67.8603
69.278946 69.142 61.7191
69.780970 68.594 56.1782
70.286631 67.939 51.2849
70.795957 67.157 47.1353
71.308974 66.219 43.9156
71.825708 65.091 41.9822
72.346187 63.738 42.0159
72.870437 62.154 45.3530
73.398486 60.497 54.4766
73.930362 59.412 72.2447
74.466092 59.924 95.0977
75.005704 61.896 112.2051
75.549226 64.277 120.7573
76.096687 66.527 123.7434
76.648115 68.528 123.5385
77.203539 70.291 121.4408
77.762987 71.850 118.1067
78.326490 73.233 113.9117
78.894076 74.462 109.0689
79.465775 75.553 103.7255
80.041617 76.516 97.9852
80.621631 77.358 91.9396
81.205849 78.086 85.6626
81.794300 78.703 79.2357
82.387015 79.215 72.7214
82.984025 79.626 66.1870
83.585362 79.940 59.6901
84.191056 80.164 53.2729
84.801139 80.302 46.9805
85.415643 80.359 40.8414
86.034600 80.339 34.8772
86.658042 80.246 29.1122
87.286002 80.084 23.5634
87.918512 79.855 18.2475
88.555606 79.563 13.1871
89.197317 79.210 8.4106
89.843677 78.797 3.9536
90.494721 78.326 -0.1354
91.150484 77.800 -3.7914
91.810997 77.224 -6.9329
92.476298 76.604 -9.4615
93.146419 75.952 -11.2659
93.821397 75.284 -12.2325
94.501265 74.625 -12.2654
95.186060 74.010 -11.3157
95.875818 73.477 -9.4229
96.570573 73.069 -6.7487
97.270363 72.817 -3.5870
97.975225 72.734 -0.3176
98.685194 72.806 2.6852
99.400307 73.000 5.1401
100.120603 73.273 6.9003
100.846118 73.585 7.9425
101.576890 73.903 8.3298
102.312958 74.202 8.1741
103.054360 74.470 7.6088
103.801135 74.698 6.7712
104.553320 74.887 5.7899
105.310957 75.043 4.7744
106.074084 75.175 3.8044
106.842740 75.298 2.9214
107.616967 75.422 2.1240
108.396804 75.558 1.3729
109.182291 75.710 0.6065
109.973471 75.878 -0.2426
110.770384 76.057 -1.2291
111.573072 76.238 -2.3826
112.381577 76.413 -3.7060
113.195940 76.574 -5.1786
114.016204 76.717 -6.7645
114.842413 76.840 -8.4202
115.674608 76.943 -10.1035
116.512834 77.030 -11.7817
117.357134 77.108 -13.4378
118.207552 77.182 -15.0731
119.064133 77.256 -16.7064
119.926921 77.334 -18.3708
120.795961 77.414 -20.1064
121.671298 77.494 -21.9496
122.552979 77.566 -23.9236
123.441048 77.623 -26.0312
124.335553 77.657 -28.2507
125.236539 77.660 -30.5367
126.144055 77.629 -32.8267
127.058147 77.564 -35.0480
127.978862 77.467 -37.1266
128.906250 77.345 -38.9981
129.840358 77.209 -40.6153
130.781235 77.072 -41.9573
131.728929 76.946 -43.0333
132.683491 76.844 -43.8848
133.644971 76.775 -44.5810
134.613417 76.746 -45.2117
135.588882 76.757 -45.8743
136.571415 76.806 -46.6606
137.561067 76.883 -47.6472
138.557891 76.980 -48.8867
139.561939 77.082 -50.4046
140.573262 77.179 -52.1984
141.591914 77.258 -54.2385
142.617948 77.311 -56.4734
143.651416 77.332 -58.8358
144.692373 77.319 -61.2526
145.740874 77.274 -63.6541
146.796972 77.201 -65.9848
147.860724 77.107 -68.2114
148.932184 77.002 -70.3270
150.011408 76.891 -72.3485
151.098452 76.780 -74.3091
152.193374 76.671 -76.2481
153.296230 76.565 -78.2032
154.407077 76.458 -80.2068
155.525975 76.351 -82.2848
156.652980 76.238 -84.4561
157.788152 76.114 -86.7323
158.931550 75.973 -89.1157
160.083234 75.811 -91.5974
161.243263 75.622 -94.1564
162.411698 75.399 -96.7598
163.588600 75.141 -99.3652
164.774030 74.846 -101.9236
165.968051 74.513 -104.3839
167.170724 74.148 -106.6966
168.382112 73.755 -108.8225
169.602278 73.346 -110.7446
170.831286 72.930 -112.4812
172.069200 72.518 -114.0964
173.316084 72.114 -115.7025
174.572004 71.715 -117.4460
175.837025 71.306 -119.4820
177.111212 70.858 -121.9398
178.394633 70.332 -124.9010
179.687354 69.680 -128.3865
180.989443 68.838 -132.3525
182.300967 67.727 -136.6913
183.621995 66.232 -141.2013
184.952596 64.168 -145.4929
186.292838 61.201 -148.5405
187.642793 56.807 -145.5464
189.002530 53.524 -66.4082
190.372120 58.073 -13.1013
191.751635 62.453 -12.2355
193.141147 65.504 -16.1552
194.540727 67.739 -21.3411
195.950449 69.453 -26.9865
197.370387 70.806 -32.7985
198.800614 71.895 -38.6428
200.241205 72.778 -44.4465
201.692236 73.497 -50.1658
203.153781 74.081 -55.7694
204.625917 74.550 -61.2311
206.108721 74.925 -66.5285
207.602269 75.219 -71.6463
209.106641 75.447 -76.5789
210.621914 75.622 -81.3350
212.148167 75.757 -85.9383
213.685480 75.858 -90.4255
215.233933 75.932 -94.8401
216.793607 75.981 -99.2246
218.364583 76.005 -103.6133
219.946943 76.002 -108.0292
221.540769 75.969 -112.4820
223.146145 75.901 -116.9689
224.763154 75.797 -121.4749
226.391880 75.652 -125.9736
228.032409 75.467 -130.4308
229.684826 75.240 -134.8093
231.349217 74.976 -139.0735
233.025668 74.676 -143.1969
234.714269 74.349 -147.1680
236.415105 73.997 -150.9921
238.128266 73.627 -154.6888
239.853842 73.240 -158.2887
241.591922 72.840 -161.8251
243.342596 72.424 -165.3274
245.105957 71.992 -168.8164
246.882096 71.541 -172.3030
248.671105 71.071 -175.7930
250.473079 70.583 -179.2943
252.288110 70.077 177.1711
254.116293 69.555 173.5583
255.957725 69.014 169.7939
257.812500 68.450 165.7786
259.680716 67.848 161.3976
261.562469 67.191 156.5347
263.457859 66.456 151.0789
265.366983 65.613 144.9209
267.289941 64.631 137.9287
269.226835 63.480 129.9008
271.177763 62.131 120.4789
273.142829 60.571 108.9980
275.122135 58.838 94.2520
277.115783 57.134 74.3823
279.123878 56.001 48.2128
281.146525 56.095 19.3375
283.183828 57.304 -5.3638
285.235895 58.928 -23.8545
287.302832 60.517 -37.8209
289.384747 61.920 -49.0238
291.481748 63.115 -58.5450
293.593945 64.115 -66.9829
295.721448 64.942 -74.6620
297.864367 65.619 -81.7623
300.022815 66.167 -88.3939
302.196904 66.605 -94.6390
304.386747 66.949 -100.5745
306.592459 67.211 -106.2811
308.814155 67.393 -111.8407
311.051949 67.496 -117.3259
313.305960 67.510 -122.7860
315.576304 67.421 -128.2338
317.863100 67.210 -133.6345
320.166467 66.856 -138.8945
322.486525 66.333 -143.8467
324.823396 65.614 -148.2197
327.177200 64.672 -151.5759
329.548061 63.489 -153.1882
331.936102 62.087 -151.8225
334.341448 60.636 -145.5508
336.764224 59.639 -132.7107
339.204556 59.804 -116.0176
341.662572 61.137 -102.7822
344.138400 62.939 -96.0291
346.632169 64.711 -94.2222
349.144008 66.288 -95.4630
351.674050 67.645 -98.5464
354.222425 68.796 -102.7765
356.789266 69.765 -107.7391
359.374709 70.572 -113.1663
361.978886 71.234 -118.8673
364.601934 71.765 -124.6965
367.243990 72.180 -130.5369
369.905191 72.491 -136.2935
372.585677 72.713 -141.8896
375.285586 72.856 -147.2671
378.005060 72.935 -152.3854
380.744241 72.961 -157.2230
383.503270 72.946 -161.7769
386.282293 72.900 -166.0591
389.081454 72.828 -170.0898
391.900899 72.738 -173.8894
394.740774 72.632 -177.4731
397.601228 72.513 179.1523
400.482411 72.385 175.9883
403.384471 72.254 173.0327
406.307562 72.127 170.2740
409.251834 72.009 167.6791
412.217441 71.906 165.1893
415.204539 71.819 162.7267
418.213282 71.742 160.2084
421.243828 71.664 157.5708
424.296334 71.570 154.7916
427.370960 71.443 151.9026
430.467867 71.270 148.9895
433.587214 71.041 146.1786
436.729166 70.756 143.6191
439.893885 70.421 141.4634
443.081538 70.051 139.8439
446.292289 69.670 138.8531
449.526307 69.302 138.5269
452.783760 68.978 138.8336
456.064818 68.721 139.6758
459.369652 68.549 140.9058
462.698433 68.469 142.3594
466.051337 68.480 143.8971
469.428537 68.577 145.4319
472.830210 68.758 146.9242
476.256532 69.024 148.3414
479.707684 69.384 149.6033
483.183843 69.841 150.5514
486.685192 70.387 150.9727
490.211914 71.002 150.6646
493.764192 71.649 149.5020
497.342210 72.292 147.4664
500.946157 72.899 144.6335
504.576220 73.446 141.1396
508.232587 73.918 137.1467
511.915450 74.308 132.8185
515.625000 74.618 128.3035
519.361431 74.852 123.7263
523.124938 75.020 119.1835
526.915717 75.132 114.7407
530.733966 75.200 110.4333
534.579883 75.235 106.2659
538.453669 75.248 102.2158
542.355526 75.244 98.2400
546.285658 75.226 94.2841
550.244269 75.193 90.2960
554.231566 75.139 86.2360
558.247756 75.056 82.0858
562.293050 74.937 77.8510
566.367657 74.772 73.5596
570.471790 74.555 69.2601
574.605664 74.278 65.0208
578.769494 73.940 60.9288
582.963496 73.539 57.0903
587.187890 73.083 53.6223
591.442895 72.582 50.6394
595.728734 72.057 48.2288
600.045630 71.535 46.4180
604.393808 71.044 45.1469
608.773495 70.608 44.2581
613.184919 70.239 43.5225
617.628309 69.931 42.6964
622.103899 69.665 41.5841
626.611920 69.411 40.0748
631.152608 69.137 38.1460
635.726200 68.813 35.8447
640.332934 68.413 33.2626
644.973051 67.912 30.5219
649.646791 67.286 27.7759
654.354400 66.514 25.2233
659.096122 65.570 23.1439
663.872204 64.428 21.9589
668.682895 63.074 22.3296
673.528447 61.530 25.3010
678.409112 59.923 32.3837
683.325144 58.608 44.8987
688.276800 58.139 61.4561
693.264337 58.719 76.9067
698.288016 59.926 87.6898
703.348099 61.287 94.1223
708.444849 62.588 97.6604
713.578533 63.777 99.4078
718.749417 64.861 99.9934
723.957772 65.860 99.7299
729.203868 66.791 98.7520
734.487980 67.658 97.1102
739.810383 68.463 94.8308
745.171354 69.196 91.9459
750.571172 69.851 88.5068
756.010121 70.417 84.5857
761.488482 70.887 80.2705
767.006541 71.254 75.6622
772.564587 71.513 70.8688
778.162908 71.663 66.0000
783.801797 71.703 61.1670
789.481548 71.632 56.4845
795.202457 71.452 52.0809
800.964822 71.167 48.1082
806.768943 70.786 44.7533
812.615123 70.329 42.2375
818.503667 69.833 40.7899
824.434882 69.355 40.5713
830.409077 68.974 41.5397
836.426564 68.768 43.3176
842.487656 68.773 45.2124
848.592668 68.967 46.4746
854.741921 69.275 46.6093
860.935733 69.608 45.4863
867.174428 69.893 43.2509
873.458332 70.079 40.1805
879.787771 70.134 36.5925
886.163076 70.044 32.8029
892.584579 69.805 29.1208
899.052614 69.423 25.8550
905.567520 68.915 23.3223
912.129636 68.314 21.8475
918.739303 67.676 21.7228
925.396867 67.086 23.0936
932.102674 66.645 25.7710
938.857074 66.436 29.1019
945.660420 66.470 32.1379
952.513065 66.680 34.0764
959.415367 66.956 34.5801
966.367686 67.192 33.7543
973.370385 67.312 31.9591
980.423828 67.269 29.6619
987.528383 67.043 27.3737
994.684421 66.634 25.6423
1001.892314 66.071 25.0592
1009.152439 65.421 26.2307
1016.465174 64.810 29.6166
1023.830899 64.414 35.1492
1031.250000 64.394 41.8369
1038.722863 64.780 48.0415
1046.249877 65.452 52.4856
1053.831435 66.240 54.8210
1061.467932 67.010 55.3552
1069.159766 67.692 54.6046
1076.907338 68.259 53.0570
1084.711053 68.710 51.1045
1092.571316 69.060 49.0387
1100.488538 69.330 47.0570
1108.463132 69.548 45.2692
1116.495513 69.741 43.7006
1124.586099 69.929 42.2996
1132.735314 70.128 40.9600
1140.943581 70.343 39.5540
1149.211328 70.570 37.9645
1157.538987 70.796 36.1085
1165.926992 71.009 33.9442
1174.375780 71.193 31.4702
1182.885791 71.332 28.7225
1191.457469 71.414 25.7688
1200.091261 71.431 22.7020
1208.787617 71.376 19.6343
1217.546990 71.248 16.6896
1226.369837 71.054 13.9938
1235.256619 70.803 11.6619
1244.207797 70.512 9.7839
1253.223840 70.199 8.4104
1262.305217 69.887 7.5433
1271.452400 69.594 7.1359
1280.665869 69.338 7.1031
1289.946102 69.130 7.3364
1299.293583 68.974 7.7191
1308.708800 68.870 8.1366
1318.192243 68.813 8.4866
1327.744407 68.794 8.6885
1337.365791 68.801 8.6888
1347.056895 68.819 8.4657
1356.818224 68.835 8.0284
1366.650288 68.838 7.4153
1376.553600 68.819 6.6885
1386.528674 68.773 5.9276
1396.576033 68.699 5.2213
1406.696198 68.602 4.6559
1416.889699 68.491 4.2996
1427.157066 68.381 4.1893
1437.498834 68.286 4.3199
1447.915543 68.219 4.6442
1458.407736 68.191 5.0801
1468.975960 68.206 5.5248
1479.620765 68.264 5.8669
1490.342707 68.356 6.0050
1501.142345 68.472 5.8628
1512.020241 68.593 5.4031
1522.976963 68.704 4.6318
1534.013082 68.792 3.5930
1545.129173 68.847 2.3553
1556.325816 68.864 0.9941
1567.603594 68.839 -0.4225
1578.963096 68.773 -1.8413
1590.404914 68.664 -3.2207
1601.929643 68.510 -4.5164
1613.537886 68.307 -5.6619
1625.230247 68.051 -6.5498
1637.007335 67.745 -7.0238
1648.869765 67.401 -6.8864
1660.818155 67.049 -5.9336
1672.853128 66.737 -4.0276
1684.975311 66.530 -1.2048
1697.185337 66.490 2.2280
1709.483841 66.650 5.7179
1721.871466 66.995 8.6550
1734.348856 67.467 10.6096
1746.916663 67.996 11.4349
1759.575541 68.523 11.2137
1772.326151 69.006 10.1473
1785.169157 69.421 8.4652
1798.105229 69.762 6.3772
1811.135040 70.028 4.0541
1824.259271 70.223 1.6283
1837.478606 70.357 -0.8027
1850.793734 70.437 -3.1685
1864.205348 70.475 -5.4196
1877.714148 70.479 -7.5251
1891.320839 70.460 -9.4722
1905.026130 70.427 -11.2651
1918.830734 70.388 -12.9287
1932.735373 70.350 -14.5060
1946.740770 70.315 -16.0516
1960.847656 70.283 -17.6227
1975.056766 70.248 -19.2697
1989.368842 70.204 -21.0284
2003.784629 70.142 -22.9175
2018.304878 70.051 -24.9336
2032.930347 69.920 -27.0485
2047.661799 69.738 -29.2063
2062.500000 69.495 -31.3202
2077.445725 69.187 -33.2734
2092.499753 68.811 -34.9229
2107.662869 68.373 -36.1049
2122.935863 67.885 -36.6417
2138.319531 67.371 -36.3540
2153.814676 66.868 -35.0898
2169.422105 66.432 -32.7819
2185.142632 66.125 -29.5339
2200.977076 66.008 -25.6970
2216.926264 66.109 -21.8407
2232.991025 66.411 -18.5802
2249.172199 66.857 -16.3658
2265.470628 67.373 -15.3861
2281.887162 67.894 -15.6069
2298.422657 68.370 -16.8645
2315.077975 68.765 -18.9410
2331.853984 69.059 -21.6079
2348.751559 69.240 -24.6428
2365.771581 69.304 -27.8335
2382.914937 69.251 -30.9762
2400.182521 69.089 -33.8738
2417.575233 68.830 -36.3346
2435.093980 68.494 -38.1788
2452.739675 68.110 -39.2524
2470.513237 67.714 -39.4558
2488.415595 67.352 -38.7823
2506.447680 67.068 -37.3535
2524.610433 66.900 -35.4253
2542.904801 66.862 -33.3378
2561.331737 66.947 -31.4247
2579.892203 67.129 -29.9294
2598.587165 67.375 -28.9720
2617.417599 67.653 -28.5693
2636.384486 67.940 -28.6783
2655.488815 68.220 -29.2360
2674.731581 68.479 -30.1801
2694.113789 68.711 -31.4563
2713.636448 68.908 -33.0132
2733.300577 69.063 -34.7952
2753.107199 69.171 -36.7357
2773.057349 69.229 -38.7574
2793.152066 69.235 -40.7755
2813.392397 69.192 -42.7034
2833.779398 69.106 -44.4594
2854.314132 68.983 -45.9700
2874.997668 68.835 -47.1750
2895.831087 68.674 -48.0314
2916.815472 68.516 -48.5173
2937.951920 68.376 -48.6378
2959.241530 68.273 -48.4303
2980.685414 68.222 -47.9724
3002.284690 68.236 -47.3857
3024.040482 68.319 -46.8254
3045.953926 68.470 -46.4594
3068.026164 68.674 -46.4375
3090.258346 68.913 -46.8651
3112.651632 69.162 -47.7897
3135.207189 69.398 -49.2009
3157.926192 69.603 -51.0416
3180.809827 69.760 -53.2220
3203.859287 69.860 -55.6351
3227.075772 69.897 -58.1666
3250.460493 69.871 -60.7051
3274.014670 69.787 -63.1476
3297.739530 69.650 -65.4084
3321.636310 69.470 -67.4249
3345.706256 69.258 -69.1587
3369.950622 69.024 -70.5947
3394.370674 68.776 -71.7361
3418.967683 68.521 -72.5922
3443.742932 68.262 -73.1660
3468.697713 68.003 -73.4435
3493.833326 67.747 -73.3906
3519.151083 67.503 -72.9564
3544.652302 67.286 -72.0931
3570.338314 67.119 -70.7849
3596.210457 67.027 -69.0833
3622.270081 67.036 -67.1360
3648.518543 67.162 -65.1903
3674.957212 67.401 -63.5485
3701.587467 67.732 -62.4902
3728.410696 68.117 -62.1981
3755.428297 68.512 -62.7267
3782.641678 68.879 -64.0153
3810.052259 69.186 -65.9250
3837.661468 69.414 -68.2745
3865.470745 69.549 -70.8658
3893.481540 69.590 -73.5007
3921.695312 69.542 -75.9900
3950.113533 69.415 -78.1603
3978.737684 69.229 -79.8643
4007.569257 69.006 -80.9894
4036.609756 68.778 -81.4720
4065.860694 68.577 -81.3157
4095.323597 68.437 -80.6090
4125.000000 68.388 -79.5363
4154.891450 68.445 -78.3595
4184.999507 68.607 -77.3733
4215.325738 68.853 -76.8370
4245.871726 69.151 -76.9224
4276.639063 69.464 -77.6940
4307.629353 69.758 -79.1239
4338.844211 70.003 -81.1180
4370.285264 70.179 -83.5416
4401.954153 70.270 -86.2354
4433.852527 70.268 -89.0234
4465.982050 70.171 -91.7179
4498.344397 69.984 -94.1227
4530.941255 69.724 -96.0464
4563.774323 69.412 -97.3218
4596.845313 69.084 -97.8411
4630.155949 68.781 -97.5928
4663.707968 68.543 -96.6892
4697.503118 68.402 -95.3610
4731.543162 68.371 -93.9061
4765.829875 68.444 -92.6217
4800.365042 68.600 -91.7452
4835.150466 68.807 -91.4248
4870.187960 69.031 -91.7164
4905.479349 69.238 -92.5959
4941.026475 69.400 -93.9741
4976.831190 69.496 -95.7104
5012.895360 69.511 -97.6279
5049.220866 69.440 -99.5253
5085.809602 69.286 -101.1908
5122.663475 69.064 -102.4237
5159.784406 68.800 -103.0635
5197.174331 68.530 -103.0291
5234.835198 68.292 -102.3553
5272.768972 68.118 -101.2048
5310.977630 68.027 -99.8301
5349.463163 68.016 -98.4969
5388.227578 68.067 -97.4060
5427.272896 68.152 -96.6499
5466.601153 68.243 -96.2186
5506.214398 68.321 -96.0278
5546.114698 68.374 -95.9532
5586.304131 68.400 -95.8584
5626.784794 68.406 -95.6184
5667.558796 68.409 -95.1456
5708.628263 68.430 -94.4175
5749.995337 68.489 -93.4938
5791.662173 68.602 -92.5118
5833.630945 68.771 -91.6525
5875.903839 68.987 -91.0885
5918.483061 69.229 -90.9363
5961.370829 69.473 -91.2355
6004.569379 69.696 -91.9558
6048.080964 69.880 -93.0160
6091.907852 70.013 -94.3074
6136.052328 70.089 -95.7122
6180.516692 70.106 -97.1160
6225.303264 70.069 -98.4124
6270.414377 69.985 -99.5089
6315.852385 69.866 -100.3319
6361.619655 69.724 -100.8358
6407.718573 69.575 -101.0127
6454.151543 69.432 -100.8967
6500.920986 69.306 -100.5554
6548.029339 69.200 -100.0670
6595.479059 69.110 -99.4893
6643.272619 69.032 -98.8395
6691.412511 68.965 -98.0935
6739.901245 68.908 -97.2109
6788.741347 68.873 -96.1692
6837.935366 68.869 -94.9935
6887.485864 68.905 -93.7644
6937.395426 68.983 -92.5986
6987.666653 69.097 -91.6121
7038.302166 69.232 -90.8850
7089.304605 69.374 -90.4453
7140.676628 69.503 -90.2690
7192.420915 69.607 -90.2892
7244.540162 69.679 -90.4108
7297.037086 69.718 -90.5273
7349.914425 69.729 -90.5402
7403.174934 69.723 -90.3793
7456.821392 69.714 -90.0208
7510.856593 69.716 -89.4972
7565.283356 69.739 -88.8896
7620.104518 69.784 -88.3032
7675.322937 69.845 -87.8287
7730.941491 69.908 -87.5105
7786.963080 69.960 -87.3287
7843.390624 69.991 -87.2090
7900.227066 70.000 -87.0510
7957.475368 69.995 -86.7695
8015.138515 69.987 -86.3308
8073.219512 69.988 -85.7675
8131.721389 70.007 -85.1659
8190.647194 70.040 -84.6250
8250.000000 70.077 -84.2072
8309.782901 70.103 -83.9109
8369.999013 70.108 -83.6715
8430.651476 70.088 -83.3850
8491.743452 70.048 -82.9441
8553.278126 70.000 -82.2739
8615.258705 69.962 -81.3608
8677.688421 69.949 -80.2595
8740.570528 69.972 -79.0762
8803.908306 70.030 -77.9299
8867.705054 70.116 -76.9130
8931.964101 70.218 -76.0699
8996.688794 70.328 -75.4037
9061.882510 70.435 -74.8960
9127.548646 70.536 -74.5267
9193.690626 70.626 -74.2806
9260.311899 70.701 -74.1423
9327.415936 70.754 -74.0850
9395.006237 70.785 -74.0635
9463.086325 70.790 -74.0177
9531.659749 70.774 -73.8867
9600.730085 70.743 -73.6283
9670.300933 70.708 -73.2343
9740.375920 70.674 -72.7305
9810.958699 70.647 -72.1641
9882.052950 70.625 -71.5797
9953.662379 70.605 -71.0016
10025.790720 70.584 -70.4281
10098.441732 70.559 -69.8392
10171.619204 70.530 -69.2144
10245.326950 70.502 -68.5470
10319.568812 70.475 -67.8474
10394.348662 70.449 -67.1356
10469.670397 70.424 -66.4243
10545.537944 70.397 -65.7097
10621.955259 70.367 -64.9725
10698.926326 70.336 -64.1904
10776.455156 70.307 -63.3564
10854.545793 70.284 -62.4866
10933.202306 70.268 -61.6147
11012.428797 70.257 -60.7761
11092.229396 70.247 -59.9886
11172.608262 70.234 -59.2457
11253.569587 70.213 -58.5244
11335.117592 70.185 -57.7972
11417.256526 70.150 -57.0430
11499.990673 70.111 -56.2522
11583.324346 70.070 -55.4271
11667.261890 70.029 -54.5756
11751.807679 69.989 -53.7079
11836.966122 69.948 -52.8356
11922.741658 69.907 -51.9689
12009.138758 69.863 -51.1134
12096.161928 69.812 -50.2629
12183.815704 69.755 -49.3960
12272.104655 69.690 -48.4819
12361.033384 69.621 -47.4928
12450.606528 69.552 -46.4171
12540.828755 69.489 -45.2672
12631.704770 69.436 -44.0717
12723.239310 69.392 -42.8632
12815.437146 69.356 -41.6656
12908.303087 69.327 -40.4913
13001.841972 69.303 -39.3467
13096.058679 69.282 -38.2373
13190.958118 69.262 -37.1700
13286.545239 69.240 -36.1467
13382.825022 69.216 -35.1604
13479.802489 69.188 -34.1978
13577.482695 69.154 -33.2448
13675.870731 69.116 -32.2939
13774.971728 69.075 -31.3456
13874.790852 69.028 -30.4011
13975.333306 68.976 -29.4570
14076.604332 68.919 -28.5032
14178.609210 68.854 -27.5225
14281.353257 68.785 -26.4960
14384.841829 68.712 -25.4078
14489.080323 68.642 -24.2496
14594.074172 68.576 -23.0264
14699.828849 68.519 -21.7571
14806.349869 68.475 -20.4714
14913.642783 68.442 -19.2019
15021.713187 68.419 -17.9766
15130.566713 68.402 -16.8118
15240.209036 68.389 -15.7139
15350.645874 68.378 -14.6825
15461.882981 68.365 -13.7130
15573.926159 68.350 -12.7966
15686.781248 68.330 -11.9214
15800.454132 68.306 -11.0762
15914.950735 68.278 -10.2527
16030.277029 68.248 -9.4462
16146.439024 68.215 -8.6538
16263.442778 68.179 -7.8734
16381.294388 68.143 -7.1029
16500.000000 68.105 -6.3401
16619.565802 68.069 -5.5825
16739.998026 68.033 -4.8302
16861.302953 68.000 -4.0844
16983.486905 67.972 -3.3485
17106.556252 67.950 -2.6326
17230.517410 67.936 -1.9528
17355.376842 67.930 -1.3268
17481.141057 67.933 -0.7693
17607.816611 67.942 -0.3113
17735.410109 67.954 0.0310
17863.928201 67.968 0.2997
17993.377589 67.985 0.4941
18123.765020 68.007 0.5906
18255.097293 68.033 0.5748
18387.381253 68.064 0.4309
18520.623797 68.098 0.1422
18654.831872 68.132 -0.3041
18790.012473 68.165 -0.9135
18926.172650 68.194 -1.6855
19063.319498 68.218 -2.6165
19201.460170 68.235 -3.7009
19340.601866 68.245 -4.9375
19480.751839 68.250 -6.3303
19621.917398 68.248 -7.8885
19764.105900 68.240 -9.6256
19907.324758 68.225 -11.5598
20051.581440 68.196 -13.6573
20196.883465 68.150 -15.7618
20343.238408 68.092 -18.0856
20490.653899 68.019 -20.6401
20639.137624 67.928 -23.4330
20788.697323 67.813 -26.4653
20939.340794 67.669 -29.7311
21091.075889 67.486 -33.2150
21243.910519 67.255 -36.8921
21397.852652 66.960 -40.7278
21552.910313 66.584 -44.6786
21709.091586 66.103 -48.6935
21866.404612 65.483 -52.7173
22024.857594 64.685 -56.6938
22184.458791 63.657 -60.5686
22345.216524 62.333 -64.2936
22507.139175 60.632 -67.8289
22670.235183 58.454 -71.1453
22834.513052 55.676 -74.2247
22999.981347 52.149 -77.0598
23166.648693 47.698 -79.6525
23334.523779 42.144 -82.0123
23503.615358 35.374 -84.1543
23673.932243 27.469 -86.0969
23845.483315 19.148 -87.8607
