* Measurement data measured by REW V5.40 beta 133
* Source: U18dB [plughw:2,0], Mic (Mic), R, Volume: 1.000. Timing signal peak level -27.3 dBFS, measurement signal peak level -18.5 dBFS
* Format: 512k Log Swept Sine, 1 sweep at -12.0 dBFS using an acoustic timing reference
* Dated: Aug 28, 2026, 2:45:40 PM
* REW Settings:
*  C-weighting compensation: Off
*  Target level: 75.0 dB
* Note: ; 28 aug 2026 Multi point measurement Position 2: +20cm further BACK 4.716m from front wall 3.80m from L and R speakers 2 screen panels prolongation - new setup DAC level -28dB MIC HEIGHT: 1.060m mic boom arm height: 1.040 PICTURES: 2026.08.25_ROOM.png measurement starts from 16Hz (REW LF tail starts from 16) -12dBFS OKTO -28dB DELAY 0.0005 ms (0.16 mm, 0.01 in) using estimated IR delay relative to Acoustic reference played from DAC8STEREO L with no timing offset Clock adjustment: -15.3 ppm
* Measurement: L MPM.2
* Smoothing: 1/48 octave
* Frequency Step: 96 ppo
* Start Frequency: 16.113281 Hz
*
* Freq(Hz) SPL(dB) Phase(degrees)
16.113281 71.726 -168.4447
16.230045 71.890 -169.1609
16.347654 72.086 -169.9453
16.466116 72.287 -170.8306
16.585436 72.488 -171.8229
16.705621 72.691 -172.9049
16.826677 72.894 -174.0814
16.948610 73.101 -175.3501
17.071427 73.311 -176.7011
17.195133 73.523 -178.1292
17.319736 73.739 -179.6288
17.445242 73.959 178.8067
17.571658 74.179 177.1837
17.698989 74.400 175.5042
17.827243 74.623 173.7747
17.956427 74.844 172.0007
18.086547 75.065 170.1807
18.217609 75.283 168.3201
18.349622 75.497 166.4234
18.482590 75.707 164.4841
18.616523 75.911 162.5095
18.751426 76.109 160.5004
18.887307 76.300 158.4465
19.024172 76.483 156.3630
19.162029 76.655 154.2419
19.300885 76.817 152.0781
19.440747 76.967 149.8977
19.581622 77.104 147.6727
19.723519 77.228 145.4248
19.866444 77.339 143.1751
20.010404 77.437 140.8936
20.155408 77.524 138.6268
20.301462 77.601 136.3650
20.448575 77.669 134.1092
20.596754 77.733 131.8918
20.746006 77.793 129.6933
20.896340 77.854 127.5223
21.047764 77.918 125.3847
21.200285 77.986 123.2642
21.353911 78.060 121.1517
21.508650 78.141 119.0490
21.664511 78.228 116.9247
21.821501 78.322 114.7815
21.979628 78.418 112.6104
22.138902 78.516 110.3923
22.299329 78.612 108.1434
22.460919 78.702 105.8591
22.623680 78.786 103.5387
22.787621 78.859 101.2170
22.952749 78.922 98.8710
23.119074 78.971 96.5454
23.286605 79.006 94.2228
23.455349 79.029 91.9219
23.625316 79.039 89.6416
23.796515 79.038 87.3704
23.968954 79.027 85.1064
24.142643 79.008 82.8293
24.317591 78.982 80.5204
24.493806 78.951 78.1662
24.671298 78.917 75.7377
24.850077 78.880 73.2290
25.030151 78.839 70.6182
25.211529 78.795 67.9010
25.394223 78.746 65.0751
25.578240 78.690 62.1337
25.763590 78.624 59.0961
25.950284 78.546 55.9512
26.138330 78.451 52.7336
26.327739 78.336 49.4290
26.518521 78.195 46.0774
26.710685 78.025 42.6653
26.904242 77.821 39.2267
27.099201 77.577 35.7585
27.295573 77.286 32.2755
27.493368 76.943 28.7992
27.692596 76.538 25.3201
27.893268 76.064 21.8997
28.095394 75.508 18.5179
28.298985 74.861 15.2915
28.504051 74.106 12.2291
28.710603 73.230 9.5265
28.918652 72.211 7.3050
29.128209 71.034 5.9248
29.339284 69.682 5.7943
29.551888 68.151 7.7782
29.766033 66.514 12.9419
29.981730 64.981 23.0192
30.198990 64.043 38.0945
30.417825 64.155 54.8227
30.638245 65.168 67.9305
30.860262 66.530 75.9319
31.083888 67.889 80.0358
31.309135 69.105 81.6615
31.536014 70.159 81.7552
31.764537 71.065 80.8590
31.994716 71.843 79.3658
32.226563 72.516 77.4348
32.460089 73.104 75.2108
32.695309 73.621 72.7683
32.932232 74.080 70.1356
33.170873 74.489 67.3477
33.411243 74.854 64.4144
33.653354 75.178 61.3330
33.897220 75.463 58.1147
34.142854 75.706 54.7677
34.390267 75.908 51.2826
34.639473 76.064 47.6846
34.890485 76.173 43.9946
35.143316 76.231 40.2114
35.397979 76.235 36.3948
35.654487 76.185 32.5866
35.912854 76.079 28.8033
36.173093 75.915 25.0903
36.435218 75.696 21.5134
36.699243 75.422 18.1017
36.965181 75.091 14.9019
37.233046 74.708 11.9790
37.502852 74.276 9.3754
37.774613 73.799 7.1399
38.048343 73.282 5.3320
38.324057 72.733 3.9929
38.601769 72.160 3.1641
38.881494 71.573 2.8904
39.163245 70.981 3.2058
39.447038 70.401 4.1076
39.732888 69.846 5.5908
40.020808 69.332 7.6335
40.310816 68.876 10.1843
40.602924 68.491 13.1591
40.897150 68.191 16.4574
41.193508 67.984 19.9758
41.492013 67.877 23.5992
41.792681 67.870 27.2119
42.095528 67.961 30.7047
42.400570 68.144 33.9774
42.707822 68.409 36.9408
43.017300 68.743 39.5234
43.329021 69.133 41.6776
43.643001 69.563 43.3803
43.959256 70.021 44.6312
44.277803 70.495 45.4492
44.598658 70.977 45.8669
44.921839 71.459 45.9245
45.247361 71.939 45.6611
45.575242 72.413 45.1097
45.905499 72.881 44.2942
46.238149 73.340 43.2286
46.573210 73.791 41.9174
46.910698 74.234 40.3584
47.250633 74.668 38.5452
47.593030 75.091 36.4717
47.937909 75.501 34.1338
48.285287 75.897 31.5325
48.635182 76.275 28.6728
48.987612 76.633 25.5640
49.342597 76.966 22.2205
49.700154 77.270 18.6597
50.060301 77.540 14.9006
50.423059 77.772 10.9647
50.788445 77.962 6.8751
51.156479 78.106 2.6566
51.527180 78.203 -1.6642
51.900567 78.252 -6.0586
52.276660 78.253 -10.4968
52.655478 78.208 -14.9495
53.037042 78.120 -19.3894
53.421370 77.994 -23.7943
53.808483 77.834 -28.1483
54.198402 77.645 -32.4437
54.591146 77.434 -36.6802
54.986736 77.206 -40.8669
55.385192 76.967 -45.0212
55.786536 76.722 -49.1692
56.190788 76.477 -53.3449
56.597970 76.236 -57.5912
57.008102 76.000 -61.9594
57.421206 75.772 -66.5083
57.837304 75.551 -71.3033
58.256417 75.335 -76.4138
58.678567 75.124 -81.9099
59.103776 74.914 -87.8632
59.532067 74.702 -94.3423
59.963460 74.486 -101.4108
60.397980 74.264 -109.1246
60.835649 74.039 -117.5288
61.276489 73.813 -126.6603
61.720524 73.595 -136.5283
62.167776 73.397 -147.1072
62.618270 73.231 -158.3256
63.072027 73.114 -170.0735
63.529073 73.056 177.8013
63.989431 73.062 165.4975
64.453125 73.128 153.2200
64.920179 73.243 141.1313
65.390617 73.391 129.3466
65.864465 73.551 117.9498
66.341746 73.705 106.9769
66.822485 73.838 96.4091
67.306709 73.934 86.2369
67.794441 73.983 76.4482
68.285707 73.976 67.0038
68.780534 73.906 57.8879
69.278946 73.765 49.0919
69.780970 73.547 40.5820
70.286631 73.245 32.3497
70.795957 72.851 24.3773
71.308974 72.355 16.6340
71.825708 71.745 9.1029
72.346187 71.003 1.7397
72.870437 70.106 -5.4998
73.398486 69.017 -12.6880
73.930362 67.682 -19.9410
74.466092 66.012 -27.4615
75.005704 63.855 -35.6988
75.549226 60.936 -45.8783
76.096687 56.846 -63.2198
76.648115 53.332 -129.1536
77.203539 56.877 156.8092
77.762987 61.295 138.2598
78.326490 64.531 127.9729
78.894076 66.983 119.8796
79.465775 68.933 112.6090
80.041617 70.534 105.6820
80.621631 71.872 98.8978
81.205849 73.002 92.1624
81.794300 73.955 85.4520
82.387015 74.754 78.7644
82.984025 75.415 72.1257
83.585362 75.950 65.5719
84.191056 76.370 59.1343
84.801139 76.683 52.8575
85.415643 76.895 46.7772
86.034600 77.014 40.9271
86.658042 77.042 35.3512
87.286002 76.985 30.0903
87.918512 76.848 25.1899
88.555606 76.635 20.7032
89.197317 76.355 16.6884
89.843677 76.017 13.2019
90.494721 75.635 10.2975
91.150484 75.227 8.0177
91.810997 74.814 6.3782
92.476298 74.420 5.3586
93.146419 74.068 4.8931
93.821397 73.778 4.8688
94.501265 73.563 5.1389
95.186060 73.427 5.5463
95.875818 73.367 5.9468
96.570573 73.376 6.2257
97.270363 73.441 6.2974
97.975225 73.551 6.0986
98.685194 73.693 5.5823
99.400307 73.854 4.7119
100.120603 74.017 3.4625
100.846118 74.166 1.8260
101.576890 74.282 -0.1827
102.312958 74.345 -2.5184
103.054360 74.337 -5.1012
103.801135 74.242 -7.8120
104.553320 74.045 -10.4886
105.310957 73.740 -12.9219
106.074084 73.327 -14.8512
106.842740 72.822 -15.9696
107.616967 72.261 -15.9493
108.396804 71.708 -14.5172
109.182291 71.257 -11.5999
109.973471 71.008 -7.5054
110.770384 71.028 -2.9659
111.573072 71.313 1.1274
112.381577 71.791 4.1287
113.195940 72.367 5.8168
114.016204 72.964 6.2981
114.842413 73.529 5.8256
115.674608 74.036 4.6755
116.512834 74.475 3.0908
117.357134 74.849 1.2587
118.207552 75.166 -0.6879
119.064133 75.436 -2.6686
119.926921 75.671 -4.6514
120.795961 75.881 -6.6431
121.671298 76.071 -8.6766
122.552979 76.244 -10.7950
123.441048 76.398 -13.0361
124.335553 76.528 -15.4172
125.236539 76.626 -17.9287
126.144055 76.685 -20.5328
127.058147 76.702 -23.1672
127.978862 76.673 -25.7507
128.906250 76.602 -28.1935
129.840358 76.494 -30.4052
130.781235 76.361 -32.3075
131.728929 76.219 -33.8457
132.683491 76.086 -35.0049
133.644971 75.982 -35.8218
134.613417 75.926 -36.3916
135.588882 75.927 -36.8583
136.571415 75.987 -37.3890
137.561067 76.099 -38.1445
138.557891 76.245 -39.2467
139.561939 76.404 -40.7633
140.573262 76.555 -42.7070
141.591914 76.679 -45.0425
142.617948 76.760 -47.6973
143.651416 76.786 -50.5746
144.692373 76.751 -53.5636
145.740874 76.657 -56.5474
146.796972 76.504 -59.4148
147.860724 76.302 -62.0691
148.932184 76.064 -64.4390
150.011408 75.803 -66.4846
151.098452 75.533 -68.1985
152.193374 75.267 -69.6011
153.296230 75.016 -70.7338
154.407077 74.789 -71.6516
155.525975 74.591 -72.4186
156.652980 74.427 -73.1051
157.788152 74.295 -73.7842
158.931550 74.191 -74.5261
160.083234 74.111 -75.3889
161.243263 74.044 -76.4116
162.411698 73.982 -77.6096
163.588600 73.916 -78.9777
164.774030 73.840 -80.4954
165.968051 73.748 -82.1354
167.170724 73.640 -83.8687
168.382112 73.515 -85.6735
169.602278 73.374 -87.5426
170.831286 73.219 -89.4886
172.069200 73.050 -91.5448
173.316084 72.864 -93.7606
174.572004 72.653 -96.1925
175.837025 72.406 -98.8926
177.111212 72.105 -101.8988
178.394633 71.728 -105.2329
179.687354 71.250 -108.8998
180.989443 70.635 -112.8873
182.300967 69.839 -117.1627
183.621995 68.799 -121.6564
184.952596 67.419 -126.2316
186.292838 65.547 -130.5917
187.642793 62.906 -133.9507
189.002530 59.017 -133.2091
190.372120 54.591 -97.0444
191.751635 57.422 -6.8192
193.141147 62.202 -0.7720
194.540727 65.575 -3.7402
195.950449 68.009 -8.7463
197.370387 69.849 -14.4711
198.800614 71.279 -20.4666
200.241205 72.407 -26.5222
201.692236 73.301 -32.5143
203.153781 74.009 -38.3568
204.625917 74.564 -43.9827
206.108721 74.996 -49.3380
207.602269 75.328 -54.3844
209.106641 75.583 -59.0999
210.621914 75.783 -63.4850
212.148167 75.945 -67.5653
213.685480 76.087 -71.3938
215.233933 76.220 -75.0466
216.793607 76.352 -78.6147
218.364583 76.484 -82.1919
219.946943 76.614 -85.8602
221.540769 76.733 -89.6804
223.146145 76.831 -93.6854
224.763154 76.899 -97.8798
226.391880 76.925 -102.2419
228.032409 76.901 -106.7312
229.684826 76.820 -111.2930
231.349217 76.678 -115.8633
233.025668 76.472 -120.3728
234.714269 76.202 -124.7504
236.415105 75.868 -128.9236
238.128266 75.475 -132.8170
239.853842 75.025 -136.3525
241.591922 74.526 -139.4479
243.342596 73.987 -142.0154
245.105957 73.422 -143.9630
246.882096 72.850 -145.1991
248.671105 72.297 -145.6487
250.473079 71.802 -145.2833
252.288110 71.408 -144.1696
254.116293 71.159 -142.5175
255.957725 71.088 -140.6902
257.812500 71.197 -139.1431
259.680716 71.461 -138.3019
261.562469 71.833 -138.4542
263.457859 72.256 -139.7153
265.366983 72.683 -142.0585
267.289941 73.074 -145.3728
269.226835 73.405 -149.5142
271.177763 73.659 -154.3381
273.142829 73.826 -159.7185
275.122135 73.900 -165.5518
277.115783 73.876 -171.7579
279.123878 73.752 -178.2737
281.146525 73.521 174.9543
283.183828 73.180 167.9781
285.235895 72.722 160.8510
287.302832 72.142 153.6301
289.384747 71.435 146.3741
291.481748 70.598 139.1346
293.593945 69.629 131.9434
295.721448 68.529 124.7903
297.864367 67.299 117.5934
300.022815 65.938 110.1516
302.196904 64.444 102.0806
304.386747 62.814 92.7144
306.592459 61.066 80.9475
308.814155 59.305 65.0667
311.051949 57.883 43.1782
313.305960 57.453 16.0612
315.576304 58.313 -10.2805
317.863100 59.925 -31.0756
320.166467 61.683 -46.6698
322.486525 63.324 -58.8887
324.823396 64.779 -69.0879
327.177200 66.052 -78.0757
329.548061 67.161 -86.3241
331.936102 68.123 -94.1145
334.341448 68.954 -101.6172
336.764224 69.666 -108.9338
339.204556 70.267 -116.1218
341.662572 70.765 -123.2108
344.138400 71.164 -130.2136
346.632169 71.471 -137.1328
349.144008 71.688 -143.9673
351.674050 71.820 -150.7124
354.222425 71.869 -157.3635
356.789266 71.834 -163.9160
359.374709 71.715 -170.3662
361.978886 71.508 -176.7072
364.601934 71.206 177.0754
367.243990 70.798 171.0118
369.905191 70.266 165.1620
372.585677 69.589 159.6381
375.285586 68.739 154.6426
378.005060 67.684 150.5363
380.744241 66.395 147.9646
383.503270 64.875 148.0840
386.282293 63.252 152.8165
389.081454 61.979 164.1740
391.900899 61.807 -179.8197
394.740774 62.874 -166.7701
397.601228 64.473 -160.4949
400.482411 66.037 -159.4656
403.384471 67.370 -161.5505
406.307562 68.446 -165.3687
409.251834 69.286 -170.1112
412.217441 69.922 -175.2871
415.204539 70.386 179.4232
418.213282 70.707 174.2413
421.243828 70.916 169.3232
424.296334 71.045 164.7653
427.370960 71.125 160.5969
430.467867 71.185 156.7701
433.587214 71.248 153.1565
436.729166 71.326 149.5703
439.893885 71.415 145.8134
443.081538 71.498 141.7229
446.292289 71.552 137.2029
449.526307 71.548 132.2292
452.783760 71.458 126.8394
456.064818 71.257 121.1118
459.369652 70.918 115.1537
462.698433 70.414 109.0966
466.051337 69.714 103.1096
469.428537 68.776 97.4376
472.830210 67.542 92.4829
476.256532 65.937 88.9991
479.707684 63.884 88.5925
483.183843 61.429 95.0475
486.685192 59.398 115.5415
490.211914 59.782 145.2791
493.764192 62.134 161.8795
497.342210 64.572 166.2605
500.946157 66.568 165.0394
504.576220 68.135 161.2802
508.232587 69.354 156.2982
511.915450 70.298 150.7275
515.625000 71.018 144.9121
519.361431 71.554 139.0592
523.124938 71.935 133.3053
526.915717 72.184 127.7482
530.733966 72.320 122.4661
534.579883 72.361 117.5303
538.453669 72.319 113.0093
542.355526 72.213 108.9714
546.285658 72.059 105.4797
550.244269 71.881 102.5813
554.231566 71.703 100.2899
558.247756 71.553 98.5642
562.293050 71.459 97.2870
566.367657 71.441 96.2607
570.471790 71.508 95.2367
574.605664 71.650 93.9672
578.769494 71.848 92.2593
582.963496 72.072 90.0001
587.187890 72.295 87.1508
591.442895 72.489 83.7280
595.728734 72.631 79.7869
600.045630 72.699 75.4097
604.393808 72.677 70.7047
608.773495 72.549 65.8031
613.184919 72.305 60.8557
617.628309 71.938 56.0293
622.103899 71.444 51.5024
626.611920 70.822 47.4684
631.152608 70.075 44.1448
635.726200 69.210 41.7958
640.332934 68.243 40.7618
644.973051 67.213 41.4863
649.646791 66.203 44.4745
654.354400 65.369 50.0435
659.096122 64.920 57.7549
663.872204 65.004 66.0006
668.682895 65.574 72.7397
673.528447 66.424 76.8174
678.409112 67.347 78.2159
683.325144 68.208 77.4635
688.276800 68.940 75.1667
693.264337 69.515 71.8430
698.288016 69.931 67.8960
703.348099 70.194 63.6311
708.444849 70.314 59.2744
713.578533 70.305 54.9875
718.749417 70.177 50.8855
723.957772 69.938 47.0599
729.203868 69.593 43.6072
734.487980 69.144 40.6615
739.810383 68.596 38.4248
745.171354 67.968 37.1741
750.571172 67.299 37.2275
756.010121 66.663 38.8286
761.488482 66.164 41.9309
767.006541 65.900 45.9945
772.564587 65.908 50.0699
778.162908 66.140 53.2522
783.801797 66.489 55.0940
789.481548 66.849 55.6342
795.202457 67.148 55.1918
800.964822 67.344 54.1832
806.768943 67.425 53.0302
812.615123 67.401 52.1237
818.503667 67.302 51.7988
824.434882 67.176 52.2917
830.409077 67.087 53.6737
836.426564 67.099 55.7877
842.487656 67.255 58.2531
848.592668 67.567 60.5842
854.741921 68.009 62.3722
860.935733 68.537 63.3940
867.174428 69.108 63.6042
873.458332 69.690 63.0543
879.787771 70.260 61.8196
886.163076 70.801 59.9655
892.584579 71.299 57.5505
899.052614 71.740 54.6406
905.567520 72.113 51.3212
912.129636 72.408 47.7015
918.739303 72.620 43.9077
925.396867 72.748 40.0720
932.102674 72.797 36.3229
938.857074 72.776 32.7762
945.660420 72.698 29.5300
952.513065 72.580 26.6545
959.415367 72.445 24.1812
966.367686 72.315 22.0846
973.370385 72.209 20.2722
980.423828 72.141 18.5894
987.528383 72.114 16.8490
994.684421 72.117 14.8746
1001.892314 72.129 12.5404
1009.152439 72.124 9.7914
1016.465174 72.078 6.6429
1023.830899 71.964 3.1667
1031.250000 71.765 -0.5233
1038.722863 71.464 -4.2808
1046.249877 71.049 -7.9260
1053.831435 70.515 -11.2421
1061.467932 69.862 -13.9667
1069.159766 69.106 -15.7931
1076.907338 68.281 -16.3925
1084.711053 67.448 -15.4935
1092.571316 66.696 -13.0393
1100.488538 66.120 -9.3680
1108.463132 65.775 -5.2108
1116.495513 65.647 -1.3689
1124.586099 65.664 1.6827
1132.735314 65.743 3.9116
1140.943581 65.830 5.5659
1149.211328 65.907 6.9567
1157.538987 65.983 8.3066
1165.926992 66.079 9.6804
1174.375780 66.212 10.9955
1182.885791 66.387 12.0959
1191.457469 66.590 12.8475
1200.091261 66.801 13.1981
1208.787617 66.998 13.1873
1217.546990 67.166 12.9196
1226.369837 67.302 12.5208
1235.256619 67.407 12.1021
1244.207797 67.491 11.7345
1253.223840 67.564 11.4418
1262.305217 67.632 11.2118
1271.452400 67.699 11.0237
1280.665869 67.765 10.8719
1289.946102 67.832 10.7748
1299.293583 67.903 10.7631
1308.708800 67.985 10.8616
1318.192243 68.087 11.0687
1327.744407 68.221 11.3461
1337.365791 68.393 11.6162
1347.056895 68.606 11.7759
1356.818224 68.856 11.7183
1366.650288 69.133 11.3538
1376.553600 69.423 10.6266
1386.528674 69.708 9.5194
1396.576033 69.975 8.0552
1406.696198 70.209 6.2919
1416.889699 70.402 4.3146
1427.157066 70.550 2.2244
1437.498834 70.656 0.1221
1447.915543 70.728 -1.9098
1458.407736 70.778 -3.8235
1468.975960 70.818 -5.6215
1479.620765 70.862 -7.3600
1490.342707 70.914 -9.1361
1501.142345 70.971 -11.0576
1512.020241 71.020 -13.2073
1522.976963 71.044 -15.6147
1534.013082 71.025 -18.2471
1545.129173 70.948 -21.0173
1556.325816 70.806 -23.8031
1567.603594 70.595 -26.4659
1578.963096 70.324 -28.8743
1590.404914 70.002 -30.9221
1601.929643 69.650 -32.5491
1613.537886 69.283 -33.7512
1625.230247 68.916 -34.5801
1637.007335 68.559 -35.1212
1648.869765 68.210 -35.4581
1660.818155 67.861 -35.6321
1672.853128 67.501 -35.6179
1684.975311 67.125 -35.3231
1697.185337 66.735 -34.6143
1709.483841 66.344 -33.3551
1721.871466 65.976 -31.4473
1734.348856 65.661 -28.8563
1746.916663 65.436 -25.6198
1759.575541 65.337 -21.8562
1772.326151 65.399 -17.7865
1785.169157 65.642 -13.7544
1798.105229 66.062 -10.1906
1811.135040 66.624 -7.5022
1824.259271 67.274 -5.9474
1837.478606 67.948 -5.5817
1850.793734 68.596 -6.2922
1864.205348 69.182 -7.8690
1877.714148 69.688 -10.0740
1891.320839 70.107 -12.6848
1905.026130 70.445 -15.5220
1918.830734 70.710 -18.4587
1932.735373 70.915 -21.4225
1946.740770 71.067 -24.3821
1960.847656 71.175 -27.3303
1975.056766 71.241 -30.2646
1989.368842 71.266 -33.1715
2003.784629 71.250 -36.0214
2018.304878 71.198 -38.7754
2032.930347 71.111 -41.3972
2047.661799 70.998 -43.8669
2062.500000 70.863 -46.1853
2077.445725 70.712 -48.3695
2092.499753 70.546 -50.4418
2107.662869 70.365 -52.4146
2122.935863 70.167 -54.2828
2138.319531 69.951 -56.0254
2153.814676 69.720 -57.6176
2169.422105 69.478 -59.0433
2185.142632 69.227 -60.3043
2200.977076 68.973 -61.4166
2216.926264 68.713 -62.4009
2232.991025 68.448 -63.2682
2249.172199 68.174 -64.0125
2265.470628 67.887 -64.6060
2281.887162 67.588 -65.0032
2298.422657 67.277 -65.1459
2315.077975 66.960 -64.9702
2331.853984 66.647 -64.4188
2348.751559 66.353 -63.4570
2365.771581 66.095 -62.0895
2382.914937 65.890 -60.3685
2400.182521 65.749 -58.3854
2417.575233 65.682 -56.2440
2435.093980 65.692 -54.0398
2452.739675 65.779 -51.8553
2470.513237 65.946 -49.7794
2488.415595 66.190 -47.9264
2506.447680 66.504 -46.4299
2524.610433 66.873 -45.4097
2542.904801 67.275 -44.9330
2561.331737 67.688 -45.0012
2579.892203 68.094 -45.5635
2598.587165 68.482 -46.5469
2617.417599 68.843 -47.8818
2636.384486 69.175 -49.5112
2655.488815 69.475 -51.3892
2674.731581 69.741 -53.4731
2694.113789 69.970 -55.7202
2713.636448 70.163 -58.0867
2733.300577 70.322 -60.5331
2753.107199 70.449 -63.0284
2773.057349 70.547 -65.5522
2793.152066 70.617 -68.0955
2813.392397 70.663 -70.6597
2833.779398 70.685 -73.2515
2854.314132 70.681 -75.8789
2874.997668 70.648 -78.5430
2895.831087 70.583 -81.2358
2916.815472 70.481 -83.9385
2937.951920 70.336 -86.6177
2959.241530 70.144 -89.2246
2980.685414 69.903 -91.6948
3002.284690 69.609 -93.9458
3024.040482 69.266 -95.8735
3045.953926 68.877 -97.3582
3068.026164 68.459 -98.2727
3090.258346 68.033 -98.5076
3112.651632 67.630 -98.0068
3135.207189 67.286 -96.8062
3157.926192 67.036 -95.0542
3180.809827 66.902 -92.9937
3203.859287 66.889 -90.9014
3227.075772 66.987 -89.0171
3250.460493 67.176 -87.5017
3274.014670 67.432 -86.4385
3297.739530 67.736 -85.8640
3321.636310 68.070 -85.7983
3345.706256 68.420 -86.2544
3369.950622 68.767 -87.2349
3394.370674 69.095 -88.7222
3418.967683 69.389 -90.6729
3443.742932 69.634 -93.0159
3468.697713 69.819 -95.6616
3493.833326 69.937 -98.5090
3519.151083 69.982 -101.4487
3544.652302 69.955 -104.3696
3570.338314 69.857 -107.1597
3596.210457 69.693 -109.7104
3622.270081 69.473 -111.9170
3648.518543 69.210 -113.6838
3674.957212 68.918 -114.9287
3701.587467 68.620 -115.5942
3728.410696 68.341 -115.6587
3755.428297 68.108 -115.1558
3782.641678 67.948 -114.1870
3810.052259 67.881 -112.9233
3837.661468 67.919 -111.5840
3865.470745 68.059 -110.4006
3893.481540 68.286 -109.5771
3921.695312 68.578 -109.2637
3950.113533 68.907 -109.5442
3978.737684 69.248 -110.4429
4007.569257 69.574 -111.9355
4036.609756 69.863 -113.9612
4065.860694 70.098 -116.4329
4095.323597 70.264 -119.2412
4125.000000 70.349 -122.2583
4154.891450 70.349 -125.3386
4184.999507 70.260 -128.3213
4215.325738 70.087 -131.0347
4245.871726 69.842 -133.3057
4276.639063 69.546 -134.9766
4307.629353 69.228 -135.9314
4338.844211 68.927 -136.1282
4370.285264 68.682 -135.6353
4401.954153 68.528 -134.6438
4433.852527 68.486 -133.4426
4465.982050 68.556 -132.3467
4498.344397 68.716 -131.6177
4530.941255 68.938 -131.4131
4563.774323 69.186 -131.7812
4596.845313 69.433 -132.6904
4630.155949 69.658 -134.0620
4663.707968 69.844 -135.8027
4697.503118 69.984 -137.8203
4731.543162 70.070 -140.0273
4765.829875 70.097 -142.3369
4800.365042 70.063 -144.6560
4835.150466 69.967 -146.8799
4870.187960 69.812 -148.8914
4905.479349 69.607 -150.5710
4941.026475 69.367 -151.8137
4976.831190 69.114 -152.5498
5012.895360 68.873 -152.7649
5049.220866 68.669 -152.5161
5085.809602 68.523 -151.9302
5122.663475 68.446 -151.1860
5159.784406 68.439 -150.4773
5197.174331 68.488 -149.9717
5234.835198 68.576 -149.7778
5272.768972 68.676 -149.9338
5310.977630 68.769 -150.4121
5349.463163 68.837 -151.1396
5388.227578 68.868 -152.0164
5427.272896 68.855 -152.9229
5466.601153 68.799 -153.7300
5506.214398 68.706 -154.3013
5546.114698 68.588 -154.5056
5586.304131 68.472 -154.2412
5626.784794 68.388 -153.4768
5667.558796 68.372 -152.2979
5708.628263 68.451 -150.9282
5749.995337 68.633 -149.6868
5791.662173 68.902 -148.8889
5833.630945 69.221 -148.7454
5875.903839 69.550 -149.3188
5918.483061 69.848 -150.5410
5961.370829 70.088 -152.2620
6004.569379 70.254 -154.2954
6048.080964 70.341 -156.4495
6091.907852 70.351 -158.5474
6136.052328 70.297 -160.4390
6180.516692 70.194 -162.0146
6225.303264 70.064 -163.2183
6270.414377 69.928 -164.0588
6315.852385 69.804 -164.6101
6361.619655 69.701 -164.9927
6407.718573 69.617 -165.3350
6454.151543 69.540 -165.7258
6500.920986 69.455 -166.1780
6548.029339 69.345 -166.6179
6595.479059 69.204 -166.9033
6643.272619 69.037 -166.8594
6691.412511 68.867 -166.3320
6739.901245 68.727 -165.2520
6788.741347 68.658 -163.6958
6837.935366 68.692 -161.9082
6887.485864 68.837 -160.2505
6937.395426 69.074 -159.0740
6987.666653 69.361 -158.6023
7038.302166 69.650 -158.8804
7089.304605 69.897 -159.8003
7140.676628 70.073 -161.1597
7192.420915 70.165 -162.7112
7244.540162 70.172 -164.2039
7297.037086 70.109 -165.4146
7349.914425 70.001 -166.1812
7403.174934 69.881 -166.4348
7456.821392 69.783 -166.2241
7510.856593 69.733 -165.7085
7565.283356 69.739 -165.1089
7620.104518 69.796 -164.6294
7675.322937 69.883 -164.3921
7730.941491 69.978 -164.4165
7786.963080 70.063 -164.6392
7843.390624 70.131 -164.9595
7900.227066 70.182 -165.2854
7957.475368 70.226 -165.5674
8015.138515 70.269 -165.8149
8073.219512 70.315 -166.0820
8131.721389 70.363 -166.4375
8190.647194 70.402 -166.9243
8250.000000 70.419 -167.5273
8309.782901 70.402 -168.1680
8369.999013 70.348 -168.7202
8430.651476 70.263 -169.0449
8491.743452 70.164 -169.0298
8553.278126 70.075 -168.6372
8615.258705 70.020 -167.9282
8677.688421 70.019 -167.0581
8740.570528 70.075 -166.2263
8803.908306 70.176 -165.6094
8867.705054 70.301 -165.3040
8931.964101 70.428 -165.3113
8996.688794 70.539 -165.5593
9061.882510 70.625 -165.9438
9127.548646 70.688 -166.3667
9193.690626 70.732 -166.7639
9260.311899 70.765 -167.1138
9327.415936 70.792 -167.4282
9395.006237 70.815 -167.7329
9463.086325 70.835 -168.0449
9531.659749 70.847 -168.3645
9600.730085 70.852 -168.6753
9670.300933 70.850 -168.9565
9740.375920 70.844 -169.1960
9810.958699 70.837 -169.3984
9882.052950 70.830 -169.5825
9953.662379 70.823 -169.7695
10025.790720 70.814 -169.9688
10098.441732 70.799 -170.1699
10171.619204 70.778 -170.3472
10245.326950 70.754 -170.4746
10319.568812 70.731 -170.5425
10394.348662 70.714 -170.5696
10469.670397 70.705 -170.5986
10545.537944 70.702 -170.6821
10621.955259 70.700 -170.8564
10698.926326 70.688 -171.1245
10776.455156 70.659 -171.4490
10854.545793 70.609 -171.7629
10933.202306 70.540 -171.9917
11012.428797 70.458 -172.0767
11092.229396 70.374 -171.9919
11172.608262 70.299 -171.7510
11253.569587 70.240 -171.4023
11335.117592 70.201 -171.0142
11417.256526 70.182 -170.6543
11499.990673 70.177 -170.3767
11583.324346 70.179 -170.2102
11667.261890 70.178 -170.1541
11751.807679 70.168 -170.1787
11836.966122 70.144 -170.2327
11922.741658 70.108 -170.2571
12009.138758 70.064 -170.2046
12096.161928 70.019 -170.0562
12183.815704 69.984 -169.8330
12272.104655 69.962 -169.5891
12361.033384 69.954 -169.3931
12450.606528 69.953 -169.2993
12540.828755 69.952 -169.3303
12631.704770 69.941 -169.4697
12723.239310 69.915 -169.6724
12815.437146 69.872 -169.8813
12908.303087 69.813 -170.0439
13001.841972 69.746 -170.1260
13096.058679 69.675 -170.1172
13190.958118 69.607 -170.0332
13286.545239 69.546 -169.9077
13382.825022 69.492 -169.7817
13479.802489 69.442 -169.6858
13577.482695 69.391 -169.6270
13675.870731 69.335 -169.5835
13774.971728 69.272 -169.5164
13874.790852 69.205 -169.3857
13975.333306 69.141 -169.1733
14076.604332 69.087 -168.8960
14178.609210 69.048 -168.6018
14281.353257 69.023 -168.3491
14384.841829 69.009 -168.1868
14489.080323 68.999 -168.1372
14594.074172 68.986 -168.1965
14699.828849 68.965 -168.3411
14806.349869 68.933 -168.5376
14913.642783 68.891 -168.7554
15021.713187 68.842 -168.9722
15130.566713 68.785 -169.1794
15240.209036 68.723 -169.3779
15350.645874 68.658 -169.5698
15461.882981 68.589 -169.7488
15573.926159 68.516 -169.8979
15686.781248 68.442 -169.9929
15800.454132 68.371 -170.0183
15914.950735 68.310 -169.9790
16030.277029 68.264 -169.9048
16146.439024 68.236 -169.8433
16263.442778 68.225 -169.8462
16381.294388 68.227 -169.9531
16500.000000 68.237 -170.1846
16619.565802 68.251 -170.5393
16739.998026 68.262 -171.0015
16861.302953 68.271 -171.5513
16983.486905 68.276 -172.1724
17106.556252 68.279 -172.8594
17230.517410 68.280 -173.6138
17355.376842 68.278 -174.4341
17481.141057 68.274 -175.3086
17607.816611 68.267 -176.2419
17735.410109 68.258 -177.2290
17863.928201 68.249 -178.2207
17993.377589 68.248 -179.2256
18123.765020 68.260 179.7131
18255.097293 68.285 178.5557
18387.381253 68.325 177.2595
18520.623797 68.377 175.7864
18654.831872 68.435 174.1074
18790.012473 68.497 172.2070
18926.172650 68.556 170.0803
19063.319498 68.609 167.7305
19201.460170 68.653 165.1663
19340.601866 68.685 162.3979
19480.751839 68.704 159.4346
19621.917398 68.710 156.2847
19764.105900 68.702 152.9514
19907.324758 68.680 149.4346
20051.581440 68.639 145.7822
20196.883465 68.579 142.1599
20343.238408 68.506 138.3584
20490.653899 68.420 134.3604
20639.137624 68.321 130.1462
20788.697323 68.204 125.6990
20939.340794 68.063 121.0078
21091.075889 67.889 116.0723
21243.910519 67.671 110.9053
21397.852652 67.394 105.5325
21552.910313 67.037 99.9922
21709.091586 66.576 94.3337
21866.404612 65.976 88.6157
22024.857594 65.197 82.9009
22184.458791 64.186 77.2529
22345.216524 62.877 71.7295
22507.139175 61.191 66.3796
22670.235183 59.027 61.2383
22834.513052 56.263 56.3274
22999.981347 52.748 51.6565
23166.648693 48.309 47.2239
23334.523779 42.765 43.0200
23503.615358 36.004 39.0298
23673.932243 28.104 35.2344
23845.483315 19.786 31.6143
