* Measurement data measured by REW V5.40 beta 133
* Source: U18dB [plughw:2,0], Mic (Mic), R, Volume: 1.000. Timing signal peak level -27.6 dBFS, measurement signal peak level -16.3 dBFS
* Format: 512k Log Swept Sine, 1 sweep at -12.0 dBFS using an acoustic timing reference
* Dated: Aug 28, 2026, 2:58:26 PM
* REW Settings:
*  C-weighting compensation: Off
*  Target level: 75.0 dB
* Note: ; 28 aug 2026 Multi point measurement Position 4: +20cm to the RIGHT 4.51m from front wall (re-verified) 3.68m from R and 3.55cm from L speaker 2 screen panels prolongation - new setup DAC level -28dB MIC HEIGHT: 1.060m mic boom arm height: 1.040 PICTURES: 2026.08.25_ROOM.png measurement starts from 16Hz (REW LF tail starts from 16) -12dBFS OKTO -28dB DELAY 0.0001 ms (0.02 mm, 0 in) using estimated IR delay relative to Acoustic reference played from DAC8STEREO L with no timing offset Clock adjustment: -15.0 ppm
* Measurement: L MPM.4
* Smoothing: 1/48 octave
* Frequency Step: 96 ppo
* Start Frequency: 16.113281 Hz
*
* Freq(Hz) SPL(dB) Phase(degrees)
16.113281 71.211 -170.2887
16.230045 71.405 -171.6680
16.347654 71.638 -173.0391
16.466116 71.873 -174.3962
16.585436 72.104 -175.7372
16.705621 72.331 -177.0682
16.826677 72.553 -178.3926
16.948610 72.772 -179.7092
17.071427 72.986 178.9781
17.195133 73.199 177.6581
17.319736 73.412 176.3315
17.445242 73.624 174.9987
17.571658 73.837 173.6436
17.698989 74.052 172.2671
17.827243 74.267 170.8717
17.956427 74.482 169.4388
18.086547 74.697 167.9708
18.217609 74.910 166.4671
18.349622 75.117 164.9098
18.482590 75.319 163.2994
18.616523 75.513 161.6346
18.751426 75.696 159.9019
18.887307 75.870 158.0961
19.024172 76.032 156.2281
19.162029 76.182 154.2857
19.300885 76.321 152.2668
19.440747 76.447 150.2035
19.581622 76.563 148.0684
19.723519 76.669 145.8907
19.866444 76.768 143.7039
20.010404 76.859 141.4802
20.155408 76.946 139.2780
20.301462 77.029 137.0961
20.448575 77.111 134.9397
20.596754 77.192 132.8458
20.746006 77.274 130.7997
20.896340 77.358 128.8054
21.047764 77.445 126.8693
21.200285 77.534 124.9712
21.353911 77.625 123.0929
21.508650 77.718 121.2349
21.664511 77.810 119.3554
21.821501 77.901 117.4541
21.979628 77.990 115.5133
22.138902 78.075 113.5110
22.299329 78.156 111.4565
22.460919 78.229 109.3405
22.623680 78.295 107.1619
22.787621 78.353 104.9480
22.952749 78.403 102.6805
23.119074 78.445 100.4005
23.286605 78.479 98.0936
23.455349 78.504 95.7850
23.625316 78.522 93.4742
23.796515 78.534 91.1627
23.968954 78.538 88.8534
24.142643 78.537 86.5365
24.317591 78.530 84.2065
24.493806 78.517 81.8544
24.671298 78.500 79.4680
24.850077 78.478 77.0410
25.030151 78.448 74.5645
25.211529 78.410 72.0316
25.394223 78.362 69.4444
25.578240 78.300 66.7921
25.763590 78.221 64.0895
25.950284 78.123 61.3215
26.138330 78.000 58.5127
26.327739 77.852 55.6456
26.518521 77.673 52.7499
26.710685 77.461 49.8122
26.904242 77.213 46.8620
27.099201 76.927 43.9009
27.295573 76.599 40.9518
27.493368 76.224 38.0463
27.692596 75.798 35.2005
27.893268 75.317 32.4908
28.095394 74.771 29.9436
28.298985 74.156 27.6911
28.504051 73.462 25.8085
28.710603 72.689 24.5005
28.918652 71.832 23.9486
29.128209 70.906 24.4780
29.339284 69.940 26.3876
29.551888 68.993 30.1367
29.766033 68.179 35.7973
29.981730 67.635 43.3107
30.198990 67.478 51.5758
30.417825 67.723 59.4130
30.638245 68.276 65.7464
30.860262 68.992 70.2308
31.083888 69.766 73.0194
31.309135 70.524 74.4492
31.536014 71.236 74.8639
31.764537 71.890 74.5167
31.994716 72.485 73.6385
32.226563 73.026 72.3434
32.460089 73.518 70.7382
32.695309 73.965 68.8830
32.932232 74.372 66.8079
33.170873 74.743 64.5379
33.411243 75.077 62.0838
33.653354 75.375 59.4450
33.897220 75.636 56.6284
34.142854 75.857 53.6443
34.390267 76.037 50.4853
34.639473 76.172 47.1759
34.890485 76.261 43.7399
35.143316 76.301 40.1795
35.397979 76.288 36.5572
35.654487 76.223 32.9192
35.912854 76.105 29.2881
36.173093 75.932 25.7151
36.435218 75.704 22.2725
36.699243 75.422 18.9948
36.965181 75.085 15.9337
37.233046 74.694 13.1558
37.502852 74.254 10.7032
37.774613 73.767 8.6235
38.048343 73.238 6.9734
38.324057 72.679 5.7896
38.601769 72.098 5.1111
38.881494 71.507 4.9797
39.163245 70.921 5.4239
39.447038 70.358 6.4318
39.732888 69.834 7.9838
40.020808 69.364 10.0369
40.310816 68.964 12.5156
40.602924 68.641 15.3139
40.897150 68.401 18.3193
41.193508 68.244 21.4305
41.492013 68.166 24.5529
41.792681 68.161 27.6066
42.095528 68.221 30.5296
42.400570 68.340 33.2744
42.707822 68.509 35.8047
43.017300 68.721 38.0954
43.329021 68.969 40.1346
43.643001 69.247 41.9237
43.959256 69.548 43.4763
44.277803 69.871 44.8167
44.598658 70.215 45.9745
44.921839 70.586 46.9745
45.247361 70.987 47.8264
45.575242 71.427 48.5184
45.905499 71.910 49.0128
46.238149 72.439 49.2489
46.573210 73.012 49.1531
46.910698 73.621 48.6521
47.250633 74.254 47.6869
47.593030 74.897 46.2227
47.937909 75.534 44.2512
48.285287 76.151 41.7889
48.635182 76.736 38.8683
48.987612 77.280 35.5306
49.342597 77.774 31.8219
49.700154 78.212 27.7882
50.060301 78.591 23.4736
50.423059 78.909 18.9214
50.788445 79.164 14.1742
51.156479 79.358 9.2747
51.527180 79.492 4.2659
51.900567 79.568 -0.8099
52.276660 79.590 -5.9125
52.655478 79.561 -11.0054
53.037042 79.485 -16.0585
53.421370 79.367 -21.0482
53.808483 79.212 -25.9592
54.198402 79.026 -30.7843
54.591146 78.815 -35.5220
54.986736 78.585 -40.1795
55.385192 78.343 -44.7719
55.786536 78.094 -49.3226
56.190788 77.844 -53.8650
56.597970 77.597 -58.4427
57.008102 77.356 -63.1093
57.421206 77.122 -67.9261
57.837304 76.897 -72.9606
58.256417 76.679 -78.2808
58.678567 76.468 -83.9526
59.103776 76.261 -90.0388
59.532067 76.053 -96.5961
59.963460 75.840 -103.6747
60.397980 75.620 -111.3169
60.835649 75.390 -119.5566
61.276489 75.151 -128.4241
61.720524 74.906 -137.9280
62.167776 74.662 -148.0514
62.618270 74.428 -158.7437
63.072027 74.216 -169.9286
63.529073 74.034 178.5007
63.989431 73.892 166.6962
64.453125 73.791 154.8264
64.920179 73.725 143.0405
65.390617 73.689 131.4654
65.864465 73.667 120.2164
66.341746 73.647 109.3698
66.822485 73.614 98.9460
67.306709 73.554 88.9637
67.794441 73.457 79.4260
68.285707 73.312 70.3030
68.780534 73.111 61.5762
69.278946 72.848 53.2269
69.780970 72.513 45.2155
70.286631 72.099 37.5175
70.795957 71.594 30.1004
71.308974 70.982 22.9210
71.825708 70.244 15.9418
72.346187 69.348 9.1008
72.870437 68.251 2.3243
73.398486 66.881 -4.5084
73.930362 65.122 -11.6160
74.466092 62.764 -19.4836
75.005704 59.415 -29.6860
75.549226 54.729 -52.0225
76.096687 54.140 -168.0891
76.648115 59.380 158.0205
77.203539 63.480 146.3796
77.762987 66.482 137.9058
78.326490 68.820 130.3599
78.894076 70.721 123.1340
79.465775 72.311 116.0057
80.041617 73.662 108.8779
80.621631 74.817 101.7195
81.205849 75.805 94.5212
81.794300 76.644 87.3074
82.387015 77.350 80.0947
82.984025 77.932 72.9160
83.585362 78.401 65.8005
84.191056 78.765 58.7662
84.801139 79.032 51.8408
85.415643 79.207 45.0393
86.034600 79.296 38.3739
86.658042 79.303 31.8655
87.286002 79.231 25.5305
87.918512 79.082 19.3884
88.555606 78.854 13.4673
89.197317 78.548 7.8040
89.843677 78.162 2.4404
90.494721 77.692 -2.5686
91.150484 77.139 -7.1532
91.810997 76.500 -11.2264
92.476298 75.779 -14.6825
93.146419 74.979 -17.3917
93.821397 74.110 -19.2008
94.501265 73.190 -19.9365
95.186060 72.249 -19.4205
95.875818 71.333 -17.5078
96.570573 70.504 -14.1547
97.270363 69.837 -9.5211
97.975225 69.398 -4.0363
98.685194 69.214 1.6643
99.400307 69.264 6.9487
100.120603 69.488 11.4030
100.846118 69.815 14.8982
101.576890 70.186 17.5233
102.312958 70.563 19.4785
103.054360 70.930 20.9915
103.801135 71.286 22.2627
104.553320 71.644 23.4314
105.310957 72.022 24.5514
106.074084 72.438 25.5833
106.842740 72.903 26.4116
107.616967 73.417 26.8865
108.396804 73.965 26.8752
109.182291 74.527 26.3036
109.973471 75.082 25.1635
110.770384 75.609 23.5021
111.573072 76.091 21.4011
112.381577 76.520 18.9578
113.195940 76.891 16.2701
114.016204 77.201 13.4308
114.842413 77.454 10.5247
115.674608 77.653 7.6278
116.512834 77.804 4.8042
117.357134 77.917 2.1031
118.207552 78.000 -0.4423
119.064133 78.063 -2.8197
119.926921 78.117 -5.0386
120.795961 78.170 -7.1309
121.671298 78.224 -9.1443
122.552979 78.284 -11.1332
123.441048 78.345 -13.1482
124.335553 78.404 -15.2247
125.236539 78.453 -17.3774
126.144055 78.487 -19.5996
127.058147 78.500 -21.8666
127.978862 78.489 -24.1405
128.906250 78.453 -26.3781
129.840358 78.394 -28.5350
130.781235 78.315 -30.5726
131.728929 78.222 -32.4590
132.683491 78.120 -34.1729
133.644971 78.017 -35.7064
134.613417 77.920 -37.0653
135.588882 77.836 -38.2706
136.571415 77.772 -39.3563
137.561067 77.729 -40.3689
138.557891 77.711 -41.3622
139.561939 77.715 -42.3901
140.573262 77.737 -43.4982
141.591914 77.769 -44.7148
142.617948 77.804 -46.0455
143.651416 77.836 -47.4736
144.692373 77.861 -48.9666
145.740874 77.880 -50.4856
146.796972 77.893 -51.9988
147.860724 77.905 -53.4922
148.932184 77.924 -54.9757
150.011408 77.952 -56.4807
151.098452 77.992 -58.0516
152.193374 78.042 -59.7343
153.296230 78.099 -61.5673
154.407077 78.155 -63.5769
155.525975 78.206 -65.7766
156.652980 78.244 -68.1676
157.788152 78.261 -70.7372
158.931550 78.250 -73.4590
160.083234 78.206 -76.2931
161.243263 78.125 -79.1865
162.411698 78.004 -82.0768
163.588600 77.843 -84.8977
164.774030 77.647 -87.5854
165.968051 77.423 -90.0862
167.170724 77.180 -92.3610
168.382112 76.930 -94.3940
169.602278 76.685 -96.2004
170.831286 76.459 -97.8314
172.069200 76.260 -99.3754
173.316084 76.092 -100.9495
174.572004 75.952 -102.6821
175.837025 75.829 -104.6907
177.111212 75.705 -107.0598
178.394633 75.558 -109.8324
179.687354 75.366 -113.0071
180.989443 75.104 -116.5410
182.300967 74.751 -120.3558
183.621995 74.283 -124.3369
184.952596 73.679 -128.3329
186.292838 72.919 -132.1421
187.642793 71.980 -135.4902
189.002530 70.841 -137.9861
190.372120 69.491 -139.0396
191.751635 67.944 -137.7350
193.141147 66.300 -132.7275
194.540727 64.849 -122.6456
195.950449 64.105 -108.1210
197.370387 64.379 -93.6270
198.800614 65.359 -83.3669
200.241205 66.546 -77.6814
201.692236 67.666 -75.1718
203.153781 68.635 -74.5638
204.625917 69.450 -75.0254
206.108721 70.138 -76.0576
207.602269 70.731 -77.3796
209.106641 71.260 -78.8563
210.621914 71.751 -80.4559
212.148167 72.223 -82.2170
213.685480 72.687 -84.2167
215.233933 73.142 -86.5391
216.793607 73.582 -89.2500
218.364583 73.997 -92.3837
219.946943 74.376 -95.9402
221.540769 74.706 -99.8916
223.146145 74.978 -104.1906
224.763154 75.184 -108.7764
226.391880 75.317 -113.5801
228.032409 75.374 -118.5284
229.684826 75.353 -123.5466
231.349217 75.255 -128.5609
233.025668 75.081 -133.5022
234.714269 74.835 -138.3101
236.415105 74.519 -142.9321
238.128266 74.139 -147.3224
239.853842 73.699 -151.4391
241.591922 73.202 -155.2388
243.342596 72.651 -158.6713
245.105957 72.051 -161.6741
246.882096 71.406 -164.1678
248.671105 70.728 -166.0563
250.473079 70.031 -167.2323
252.288110 69.343 -167.5967
254.116293 68.699 -167.0974
255.957725 68.146 -165.7863
257.812500 67.730 -163.8743
259.680716 67.482 -161.7374
261.562469 67.405 -159.8337
263.457859 67.471 -158.5658
265.366983 67.631 -158.1740
267.289941 67.835 -158.7208
269.226835 68.039 -160.1431
271.177763 68.215 -162.3217
273.142829 68.345 -165.1355
275.122135 68.418 -168.4884
277.115783 68.426 -172.3175
279.123878 68.363 -176.5853
281.146525 68.220 178.7336
283.183828 67.990 173.6643
285.235895 67.663 168.2333
287.302832 67.231 162.4622
289.384747 66.687 156.3529
291.481748 66.023 149.8656
293.593945 65.231 142.8909
295.721448 64.295 135.2173
297.864367 63.194 126.4830
300.022815 61.906 116.0847
302.196904 60.421 103.0027
304.386747 58.820 85.5370
306.592459 57.444 61.5011
308.814155 57.015 31.1930
311.051949 57.945 1.3285
313.305960 59.651 -22.2407
315.576304 61.451 -39.9469
317.863100 63.061 -53.9258
320.166467 64.420 -65.6663
322.486525 65.537 -75.9999
324.823396 66.435 -85.3735
327.177200 67.142 -94.0267
329.548061 67.679 -102.0857
331.936102 68.065 -109.6129
334.341448 68.316 -116.6335
336.764224 68.447 -123.1486
339.204556 68.467 -129.1403
341.662572 68.389 -134.5707
344.138400 68.220 -139.3766
346.632169 67.975 -143.4664
349.144008 67.671 -146.7238
351.674050 67.336 -149.0280
354.222425 67.012 -150.3016
356.789266 66.748 -150.5840
359.374709 66.596 -150.0952
361.978886 66.586 -149.2311
364.601934 66.718 -148.4512
367.243990 66.960 -148.1166
369.905191 67.263 -148.3933
372.585677 67.584 -149.2596
375.285586 67.892 -150.5765
378.005060 68.171 -152.1613
380.744241 68.420 -153.8401
383.503270 68.651 -155.4829
386.282293 68.880 -157.0226
389.081454 69.123 -158.4633
391.900899 69.397 -159.8741
394.740774 69.708 -161.3707
397.601228 70.057 -163.0854
400.482411 70.433 -165.1360
403.384471 70.821 -167.6042
406.307562 71.203 -170.5250
409.251834 71.560 -173.8873
412.217441 71.878 -177.6426
415.204539 72.143 178.2804
418.213282 72.348 173.9624
421.243828 72.488 169.4818
424.296334 72.559 164.9109
427.370960 72.560 160.3156
430.467867 72.487 155.7620
433.587214 72.339 151.3219
436.729166 72.114 147.0815
439.893885 71.811 143.1504
443.081538 71.434 139.6644
446.292289 70.993 136.7815
449.526307 70.508 134.6666
452.783760 70.010 133.4576
456.064818 69.543 133.2089
459.369652 69.154 133.8274
462.698433 68.885 135.0436
466.051337 68.750 136.4691
469.428537 68.734 137.7360
472.830210 68.801 138.6289
476.256532 68.909 139.1300
479.707684 69.028 139.3718
483.183843 69.148 139.5533
486.685192 69.280 139.8535
490.211914 69.447 140.3584
493.764192 69.675 141.0195
497.342210 69.985 141.6626
500.946157 70.378 142.0518
504.576220 70.839 141.9794
508.232587 71.343 141.3286
511.915450 71.863 140.0819
515.625000 72.378 138.2889
519.361431 72.874 136.0247
523.124938 73.345 133.3582
526.915717 73.786 130.3394
530.733966 74.193 127.0022
534.579883 74.562 123.3740
538.453669 74.888 119.4861
542.355526 75.164 115.3806
546.285658 75.387 111.1111
550.244269 75.553 106.7421
554.231566 75.660 102.3455
558.247756 75.711 97.9971
562.293050 75.710 93.7701
566.367657 75.665 89.7273
570.471790 75.587 85.9108
574.605664 75.489 82.3329
578.769494 75.384 78.9694
582.963496 75.279 75.7616
587.187890 75.181 72.6270
591.442895 75.090 69.4761
595.728734 74.998 66.2312
600.045630 74.894 62.8427
604.393808 74.765 59.2986
608.773495 74.597 55.6285
613.184919 74.377 51.9009
617.628309 74.099 48.2139
622.103899 73.760 44.6803
626.611920 73.363 41.4127
631.152608 72.920 38.5056
635.726200 72.442 36.0203
640.332934 71.947 33.9730
644.973051 71.447 32.3359
649.646791 70.953 31.0486
654.354400 70.468 30.0400
659.096122 69.987 29.2568
663.872204 69.502 28.6909
668.682895 69.004 28.3997
673.528447 68.488 28.5129
678.409112 67.963 29.2189
683.325144 67.455 30.7097
688.276800 67.012 33.0895
693.264337 66.692 36.2686
698.288016 66.547 39.9147
703.348099 66.598 43.5253
708.444849 66.829 46.5991
713.578533 67.195 48.7772
718.749417 67.640 49.8795
723.957772 68.108 49.8690
729.203868 68.554 48.8036
734.487980 68.936 46.8043
739.810383 69.224 44.0389
745.171354 69.392 40.7085
750.571172 69.421 37.0411
756.010121 69.297 33.2906
761.488482 69.015 29.7418
767.006541 68.575 26.7257
772.564587 67.991 24.6365
778.162908 67.299 23.9374
783.801797 66.574 25.1100
789.481548 65.944 28.4575
795.202457 65.580 33.7080
800.964822 65.616 39.7130
806.768943 66.049 44.8712
812.615123 66.745 48.0732
818.503667 67.539 49.0754
824.434882 68.308 48.1733
830.409077 68.985 45.8098
836.426564 69.537 42.3839
842.487656 69.952 38.2056
848.592668 70.225 33.5056
854.741921 70.356 28.4596
860.935733 70.341 23.2120
867.174428 70.177 17.8962
873.458332 69.861 12.6487
879.787771 69.387 7.6212
886.163076 68.749 2.9917
892.584579 67.943 -1.0216
899.052614 66.967 -4.1396
905.567520 65.824 -5.9935
912.129636 64.533 -6.0851
918.739303 63.148 -3.7673
925.396867 61.788 1.6539
932.102674 60.672 10.4701
938.857074 60.066 21.7432
945.660420 60.097 33.1819
952.513065 60.638 42.6831
959.415367 61.445 49.5682
966.367686 62.332 54.1602
973.370385 63.200 57.0209
980.423828 64.007 58.6299
987.528383 64.738 59.3446
994.684421 65.390 59.4353
1001.892314 65.965 59.1166
1009.152439 66.472 58.5629
1016.465174 66.921 57.9127
1023.830899 67.326 57.2695
1031.250000 67.705 56.6985
1038.722863 68.075 56.2219
1046.249877 68.453 55.8151
1053.831435 68.853 55.4039
1061.467932 69.281 54.8756
1069.159766 69.738 54.1001
1076.907338 70.212 52.9586
1084.711053 70.688 51.3708
1092.571316 71.144 49.3114
1100.488538 71.562 46.8123
1108.463132 71.923 43.9587
1116.495513 72.216 40.8773
1124.586099 72.439 37.7158
1132.735314 72.595 34.6226
1140.943581 72.697 31.7242
1149.211328 72.764 29.1011
1157.538987 72.818 26.7710
1165.926992 72.878 24.6796
1174.375780 72.960 22.7101
1182.885791 73.069 20.7129
1191.457469 73.198 18.5443
1200.091261 73.333 16.0980
1208.787617 73.454 13.3247
1217.546990 73.541 10.2344
1226.369837 73.575 6.8883
1235.256619 73.541 3.3898
1244.207797 73.431 -0.1255
1253.223840 73.242 -3.4990
1262.305217 72.980 -6.5618
1271.452400 72.659 -9.1514
1280.665869 72.304 -11.1379
1289.946102 71.949 -12.4603
1299.293583 71.629 -13.1654
1308.708800 71.379 -13.4276
1318.192243 71.215 -13.5228
1327.744407 71.133 -13.7509
1337.365791 71.108 -14.3433
1347.056895 71.107 -15.4061
1356.818224 71.095 -16.9161
1366.650288 71.048 -18.7581
1376.553600 70.950 -20.7737
1386.528674 70.800 -22.8064
1396.576033 70.605 -24.7356
1406.696198 70.378 -26.4955
1416.889699 70.131 -28.0830
1427.157066 69.875 -29.5481
1437.498834 69.611 -30.9729
1447.915543 69.332 -32.4415
1458.407736 69.024 -34.0081
1468.975960 68.666 -35.6718
1479.620765 68.233 -37.3619
1490.342707 67.704 -38.9277
1501.142345 67.058 -40.1268
1512.020241 66.284 -40.6105
1522.976963 65.390 -39.9054
1534.013082 64.415 -37.4121
1545.129173 63.458 -32.4905
1556.325816 62.702 -24.7953
1567.603594 62.378 -14.9319
1578.963096 62.627 -4.7509
1590.404914 63.368 3.6923
1601.929643 64.383 9.4302
1613.537886 65.476 12.5707
1625.230247 66.531 13.6379
1637.007335 67.491 13.1652
1648.869765 68.332 11.5825
1660.818155 69.049 9.2189
1672.853128 69.642 6.3311
1684.975311 70.118 3.1274
1697.185337 70.484 -0.2173
1709.483841 70.752 -3.5568
1721.871466 70.938 -6.7734
1734.348856 71.057 -9.7845
1746.916663 71.129 -12.5459
1759.575541 71.170 -15.0546
1772.326151 71.196 -17.3434
1785.169157 71.216 -19.4698
1798.105229 71.239 -21.5054
1811.135040 71.265 -23.5228
1824.259271 71.291 -25.5840
1837.478606 71.311 -27.7330
1850.793734 71.318 -29.9906
1864.205348 71.304 -32.3550
1877.714148 71.263 -34.8064
1891.320839 71.189 -37.3162
1905.026130 71.078 -39.8514
1918.830734 70.928 -42.3815
1932.735373 70.733 -44.8737
1946.740770 70.490 -47.2841
1960.847656 70.194 -49.5487
1975.056766 69.842 -51.5758
1989.368842 69.436 -53.2454
2003.784629 68.985 -54.4214
2018.304878 68.504 -54.9717
2032.930347 68.019 -54.7985
2047.661799 67.560 -53.8682
2062.500000 67.164 -52.2343
2077.445725 66.859 -50.0389
2092.499753 66.670 -47.4946
2107.662869 66.603 -44.8470
2122.935863 66.655 -42.3389
2138.319531 66.809 -40.1753
2153.814676 67.040 -38.5011
2169.422105 67.320 -37.3844
2185.142632 67.622 -36.8197
2200.977076 67.926 -36.7457
2216.926264 68.218 -37.0739
2232.991025 68.493 -37.7133
2249.172199 68.748 -38.5951
2265.470628 68.986 -39.6823
2281.887162 69.208 -40.9669
2298.422657 69.413 -42.4561
2315.077975 69.596 -44.1517
2331.853984 69.752 -46.0396
2348.751559 69.877 -48.0896
2365.771581 69.967 -50.2646
2382.914937 70.021 -52.5330
2400.182521 70.038 -54.8733
2417.575233 70.012 -57.2689
2435.093980 69.939 -59.6914
2452.739675 69.812 -62.0834
2470.513237 69.624 -64.3478
2488.415595 69.375 -66.3510
2506.447680 69.072 -67.9368
2524.610433 68.731 -68.9529
2542.904801 68.380 -69.2827
2561.331737 68.054 -68.8840
2579.892203 67.792 -67.8210
2598.587165 67.629 -66.2811
2617.417599 67.585 -64.5502
2636.384486 67.658 -62.9429
2655.488815 67.831 -61.7233
2674.731581 68.070 -61.0494
2694.113789 68.343 -60.9690
2713.636448 68.621 -61.4481
2733.300577 68.883 -62.4072
2753.107199 69.115 -63.7487
2773.057349 69.309 -65.3726
2793.152066 69.461 -67.1840
2813.392397 69.571 -69.0986
2833.779398 69.642 -71.0464
2854.314132 69.680 -72.9753
2874.997668 69.690 -74.8540
2895.831087 69.677 -76.6709
2916.815472 69.645 -78.4268
2937.951920 69.596 -80.1274
2959.241530 69.528 -81.7725
2980.685414 69.442 -83.3523
3002.284690 69.335 -84.8433
3024.040482 69.207 -86.2061
3045.953926 69.059 -87.3862
3068.026164 68.895 -88.3201
3090.258346 68.727 -88.9487
3112.651632 68.567 -89.2319
3135.207189 68.433 -89.1641
3157.926192 68.345 -88.7861
3180.809827 68.319 -88.1953
3203.859287 68.367 -87.5393
3227.075772 68.492 -87.0005
3250.460493 68.683 -86.7583
3274.014670 68.924 -86.9526
3297.739530 69.189 -87.6577
3321.636310 69.454 -88.8840
3345.706256 69.699 -90.5879
3369.950622 69.905 -92.6929
3394.370674 70.062 -95.1084
3418.967683 70.161 -97.7358
3443.742932 70.199 -100.4761
3468.697713 70.175 -103.2334
3493.833326 70.090 -105.9199
3519.151083 69.948 -108.4585
3544.652302 69.755 -110.7834
3570.338314 69.516 -112.8374
3596.210457 69.234 -114.5620
3622.270081 68.915 -115.8828
3648.518543 68.568 -116.7012
3674.957212 68.208 -116.8950
3701.587467 67.860 -116.3428
3728.410696 67.568 -114.9792
3755.428297 67.379 -112.8772
3782.641678 67.343 -110.3086
3810.052259 67.482 -107.7251
3837.661468 67.783 -105.6206
3865.470745 68.200 -104.3618
3893.481540 68.676 -104.1040
3921.695312 69.158 -104.8162
3950.113533 69.604 -106.3596
3978.737684 69.991 -108.5571
4007.569257 70.304 -111.2334
4036.609756 70.535 -114.2310
4065.860694 70.681 -117.4121
4095.323597 70.744 -120.6543
4125.000000 70.724 -123.8425
4154.891450 70.627 -126.8618
4184.999507 70.456 -129.5928
4215.325738 70.225 -131.9111
4245.871726 69.947 -133.6963
4276.639063 69.648 -134.8479
4307.629353 69.357 -135.3135
4338.844211 69.111 -135.1199
4370.285264 68.943 -134.4004
4401.954153 68.879 -133.3955
4433.852527 68.927 -132.4121
4465.982050 69.074 -131.7524
4498.344397 69.288 -131.6382
4530.941255 69.533 -132.1716
4563.774323 69.769 -133.3384
4596.845313 69.966 -135.0366
4630.155949 70.102 -137.1128
4663.707968 70.164 -139.3887
4697.503118 70.149 -141.6790
4731.543162 70.061 -143.8027
4765.829875 69.914 -145.5947
4800.365042 69.728 -146.9209
4835.150466 69.533 -147.7041
4870.187960 69.362 -147.9551
4905.479349 69.245 -147.7959
4941.026475 69.204 -147.4521
4976.831190 69.241 -147.1992
5012.895360 69.337 -147.2803
5049.220866 69.462 -147.8408
5085.809602 69.580 -148.9067
5122.663475 69.661 -150.4033
5159.784406 69.681 -152.1909
5197.174331 69.627 -154.0942
5234.835198 69.493 -155.9219
5272.768972 69.282 -157.4758
5310.977630 69.007 -158.5557
5349.463163 68.691 -158.9756
5388.227578 68.372 -158.5991
5427.272896 68.097 -157.3950
5466.601153 67.915 -155.5010
5506.214398 67.864 -153.2393
5546.114698 67.953 -151.0381
5586.304131 68.159 -149.2793
5626.784794 68.437 -148.1772
5667.558796 68.742 -147.7598
5708.628263 69.039 -147.9265
5749.995337 69.307 -148.5227
5791.662173 69.537 -149.3970
5833.630945 69.730 -150.4312
5875.903839 69.891 -151.5498
5918.483061 70.025 -152.7158
5961.370829 70.137 -153.9175
6004.569379 70.228 -155.1575
6048.080964 70.297 -156.4360
6091.907852 70.345 -157.7446
6136.052328 70.368 -159.0640
6180.516692 70.365 -160.3660
6225.303264 70.337 -161.6187
6270.414377 70.284 -162.7900
6315.852385 70.209 -163.8486
6361.619655 70.113 -164.7639
6407.718573 70.001 -165.5059
6454.151543 69.878 -166.0461
6500.920986 69.751 -166.3618
6548.029339 69.627 -166.4417
6595.479059 69.516 -166.2935
6643.272619 69.428 -165.9463
6691.412511 69.370 -165.4529
6739.901245 69.345 -164.8862
6788.741347 69.356 -164.3296
6837.935366 69.396 -163.8613
6887.485864 69.456 -163.5410
6937.395426 69.524 -163.3882
6987.666653 69.589 -163.3794
7038.302166 69.642 -163.4519
7089.304605 69.683 -163.5254
7140.676628 69.717 -163.5303
7192.420915 69.754 -163.4319
7244.540162 69.804 -163.2468
7297.037086 69.877 -163.0393
7349.914425 69.975 -162.9033
7403.174934 70.090 -162.9321
7456.821392 70.212 -163.1899
7510.856593 70.325 -163.6917
7565.283356 70.412 -164.3940
7620.104518 70.465 -165.2070
7675.322937 70.479 -166.0112
7730.941491 70.459 -166.6887
7786.963080 70.417 -167.1523
7843.390624 70.370 -167.3708
7900.227066 70.334 -167.3784
7957.475368 70.320 -167.2607
8015.138515 70.329 -167.1230
8073.219512 70.355 -167.0479
8131.721389 70.390 -167.0737
8190.647194 70.422 -167.1914
8250.000000 70.446 -167.3574
8309.782901 70.460 -167.5190
8369.999013 70.466 -167.6367
8430.651476 70.470 -167.6953
8491.743452 70.474 -167.7046
8553.278126 70.480 -167.6841
8615.258705 70.488 -167.6479
8677.688421 70.496 -167.5896
8740.570528 70.504 -167.4824
8803.908306 70.516 -167.2947
8867.705054 70.539 -167.0151
8931.964101 70.583 -166.6692
8996.688794 70.652 -166.3252
9061.882510 70.747 -166.0771
9127.548646 70.861 -166.0139
9193.690626 70.982 -166.1907
9260.311899 71.094 -166.6143
9327.415936 71.184 -167.2422
9395.006237 71.243 -167.9985
9463.086325 71.266 -168.7905
9531.659749 71.256 -169.5310
9600.730085 71.220 -170.1511
9670.300933 71.167 -170.6111
9740.375920 71.107 -170.9028
9810.958699 71.050 -171.0442
9882.052950 71.001 -171.0728
9953.662379 70.964 -171.0327
10025.790720 70.941 -170.9702
10098.441732 70.929 -170.9238
10171.619204 70.926 -170.9270
10245.326950 70.925 -171.0012
10319.568812 70.922 -171.1519
10394.348662 70.908 -171.3623
10469.670397 70.881 -171.5923
10545.537944 70.838 -171.7847
10621.955259 70.785 -171.8853
10698.926326 70.728 -171.8591
10776.455156 70.677 -171.7104
10854.545793 70.640 -171.4836
10933.202306 70.620 -171.2473
11012.428797 70.613 -171.0688
11092.229396 70.614 -170.9888
11172.608262 70.614 -171.0098
11253.569587 70.606 -171.1055
11335.117592 70.588 -171.2378
11417.256526 70.560 -171.3721
11499.990673 70.523 -171.4844
11583.324346 70.480 -171.5635
11667.261890 70.432 -171.6033
11751.807679 70.382 -171.6001
11836.966122 70.333 -171.5557
11922.741658 70.285 -171.4790
12009.138758 70.241 -171.3909
12096.161928 70.199 -171.3135
12183.815704 70.157 -171.2607
12272.104655 70.110 -171.2275
12361.033384 70.056 -171.1899
12450.606528 69.995 -171.1138
12540.828755 69.930 -170.9702
12631.704770 69.866 -170.7480
12723.239310 69.810 -170.4565
12815.437146 69.764 -170.1235
12908.303087 69.730 -169.7856
13001.841972 69.710 -169.4814
13096.058679 69.698 -169.2451
13190.958118 69.691 -169.1001
13286.545239 69.684 -169.0530
13382.825022 69.670 -169.0923
13479.802489 69.648 -169.1890
13577.482695 69.613 -169.3081
13675.870731 69.569 -169.4182
13774.971728 69.518 -169.5039
13874.790852 69.463 -169.5625
13975.333306 69.404 -169.6011
14076.604332 69.345 -169.6279
14178.609210 69.283 -169.6479
14281.353257 69.218 -169.6577
14384.841829 69.149 -169.6460
14489.080323 69.079 -169.5967
14594.074172 69.009 -169.4934
14699.828849 68.943 -169.3291
14806.349869 68.888 -169.1138
14913.642783 68.846 -168.8796
15021.713187 68.820 -168.6748
15130.566713 68.806 -168.5474
15240.209036 68.799 -168.5273
15350.645874 68.794 -168.6196
15461.882981 68.785 -168.8086
15573.926159 68.769 -169.0664
15686.781248 68.746 -169.3672
15800.454132 68.717 -169.6936
15914.950735 68.683 -170.0381
16030.277029 68.647 -170.4004
16146.439024 68.608 -170.7834
16263.442778 68.567 -171.1887
16381.294388 68.525 -171.6145
16500.000000 68.481 -172.0566
16619.565802 68.438 -172.5115
16739.998026 68.395 -172.9775
16861.302953 68.355 -173.4556
16983.486905 68.319 -173.9465
17106.556252 68.288 -174.4565
17230.517410 68.266 -174.9990
17355.376842 68.252 -175.5928
17481.141057 68.250 -176.2595
17607.816611 68.255 -177.0405
17735.410109 68.265 -177.9600
17863.928201 68.276 -178.9800
17993.377589 68.290 179.9023
18123.765020 68.307 178.6719
18255.097293 68.327 177.3250
18387.381253 68.352 175.8523
18520.623797 68.381 174.2366
18654.831872 68.412 172.4595
18790.012473 68.444 170.5083
18926.172650 68.473 168.3784
19063.319498 68.498 166.0728
19201.460170 68.516 163.5979
19340.601866 68.526 160.9590
19480.751839 68.531 158.1548
19621.917398 68.528 155.1777
19764.105900 68.520 152.0134
19907.324758 68.503 148.6431
20051.581440 68.472 145.0991
20196.883465 68.425 141.5381
20343.238408 68.364 137.7476
20490.653899 68.288 133.7168
20639.137624 68.194 129.4395
20788.697323 68.077 124.9150
20939.340794 67.930 120.1489
21091.075889 67.746 115.1558
21243.910519 67.513 109.9580
21397.852652 67.218 104.5876
21552.910313 66.844 99.0864
21709.091586 66.364 93.5039
21866.404612 65.749 87.8967
22024.857594 64.956 82.3223
22184.458791 63.935 76.8362
22345.216524 62.621 71.4875
22507.139175 60.932 66.3152
22670.235183 58.769 61.3472
22834.513052 56.008 56.6003
22999.981347 52.498 52.0815
23166.648693 48.063 47.7891
23334.523779 42.524 43.7139
23503.615358 35.767 39.8416
23673.932243 27.870 36.1541
23845.483315 19.554 32.6321
