* Measurement data measured by REW V5.40 beta 133
* Source: 
* Format: 
* Dated: Aug 31, 2026, 1:39:41 PM
* REW Settings:
*  C-weighting compensation: Off
*  Target level: 75.0 dB
* Note: ; Copy of L+R MPM.0
* Measurement: L+R.C
* Smoothing: 1/48 octave
* Frequency Step: 96 ppo
* Start Frequency: 16.113281 Hz
*
* Freq(Hz) SPL(dB) Phase(degrees)
16.113281 70.575 -172.5043
16.230045 70.708 -173.9132
16.347654 70.865 -175.3402
16.466116 71.022 -176.7678
16.585436 71.175 -178.1938
16.705621 71.326 -179.6268
16.826677 71.474 178.9523
16.948610 71.622 177.5549
17.071427 71.769 176.1690
17.195133 71.916 174.7923
17.319736 72.067 173.4332
17.445242 72.220 172.0860
17.571658 72.375 170.7233
17.698989 72.535 169.3453
17.827243 72.697 167.9531
17.956427 72.860 166.5126
18.086547 73.026 165.0233
18.217609 73.193 163.4883
18.349622 73.357 161.8899
18.482590 73.520 160.2242
18.616523 73.680 158.5041
18.751426 73.835 156.7307
18.887307 73.987 154.8936
19.024172 74.132 153.0243
19.162029 74.271 151.1248
19.300885 74.404 149.1897
19.440747 74.530 147.2621
19.581622 74.648 145.3228
19.723519 74.760 143.3916
19.866444 74.865 141.4955
20.010404 74.963 139.6133
20.155408 75.055 137.7727
20.301462 75.142 135.9728
20.448575 75.225 134.2072
20.596754 75.305 132.4845
20.746006 75.383 130.7979
20.896340 75.462 129.1332
21.047764 75.543 127.4921
21.200285 75.627 125.8593
21.353911 75.714 124.2161
21.508650 75.806 122.5673
21.664511 75.901 120.8863
21.821501 76.001 119.1745
21.979628 76.102 117.4270
22.138902 76.204 115.6321
22.299329 76.306 113.7997
22.460919 76.406 111.9271
22.623680 76.502 110.0148
22.787621 76.594 108.0789
22.952749 76.682 106.1093
23.119074 76.765 104.1252
23.286605 76.843 102.1185
23.455349 76.917 100.0984
23.625316 76.988 98.0623
23.796515 77.055 96.0088
23.968954 77.121 93.9350
24.142643 77.184 91.8355
24.317591 77.245 89.7018
24.493806 77.304 87.5293
24.671298 77.360 85.3049
24.850077 77.414 83.0248
25.030151 77.463 80.6769
25.211529 77.507 78.2565
25.394223 77.544 75.7582
25.578240 77.574 73.1756
25.763590 77.594 70.5150
25.950284 77.602 67.7674
26.138330 77.597 64.9506
26.327739 77.577 62.0549
26.518521 77.540 59.1039
26.710685 77.484 56.0906
26.904242 77.407 53.0366
27.099201 77.306 49.9447
27.295573 77.178 46.8248
27.493368 77.020 43.7007
27.692596 76.828 40.5665
27.893268 76.600 37.4758
28.095394 76.329 34.4144
28.298985 76.016 31.4656
28.504051 75.654 28.6238
28.710603 75.246 25.9904
28.918652 74.791 23.5880
29.128209 74.292 21.5242
29.339284 73.755 19.8517
29.551888 73.188 18.6876
29.766033 72.608 18.0742
29.981730 72.029 18.1279
30.198990 71.478 18.8333
30.417825 70.976 20.2084
30.638245 70.552 22.1847
30.860262 70.227 24.5702
31.083888 70.015 27.2346
31.309135 69.917 29.8940
31.536014 69.925 32.3913
31.764537 70.023 34.5648
31.994716 70.189 36.3089
32.226563 70.406 37.5902
32.460089 70.656 38.3911
32.695309 70.924 38.7275
32.932232 71.200 38.6234
33.170873 71.473 38.1024
33.411243 71.736 37.1967
33.653354 71.983 35.9299
33.897220 72.207 34.3313
34.142854 72.402 32.4371
34.390267 72.564 30.2653
34.639473 72.687 27.8617
34.890485 72.768 25.2697
35.143316 72.804 22.5109
35.397979 72.790 19.6611
35.654487 72.726 16.7755
35.912854 72.613 13.8866
36.173093 72.450 11.0507
36.435218 72.240 8.3361
36.699243 71.985 5.7782
36.965181 71.689 3.4258
37.233046 71.357 1.3301
37.502852 70.997 -0.4841
37.774613 70.615 -1.9934
38.048343 70.221 -3.1808
38.324057 69.823 -4.0649
38.601769 69.430 -4.6679
38.881494 69.048 -5.0175
39.163245 68.679 -5.1555
39.447038 68.327 -5.1373
39.732888 67.990 -4.9926
40.020808 67.664 -4.7374
40.310816 67.348 -4.3753
40.602924 67.041 -3.8936
40.897150 66.742 -3.2601
41.193508 66.457 -2.4438
41.492013 66.191 -1.4246
41.792681 65.954 -0.1989
42.095528 65.755 1.2104
42.400570 65.601 2.7458
42.707822 65.496 4.3267
43.017300 65.439 5.8633
43.329021 65.425 7.2698
43.643001 65.442 8.4761
43.959256 65.478 9.4370
44.277803 65.520 10.1371
44.598658 65.556 10.5927
44.921839 65.575 10.8474
45.247361 65.569 10.9658
45.575242 65.534 11.0294
45.905499 65.468 11.1328
46.238149 65.376 11.3783
46.573210 65.266 11.8666
46.910698 65.155 12.6826
47.250633 65.066 13.8754
47.593030 65.026 15.4330
47.937909 65.060 17.2614
48.285287 65.191 19.1865
48.635182 65.424 20.9801
48.987612 65.753 22.4106
49.342597 66.157 23.2940
49.700154 66.608 23.5192
50.060301 67.078 23.0480
50.423059 67.541 21.8969
50.788445 67.978 20.1147
51.156479 68.374 17.7642
51.527180 68.720 14.9102
51.900567 69.009 11.6156
52.276660 69.240 7.9391
52.655478 69.411 3.9351
53.037042 69.523 -0.3471
53.421370 69.577 -4.8643
53.808483 69.573 -9.5823
54.198402 69.513 -14.4786
54.591146 69.397 -19.5441
54.986736 69.228 -24.7871
55.385192 69.005 -30.2334
55.786536 68.732 -35.9276
56.190788 68.413 -41.9342
56.597970 68.052 -48.3396
57.008102 67.655 -55.2546
57.421206 67.231 -62.8163
57.837304 66.793 -71.1868
58.256417 66.364 -80.5446
58.678567 65.977 -91.0596
59.103776 65.678 -102.8378
59.532067 65.525 -115.8401
59.963460 65.572 -129.8073
60.397980 65.850 -144.2594
60.835649 66.351 -158.6232
61.276489 67.026 -172.4240
61.720524 67.810 174.6161
62.167776 68.638 162.5750
62.618270 69.459 151.4049
63.072027 70.239 140.9944
63.529073 70.955 131.2236
63.989431 71.596 121.9986
64.453125 72.155 113.2446
64.920179 72.627 104.8922
65.390617 73.014 96.8881
65.864465 73.315 89.2069
66.341746 73.532 81.8303
66.822485 73.663 74.7325
67.306709 73.711 67.9145
67.794441 73.675 61.3868
68.285707 73.553 55.1513
68.780534 73.346 49.2319
69.278946 73.049 43.6663
69.780970 72.659 38.4924
70.286631 72.170 33.7840
70.795957 71.576 29.6435
71.308974 70.871 26.2209
71.825708 70.048 23.7500
72.346187 69.111 22.5778
72.870437 68.081 23.2142
73.398486 67.029 26.3340
73.930362 66.114 32.5820
74.466092 65.601 41.8550
75.005704 65.726 52.4592
75.549226 66.478 61.6657
76.096687 67.608 67.8460
76.648115 68.854 70.9455
77.203539 70.060 71.6448
77.762987 71.160 70.6394
78.326490 72.133 68.4660
78.894076 72.979 65.5024
79.465775 73.704 62.0076
80.041617 74.320 58.1628
80.621631 74.837 54.0965
81.205849 75.265 49.8939
81.794300 75.612 45.6227
82.387015 75.885 41.3226
82.984025 76.092 37.0265
83.585362 76.236 32.7566
84.191056 76.322 28.5280
84.801139 76.353 24.3580
85.415643 76.330 20.2623
86.034600 76.252 16.2610
86.658042 76.120 12.3851
87.286002 75.933 8.6715
87.918512 75.692 5.1666
88.555606 75.398 1.9269
89.197317 75.054 -0.9848
89.843677 74.665 -3.5044
90.494721 74.240 -5.5693
91.150484 73.789 -7.1243
91.810997 73.326 -8.1293
92.476298 72.866 -8.5645
93.146419 72.428 -8.4356
93.821397 72.027 -7.7786
94.501265 71.679 -6.6602
95.186060 71.394 -5.1715
95.875818 71.180 -3.4206
96.570573 71.041 -1.5187
97.270363 70.975 0.4266
97.975225 70.978 2.3196
98.685194 71.042 4.0815
99.400307 71.158 5.6525
100.120603 71.315 6.9949
100.846118 71.502 8.0951
101.576890 71.708 8.9653
102.312958 71.927 9.6428
103.054360 72.152 10.1846
103.801135 72.384 10.6567
104.553320 72.630 11.1161
105.310957 72.899 11.5910
106.074084 73.203 12.0623
106.842740 73.554 12.4556
107.616967 73.955 12.6510
108.396804 74.405 12.5114
109.182291 74.889 11.9184
109.973471 75.390 10.7964
110.770384 75.888 9.1222
111.573072 76.364 6.9184
112.381577 76.802 4.2402
113.195940 77.191 1.1608
114.016204 77.522 -2.2402
114.842413 77.791 -5.8807
115.674608 77.996 -9.6802
116.512834 78.135 -13.5607
117.357134 78.212 -17.4504
118.207552 78.228 -21.2811
119.064133 78.191 -24.9915
119.926921 78.107 -28.5321
120.795961 77.982 -31.8649
121.671298 77.825 -34.9673
122.552979 77.645 -37.8328
123.441048 77.448 -40.4704
124.335553 77.241 -42.9005
125.236539 77.027 -45.1501
126.144055 76.808 -47.2455
127.058147 76.583 -49.2050
127.978862 76.351 -51.0336
128.906250 76.111 -52.7217
129.840358 75.862 -54.2452
130.781235 75.606 -55.5701
131.728929 75.347 -56.6573
132.683491 75.092 -57.4722
133.644971 74.851 -57.9929
134.613417 74.636 -58.2230
135.588882 74.462 -58.2006
136.571415 74.340 -58.0036
137.561067 74.278 -57.7474
138.557891 74.277 -57.5673
139.561939 74.330 -57.5932
140.573262 74.424 -57.9241
141.591914 74.540 -58.6104
142.617948 74.662 -59.6506
143.651416 74.776 -61.0010
144.692373 74.872 -62.5927
145.740874 74.947 -64.3493
146.796972 75.001 -66.2030
147.860724 75.037 -68.1075
148.932184 75.063 -70.0436
150.011408 75.084 -72.0185
151.098452 75.103 -74.0590
152.193374 75.121 -76.2011
153.296230 75.136 -78.4816
154.407077 75.143 -80.9314
155.525975 75.139 -83.5720
156.652980 75.117 -86.4139
157.788152 75.068 -89.4562
158.931550 74.987 -92.6859
160.083234 74.868 -96.0787
161.243263 74.705 -99.6003
162.411698 74.493 -103.2078
163.588600 74.231 -106.8529
164.774030 73.916 -110.4860
165.968051 73.549 -114.0587
167.170724 73.134 -117.5271
168.382112 72.675 -120.8556
169.602278 72.178 -124.0240
170.831286 71.650 -127.0359
172.069200 71.100 -129.9272
173.316084 70.534 -132.7759
174.572004 69.954 -135.7036
175.837025 69.355 -138.8730
177.111212 68.721 -142.4745
178.394633 68.028 -146.7218
179.687354 67.238 -151.8531
180.989443 66.303 -158.1606
182.300967 65.166 -166.0691
183.621995 63.763 -176.3140
184.952596 62.059 169.6542
186.292838 60.189 148.9519
187.642793 58.872 117.8894
189.002530 59.325 80.9899
190.372120 61.290 51.5831
191.751635 63.530 31.5411
193.141147 65.512 16.9896
194.540727 67.158 5.3938
195.950449 68.504 -4.4835
197.370387 69.598 -13.2489
198.800614 70.484 -21.2145
200.241205 71.197 -28.5469
201.692236 71.764 -35.3363
203.153781 72.210 -41.6304
204.625917 72.555 -47.4526
206.108721 72.818 -52.8171
207.602269 73.020 -57.7408
209.106641 73.179 -62.2535
210.621914 73.311 -66.4049
212.148167 73.432 -70.2675
213.685480 73.552 -73.9324
215.233933 73.675 -77.4993
216.793607 73.801 -81.0636
218.364583 73.926 -84.7043
219.946943 74.042 -88.4779
221.540769 74.141 -92.4150
223.146145 74.212 -96.5234
224.763154 74.247 -100.7897
226.391880 74.237 -105.1825
228.032409 74.177 -109.6573
229.684826 74.060 -114.1594
231.349217 73.885 -118.6270
233.025668 73.649 -122.9926
234.714269 73.353 -127.1874
236.415105 72.998 -131.1393
238.128266 72.588 -134.7711
239.853842 72.129 -138.0015
241.591922 71.632 -140.7443
243.342596 71.111 -142.9150
245.105957 70.586 -144.4459
246.882096 70.086 -145.3114
248.671105 69.644 -145.5621
250.473079 69.290 -145.3502
252.288110 69.047 -144.9270
254.116293 68.918 -144.5956
255.957725 68.887 -144.6355
257.812500 68.925 -145.2399
259.680716 68.997 -146.4928
261.562469 69.070 -148.3860
263.457859 69.119 -150.8531
265.366983 69.124 -153.8014
267.289941 69.073 -157.1344
269.226835 68.956 -160.7637
271.177763 68.768 -164.6129
273.142829 68.503 -168.6173
275.122135 68.155 -172.7178
277.115783 67.715 -176.8541
279.123878 67.174 179.0453
281.146525 66.521 175.0762
283.183828 65.741 171.3741
285.235895 64.822 168.1304
287.302832 63.751 165.6145
289.384747 62.523 164.2046
291.481748 61.148 164.4249
293.593945 59.670 166.9673
295.721448 58.199 172.6106
297.864367 56.951 -178.1849
300.022815 56.217 -166.1357
302.196904 56.181 -153.5000
304.386747 56.755 -142.6702
306.592459 57.695 -134.6797
308.814155 58.788 -129.4421
311.051949 59.909 -126.5310
313.305960 60.986 -125.5330
315.576304 61.980 -126.0981
317.863100 62.863 -127.9194
320.166467 63.619 -130.7163
322.486525 64.242 -134.2345
324.823396 64.726 -138.2482
327.177200 65.076 -142.5627
329.548061 65.295 -147.0142
331.936102 65.389 -151.4655
334.341448 65.366 -155.8004
336.764224 65.230 -159.9137
339.204556 64.985 -163.7017
341.662572 64.637 -167.0492
344.138400 64.188 -169.8174
346.632169 63.647 -171.8292
349.144008 63.027 -172.8616
351.674050 62.357 -172.6473
354.222425 61.685 -170.9127
356.789266 61.089 -167.4730
359.374709 60.674 -162.3938
361.978886 60.544 -156.1431
364.601934 60.758 -149.5603
367.243990 61.301 -143.5641
369.905191 62.099 -138.8240
372.585677 63.059 -135.6471
375.285586 64.097 -134.0651
378.005060 65.148 -133.9578
380.744241 66.168 -135.1400
383.503270 67.127 -137.4067
386.282293 68.004 -140.5558
389.081454 68.790 -144.3977
391.900899 69.480 -148.7620
394.740774 70.072 -153.5016
397.601228 70.571 -158.4933
400.482411 70.981 -163.6361
403.384471 71.306 -168.8500
406.307562 71.554 -174.0691
409.251834 71.729 -179.2384
412.217441 71.838 175.6923
415.204539 71.886 170.7667
418.213282 71.880 166.0181
421.243828 71.829 161.4637
424.296334 71.738 157.1025
427.370960 71.614 152.9182
430.467867 71.456 148.8885
433.587214 71.263 144.9955
436.729166 71.032 141.2356
439.893885 70.757 137.6281
443.081538 70.431 134.2167
446.292289 70.052 131.0687
449.526307 69.615 128.2766
452.783760 69.121 125.9590
456.064818 68.576 124.2620
459.369652 67.992 123.3553
462.698433 67.395 123.4139
466.051337 66.824 124.5787
469.428537 66.333 126.8904
472.830210 65.984 130.2170
476.256532 65.827 134.2228
479.707684 65.890 138.4257
483.183843 66.161 142.3353
486.685192 66.605 145.5800
490.211914 67.171 147.9539
493.764192 67.811 149.3945
497.342210 68.485 149.9371
500.946157 69.162 149.6746
504.576220 69.821 148.7302
508.232587 70.449 147.2372
511.915450 71.043 145.3203
515.625000 71.602 143.0811
519.361431 72.133 140.5846
523.124938 72.641 137.8564
526.915717 73.130 134.8867
530.733966 73.599 131.6454
534.579883 74.047 128.0989
538.453669 74.464 124.2266
542.355526 74.840 120.0347
546.285658 75.165 115.5580
550.244269 75.431 110.8579
554.231566 75.633 106.0121
558.247756 75.769 101.1052
562.293050 75.843 96.2153
566.367657 75.858 91.4045
570.471790 75.824 86.7124
574.605664 75.746 82.1532
578.769494 75.630 77.7189
582.963496 75.478 73.3885
587.187890 75.289 69.1403
591.442895 75.059 64.9661
595.728734 74.780 60.8834
600.045630 74.446 56.9435
604.393808 74.051 53.2332
608.773495 73.593 49.8715
613.184919 73.078 46.9991
617.628309 72.518 44.7615
622.103899 71.937 43.2842
626.611920 71.366 42.6406
631.152608 70.842 42.8197
635.726200 70.404 43.7006
640.332934 70.083 45.0529
644.973051 69.892 46.5721
649.646791 69.825 47.9440
654.354400 69.859 48.9097
659.096122 69.959 49.3167
663.872204 70.084 49.1333
668.682895 70.204 48.4343
673.528447 70.296 47.3625
678.409112 70.350 46.0912
683.325144 70.367 44.7799
688.276800 70.360 43.5444
693.264337 70.344 42.4346
698.288016 70.336 41.4309
703.348099 70.348 40.4540
708.444849 70.384 39.3882
713.578533 70.438 38.1117
718.749417 70.496 36.5299
723.957772 70.537 34.6031
729.203868 70.540 32.3594
734.487980 70.483 29.8932
739.810383 70.354 27.3568
745.171354 70.146 24.9427
750.571172 69.866 22.8656
756.010121 69.532 21.3340
761.488482 69.177 20.5087
767.006541 68.847 20.4426
772.564587 68.589 21.0247
778.162908 68.443 21.9628
783.801797 68.419 22.8560
789.481548 68.498 23.3275
795.202457 68.642 23.1404
800.964822 68.802 22.2301
806.768943 68.941 20.6669
812.615123 69.032 18.5950
818.503667 69.058 16.1808
824.434882 69.016 13.5780
830.409077 68.907 10.9087
836.426564 68.737 8.2534
842.487656 68.512 5.6499
848.592668 68.236 3.1029
854.741921 67.907 0.6011
860.935733 67.520 -1.8633
867.174428 67.063 -4.2742
873.458332 66.523 -6.5782
879.787771 65.883 -8.6735
886.163076 65.124 -10.3945
892.584579 64.230 -11.4872
899.052614 63.191 -11.5688
905.567520 62.012 -10.0747
912.129636 60.743 -6.2145
918.739303 59.521 0.9187
925.396867 58.619 11.7169
932.102674 58.363 24.8141
938.857074 58.845 37.0929
945.660420 59.814 46.2001
952.513065 60.951 51.8546
959.415367 62.054 54.8252
966.367686 63.036 55.9744
973.370385 63.870 55.9861
980.423828 64.557 55.3694
987.528383 65.115 54.5116
994.684421 65.568 53.7117
1001.892314 65.950 53.1917
1009.152439 66.303 53.0815
1016.465174 66.675 53.3870
1023.830899 67.107 53.9591
1031.250000 67.626 54.5033
1038.722863 68.231 54.6572
1046.249877 68.895 54.1094
1053.831435 69.577 52.6913
1061.467932 70.231 50.3953
1069.159766 70.820 47.3356
1076.907338 71.320 43.6942
1084.711053 71.716 39.6763
1092.571316 72.005 35.4844
1100.488538 72.190 31.3041
1108.463132 72.280 27.2970
1116.495513 72.293 23.5983
1124.586099 72.246 20.3071
1132.735314 72.165 17.4768
1140.943581 72.074 15.1045
1149.211328 71.995 13.1233
1157.538987 71.947 11.4084
1165.926992 71.937 9.7959
1174.375780 71.963 8.1174
1182.885791 72.010 6.2397
1191.457469 72.060 4.0916
1200.091261 72.091 1.6704
1208.787617 72.083 -0.9642
1217.546990 72.025 -3.7064
1226.369837 71.911 -6.4242
1235.256619 71.742 -8.9784
1244.207797 71.530 -11.2444
1253.223840 71.291 -13.1329
1262.305217 71.048 -14.6147
1271.452400 70.823 -15.7333
1280.665869 70.634 -16.6030
1289.946102 70.487 -17.3821
1299.293583 70.380 -18.2296
1308.708800 70.297 -19.2639
1318.192243 70.220 -20.5385
1327.744407 70.130 -22.0402
1337.365791 70.011 -23.7045
1347.056895 69.852 -25.4355
1356.818224 69.651 -27.1254
1366.650288 69.411 -28.6713
1376.553600 69.140 -29.9917
1386.528674 68.849 -31.0398
1396.576033 68.551 -31.8091
1406.696198 68.257 -32.3291
1416.889699 67.974 -32.6530
1427.157066 67.704 -32.8384
1437.498834 67.446 -32.9352
1447.915543 67.195 -32.9772
1458.407736 66.945 -32.9800
1468.975960 66.687 -32.9409
1479.620765 66.414 -32.8353
1490.342707 66.117 -32.6061
1501.142345 65.788 -32.1517
1512.020241 65.425 -31.3157
1522.976963 65.038 -29.8889
1534.013082 64.653 -27.6385
1545.129173 64.322 -24.3828
1556.325816 64.117 -20.1261
1567.603594 64.112 -15.1936
1578.963096 64.347 -10.2264
1590.404914 64.802 -5.9399
1601.929643 65.410 -2.8218
1613.537886 66.089 -1.0181
1625.230247 66.772 -0.4225
1637.007335 67.417 -0.8151
1648.869765 67.997 -1.9534
1660.818155 68.503 -3.6151
1672.853128 68.934 -5.6112
1684.975311 69.295 -7.7896
1697.185337 69.597 -10.0393
1709.483841 69.851 -12.2916
1721.871466 70.069 -14.5175
1734.348856 70.261 -16.7213
1746.916663 70.431 -18.9275
1759.575541 70.583 -21.1636
1772.326151 70.716 -23.4460
1785.169157 70.827 -25.7732
1798.105229 70.917 -28.1300
1811.135040 70.986 -30.4976
1824.259271 71.036 -32.8634
1837.478606 71.069 -35.2280
1850.793734 71.088 -37.6047
1864.205348 71.093 -40.0142
1877.714148 71.081 -42.4775
1891.320839 71.050 -45.0109
1905.026130 70.994 -47.6193
1918.830734 70.907 -50.2968
1932.735373 70.785 -53.0249
1946.740770 70.619 -55.7706
1960.847656 70.406 -58.4871
1975.056766 70.140 -61.1141
1989.368842 69.819 -63.5781
2003.784629 69.444 -65.7919
2018.304878 69.015 -67.6542
2032.930347 68.540 -69.0505
2047.661799 68.030 -69.8593
2062.500000 67.507 -69.9673
2077.445725 66.999 -69.2982
2092.499753 66.543 -67.8531
2107.662869 66.176 -65.7448
2122.935863 65.928 -63.2031
2138.319531 65.810 -60.5300
2153.814676 65.815 -58.0187
2169.422105 65.919 -55.8813
2185.142632 66.093 -54.2222
2200.977076 66.308 -53.0555
2216.926264 66.544 -52.3395
2232.991025 66.785 -52.0062
2249.172199 67.024 -51.9839
2265.470628 67.258 -52.2119
2281.887162 67.487 -52.6504
2298.422657 67.713 -53.2837
2315.077975 67.935 -54.1172
2331.853984 68.152 -55.1682
2348.751559 68.359 -56.4542
2365.771581 68.548 -57.9795
2382.914937 68.714 -59.7305
2400.182521 68.847 -61.6743
2417.575233 68.943 -63.7629
2435.093980 68.996 -65.9368
2452.739675 69.005 -68.1279
2470.513237 68.970 -70.2628
2488.415595 68.895 -72.2684
2506.447680 68.788 -74.0793
2524.610433 68.659 -75.6487
2542.904801 68.519 -76.9559
2561.331737 68.379 -78.0104
2579.892203 68.251 -78.8484
2598.587165 68.140 -79.5226
2617.417599 68.051 -80.0917
2636.384486 67.983 -80.6090
2655.488815 67.933 -81.1168
2674.731581 67.898 -81.6432
2694.113789 67.874 -82.1998
2713.636448 67.856 -82.7845
2733.300577 67.843 -83.3838
2753.107199 67.835 -83.9790
2773.057349 67.832 -84.5535
2793.152066 67.838 -85.1003
2813.392397 67.856 -85.6290
2833.779398 67.891 -86.1649
2854.314132 67.942 -86.7449
2874.997668 68.008 -87.4084
2895.831087 68.086 -88.1893
2916.815472 68.170 -89.1083
2937.951920 68.254 -90.1707
2959.241530 68.333 -91.3674
2980.685414 68.402 -92.6792
3002.284690 68.459 -94.0837
3024.040482 68.500 -95.5581
3045.953926 68.525 -97.0807
3068.026164 68.531 -98.6273
3090.258346 68.517 -100.1675
3112.651632 68.484 -101.6609
3135.207189 68.432 -103.0599
3157.926192 68.368 -104.3151
3180.809827 68.298 -105.3876
3203.859287 68.236 -106.2635
3227.075772 68.192 -106.9661
3250.460493 68.177 -107.5566
3274.014670 68.197 -108.1271
3297.739530 68.251 -108.7808
3321.636310 68.330 -109.6123
3345.706256 68.425 -110.6849
3369.950622 68.521 -112.0216
3394.370674 68.602 -113.6058
3418.967683 68.658 -115.3894
3443.742932 68.681 -117.3027
3468.697713 68.667 -119.2687
3493.833326 68.614 -121.2115
3519.151083 68.526 -123.0634
3544.652302 68.407 -124.7664
3570.338314 68.263 -126.2733
3596.210457 68.099 -127.5436
3622.270081 67.924 -128.5402
3648.518543 67.748 -129.2285
3674.957212 67.582 -129.5820
3701.587467 67.442 -129.5941
3728.410696 67.346 -129.2983
3755.428297 67.312 -128.7870
3782.641678 67.351 -128.2144
3810.052259 67.465 -127.7734
3837.661468 67.640 -127.6512
3865.470745 67.855 -127.9772
3893.481540 68.082 -128.7972
3921.695312 68.297 -130.0762
3950.113533 68.477 -131.7186
3978.737684 68.612 -133.5985
4007.569257 68.699 -135.5828
4036.609756 68.737 -137.5474
4065.860694 68.737 -139.3929
4095.323597 68.710 -141.0536
4125.000000 68.670 -142.5045
4154.891450 68.629 -143.7620
4184.999507 68.598 -144.8744
4215.325738 68.582 -145.9069
4245.871726 68.579 -146.9210
4276.639063 68.586 -147.9586
4307.629353 68.599 -149.0332
4338.844211 68.614 -150.1338
4370.285264 68.630 -151.2402
4401.954153 68.649 -152.3424
4433.852527 68.674 -153.4541
4465.982050 68.707 -154.6130
4498.344397 68.744 -155.8673
4530.941255 68.778 -157.2513
4563.774323 68.799 -158.7668
4596.845313 68.798 -160.3760
4630.155949 68.769 -162.0084
4663.707968 68.712 -163.5803
4697.503118 68.632 -165.0165
4731.543162 68.538 -166.2703
4765.829875 68.442 -167.3356
4800.365042 68.353 -168.2468
4835.150466 68.277 -169.0620
4870.187960 68.213 -169.8397
4905.479349 68.159 -170.6215
4941.026475 68.108 -171.4210
4976.831190 68.056 -172.2272
5012.895360 68.000 -173.0131
5049.220866 67.942 -173.7505
5085.809602 67.883 -174.4207
5122.663475 67.828 -175.0239
5159.784406 67.780 -175.5809
5197.174331 67.741 -176.1278
5234.835198 67.707 -176.7034
5272.768972 67.672 -177.3319
5310.977630 67.628 -178.0079
5349.463163 67.567 -178.6886
5388.227578 67.486 -179.2983
5427.272896 67.386 -179.7406
5466.601153 67.277 -179.9214
5506.214398 67.173 -179.7747
5546.114698 67.098 -179.2900
5586.304131 67.074 -178.5317
5626.784794 67.117 -177.6400
5667.558796 67.234 -176.8091
5708.628263 67.418 -176.2432
5749.995337 67.649 -176.1046
5791.662173 67.900 -176.4790
5833.630945 68.142 -177.3640
5875.903839 68.351 -178.6830
5918.483061 68.509 179.6931
5961.370829 68.608 177.9207
6004.569379 68.648 176.1588
6048.080964 68.639 174.5486
6091.907852 68.595 173.1904
6136.052328 68.538 172.1218
6180.516692 68.488 171.3063
6225.303264 68.457 170.6410
6270.414377 68.451 169.9894
6315.852385 68.462 169.2286
6361.619655 68.474 168.2905
6407.718573 68.469 167.1809
6454.151543 68.432 165.9739
6500.920986 68.357 164.7906
6548.029339 68.245 163.7683
6595.479059 68.106 163.0288
6643.272619 67.961 162.6466
6691.412511 67.833 162.6207
6739.901245 67.741 162.8629
6788.741347 67.699 163.2163
6837.935366 67.704 163.5032
6887.485864 67.741 163.5878
6937.395426 67.789 163.4203
6987.666653 67.828 163.0454
7038.302166 67.845 162.5767
7089.304605 67.841 162.1520
7140.676628 67.824 161.8821
7192.420915 67.814 161.8115
7244.540162 67.828 161.8978
7297.037086 67.881 162.0197
7349.914425 67.971 162.0194
7403.174934 68.087 161.7573
7456.821392 68.209 161.1589
7510.856593 68.314 160.2323
7565.283356 68.383 159.0624
7620.104518 68.406 157.7847
7675.322937 68.382 156.5524
7730.941491 68.319 155.5005
7786.963080 68.234 154.7134
7843.390624 68.150 154.2018
7900.227066 68.082 153.8989
7957.475368 68.040 153.6844
8015.138515 68.022 153.4310
8073.219512 68.017 153.0525
8131.721389 68.011 152.5320
8190.647194 67.990 151.9172
8250.000000 67.950 151.2972
8309.782901 67.893 150.7622
8369.999013 67.829 150.3668
8430.651476 67.770 150.1080
8491.743452 67.723 149.9310
8553.278126 67.691 149.7595
8615.258705 67.666 149.5383
8677.688421 67.643 149.2635
8740.570528 67.615 148.9819
8803.908306 67.584 148.7627
8867.705054 67.560 148.6537
8931.964101 67.555 148.6415
8996.688794 67.580 148.6381
9061.882510 67.636 148.5043
9127.548646 67.713 148.1066
9193.690626 67.790 147.3737
9260.311899 67.845 146.3259
9327.415936 67.860 145.0651
9395.006237 67.827 143.7378
9463.086325 67.749 142.4894
9531.659749 67.638 141.4220
9600.730085 67.511 140.5698
9670.300933 67.380 139.9005
9740.375920 67.253 139.3456
9810.958699 67.130 138.8430
9882.052950 67.006 138.3701
9953.662379 66.879 137.9469
10025.790720 66.749 137.6118
10098.441732 66.621 137.3872
10171.619204 66.504 137.2549
10245.326950 66.401 137.1604
10319.568812 66.310 137.0422
10394.348662 66.226 136.8660
10469.670397 66.142 136.6390
10545.537944 66.058 136.3970
10621.955259 65.973 136.1702
10698.926326 65.894 135.9553
10776.455156 65.823 135.7096
10854.545793 65.757 135.3741
10933.202306 65.690 134.9108
11012.428797 65.610 134.3285
11092.229396 65.510 133.6833
11172.608262 65.389 133.0537
11253.569587 65.252 132.5046
11335.117592 65.107 132.0616
11417.256526 64.962 131.7097
11499.990673 64.822 131.4088
11583.324346 64.687 131.1196
11667.261890 64.556 130.8192
11751.807679 64.427 130.4987
11836.966122 64.299 130.1511
11922.741658 64.170 129.7637
12009.138758 64.038 129.3220
12096.161928 63.897 128.8267
12183.815704 63.743 128.3021
12272.104655 63.577 127.7903
12361.033384 63.399 127.3293
12450.606528 63.217 126.9326
12540.828755 63.034 126.5801
12631.704770 62.852 126.2356
12723.239310 62.669 125.8704
12815.437146 62.482 125.4819
12908.303087 62.287 125.0896
13001.841972 62.086 124.7156
13096.058679 61.880 124.3683
13190.958118 61.672 124.0381
13286.545239 61.462 123.7073
13382.825022 61.251 123.3606
13479.802489 61.037 122.9891
13577.482695 60.819 122.5865
13675.870731 60.594 122.1444
13774.971728 60.360 121.6555
13874.790852 60.113 121.1240
13975.333306 59.849 120.5712
14076.604332 59.566 120.0312
14178.609210 59.263 119.5439
14281.353257 58.944 119.1465
14384.841829 58.612 118.8701
14489.080323 58.274 118.7363
14594.074172 57.937 118.7491
14699.828849 57.610 118.8861
14806.349869 57.299 119.0941
14913.642783 57.008 119.2969
15021.713187 56.733 119.4160
15130.566713 56.465 119.3984
15240.209036 56.196 119.2268
15350.645874 55.918 118.9175
15461.882981 55.625 118.5033
15573.926159 55.316 118.0162
15686.781248 54.992 117.4729
15800.454132 54.656 116.8649
15914.950735 54.306 116.1614
16030.277029 53.941 115.3208
16146.439024 53.552 114.3070
16263.442778 53.129 113.1056
16381.294388 52.662 111.7244
16500.000000 52.140 110.1873
16619.565802 51.554 108.5229
16739.998026 50.892 106.7600
16861.302953 50.141 104.9338
16983.486905 49.284 103.0957
17106.556252 48.302 101.3187
17230.517410 47.173 99.6998
17355.376842 45.863 98.3674
17481.141057 44.331 97.5032
17607.816611 42.505 97.3885
17735.410109 40.269 98.6431
17863.928201 37.444 102.9580
17993.377589 33.897 115.8153
18123.765020 30.907 155.5251
18255.097293 32.449 -154.6647
18387.381253 35.875 -136.4875
18520.623797 38.690 -130.4490
18654.831872 40.865 -128.3286
18790.012473 42.609 -127.8389
18926.172650 44.066 -128.2323
19063.319498 45.323 -129.2510
19201.460170 46.429 -130.7970
19340.601866 47.413 -132.8105
19480.751839 48.294 -135.2319
19621.917398 49.083 -138.0000
19764.105900 49.794 -141.0662
19907.324758 50.436 -144.4036
20051.581440 51.013 -147.9523
20196.883465 51.531 -151.5421
20343.238408 52.000 -155.3795
20490.653899 52.422 -159.4720
20639.137624 52.798 -163.8240
20788.697323 53.125 -168.4327
20939.340794 53.398 -173.2893
21091.075889 53.613 -178.3806
21243.910519 53.758 176.3101
21397.852652 53.820 170.8020
21552.910313 53.780 165.1190
21709.091586 53.612 159.2920
21866.404612 53.283 153.3591
22024.857594 52.751 147.3632
22184.458791 51.964 141.3479
22345.216524 50.858 135.3539
22507.139175 49.352 129.4153
22670.235183 47.348 123.5583
22834.513052 44.723 117.8019
22999.981347 41.329 112.1580
23166.648693 36.990 106.6320
23334.523779 31.526 101.2253
23503.615358 24.822 95.9346
23673.932243 16.960 90.7531
23845.483315 8.666 85.6721
