* Measurement data measured by REW V5.40 beta 133
* Source: 
* Format: 
* Dated: Sep 1, 2026, 11:56:56 AM
* REW Settings:
*  C-weighting compensation: Off
*  Target level: 75.0 dB
* Note: ; Minimum phase copy of Fl Cal file effects not included No LF tail No HF tail
* Measurement: LFilter
* Smoothing: 1/48 octave
* Frequency Step: 96 ppo
* Start Frequency: 16.113281 Hz
*
* Freq(Hz) SPL(dB) Phase(degrees)
16.113281 0.000 -0.7929
16.230045 0.000 -0.7988
16.347654 -0.000 -0.8048
16.466116 -0.000 -0.8109
16.585436 -0.000 -0.8170
16.705621 0.000 -0.8231
16.826677 0.000 -0.8293
16.948610 0.000 -0.8355
17.071427 -0.000 -0.8418
17.195133 -0.000 -0.8482
17.319736 -0.000 -0.8546
17.445242 0.000 -0.8610
17.571658 0.000 -0.8675
17.698989 0.000 -0.8741
17.827243 -0.000 -0.8807
17.956427 -0.000 -0.8873
18.086547 -0.000 -0.8940
18.217609 0.000 -0.9008
18.349622 0.000 -0.9076
18.482590 0.000 -0.9145
18.616523 -0.000 -0.9215
18.751426 -0.000 -0.9284
18.887307 0.000 -0.9355
19.024172 0.000 -0.9426
19.162029 0.000 -0.9498
19.300885 -0.000 -0.9570
19.440747 -0.000 -0.9643
19.581622 -0.000 -0.9717
19.723519 0.000 -0.9791
19.866444 0.000 -0.9865
20.010404 -0.000 -0.9941
20.155408 -0.000 -1.0017
20.301462 -0.000 -1.0093
20.448575 0.000 -1.0171
20.596754 0.000 -1.0249
20.746006 -0.000 -1.0327
20.896340 -0.000 -1.0407
21.047764 -0.000 -1.0487
21.200285 0.000 -1.0567
21.353911 0.000 -1.0649
21.508650 -0.000 -1.0731
21.664511 -0.000 -1.0813
21.821501 0.000 -1.0897
21.979628 0.000 -1.0981
22.138902 0.000 -1.1066
22.299329 -0.000 -1.1152
22.460919 -0.000 -1.1238
22.623680 0.000 -1.1325
22.787621 0.000 -1.1413
22.952749 -0.000 -1.1502
23.119074 -0.000 -1.1591
23.286605 0.000 -1.1682
23.455349 0.000 -1.1773
23.625316 -0.000 -1.1865
23.796515 -0.000 -1.1957
23.968954 -0.000 -1.2051
24.142643 0.000 -1.2145
24.317591 0.000 -1.2240
24.493806 -0.000 -1.2336
24.671298 -0.000 -1.2433
24.850077 0.000 -1.2531
25.030151 0.000 -1.2630
25.211529 -0.000 -1.2730
25.394223 -0.000 -1.2830
25.578240 0.000 -1.2932
25.763590 0.000 -1.3034
25.950284 -0.000 -1.3137
26.138330 -0.000 -1.3242
26.327739 0.000 -1.3347
26.518521 0.000 -1.3453
26.710685 -0.000 -1.3560
26.904242 -0.000 -1.3669
27.099201 0.000 -1.3778
27.295573 -0.000 -1.3888
27.493368 -0.000 -1.4000
27.692596 0.000 -1.4112
27.893268 0.000 -1.4226
28.095394 -0.000 -1.4340
28.298985 -0.000 -1.4456
28.504051 0.000 -1.4573
28.710603 0.000 -1.4691
28.918652 -0.000 -1.4810
29.128209 -0.000 -1.4930
29.339284 0.000 -1.5052
29.551888 -0.000 -1.5175
29.766033 -0.000 -1.5299
29.981730 0.000 -1.5424
30.198990 -0.000 -1.5550
30.417825 -0.000 -1.5678
30.638245 0.000 -1.5807
30.860262 0.000 -1.5937
31.083888 -0.000 -1.6069
31.309135 -0.000 -1.6202
31.536014 0.000 -1.6336
31.764537 -0.000 -1.6472
31.994716 -0.000 -1.6609
32.226563 0.000 -1.6748
32.460089 -0.000 -1.6888
32.695309 -0.000 -1.7030
32.932232 0.000 -1.7173
33.170873 -0.000 -1.7317
33.411243 -0.000 -1.7463
33.653354 0.000 -1.7611
33.897220 -0.000 -1.7760
34.142854 -0.000 -1.7911
34.390267 -0.000 -1.8064
34.639473 -0.000 -1.8218
34.890485 -0.000 -1.8374
35.143316 -0.000 -1.8532
35.397979 -0.000 -1.8692
35.654487 -0.000 -1.8853
35.912854 -0.000 -1.9017
36.173093 -0.000 -1.9182
36.435218 -0.000 -1.9349
36.699243 -0.000 -1.9518
36.965181 -0.000 -1.9688
37.233046 -0.000 -1.9861
37.502852 -0.000 -2.0036
37.774613 -0.000 -2.0213
38.048343 -0.000 -2.0393
38.324057 -0.000 -2.0574
38.601769 -0.000 -2.0758
38.881494 -0.000 -2.0943
39.163245 0.000 -2.1131
39.447038 -0.000 -2.1322
39.732888 -0.000 -2.1515
40.020808 -0.000 -2.1710
40.310816 -0.000 -2.1908
40.602924 0.000 -2.2108
40.897150 -0.000 -2.2311
41.193508 -0.000 -2.2517
41.492013 0.000 -2.2725
41.792681 -0.000 -2.2936
42.095528 0.000 -2.3150
42.400570 -0.000 -2.3366
42.707822 -0.000 -2.3586
43.017300 -0.000 -2.3809
43.329021 -0.000 -2.4034
43.643001 0.000 -2.4263
43.959256 -0.000 -2.4495
44.277803 0.000 -2.4731
44.598658 -0.000 -2.4970
44.921839 -0.000 -2.5212
45.247361 -0.000 -2.5458
45.575242 -0.000 -2.5707
45.905499 -0.000 -2.5960
46.238149 -0.000 -2.6217
46.573210 0.000 -2.6478
46.910698 -0.000 -2.6743
47.250633 0.000 -2.7012
47.593030 -0.000 -2.7285
47.937909 0.000 -2.7563
48.285287 -0.000 -2.7845
48.635182 0.000 -2.8132
48.987612 -0.000 -2.8423
49.342597 0.000 -2.8719
49.700154 -0.000 -2.9021
50.060301 0.000 -2.9327
50.423059 -0.000 -2.9639
50.788445 0.000 -2.9956
51.156479 -0.000 -3.0279
51.527180 0.000 -3.0607
51.900567 -0.000 -3.0942
52.276660 0.000 -3.1283
52.655478 -0.000 -3.1630
53.037042 0.000 -3.1984
53.421370 -0.000 -3.2344
53.808483 0.000 -3.2712
54.198402 -0.000 -3.3087
54.591146 0.000 -3.3469
54.986736 -0.000 -3.3860
55.385192 0.000 -3.4259
55.786536 -0.000 -3.4666
56.190788 -0.000 -3.5082
56.597970 -0.000 -3.5507
57.008102 -0.000 -3.5941
57.421206 0.000 -3.6385
57.837304 -0.000 -3.6840
58.256417 0.000 -3.7306
58.678567 -0.000 -3.7783
59.103776 -0.000 -3.8271
59.532067 -0.000 -3.8772
59.963460 -0.000 -3.9286
60.397980 0.000 -3.9813
60.835649 -0.000 -4.0354
61.276489 0.000 -4.0911
61.720524 -0.000 -4.1482
62.167776 -0.000 -4.2071
62.618270 0.000 -4.2677
63.072027 -0.000 -4.3301
63.529073 0.000 -4.3945
63.989431 0.000 -4.4609
64.453125 -0.000 -4.5296
64.920179 0.000 -4.6006
65.390617 -0.000 -4.6740
65.864465 -0.000 -4.7502
66.341746 0.000 -4.8292
66.822485 -0.000 -4.9112
67.306709 -0.000 -4.9965
67.794441 0.000 -5.0855
68.285707 -0.000 -5.1782
68.780534 -0.000 -5.2751
69.278946 0.000 -5.3766
69.780970 -0.000 -5.4831
70.286631 -0.000 -5.5951
70.795957 -0.000 -5.7131
71.308974 0.000 -5.8377
71.825708 -0.000 -5.9699
72.346187 -0.000 -6.1104
72.870437 0.000 -6.2604
73.398486 -0.000 -6.4210
73.930362 -0.000 -6.5939
74.466092 -0.000 -6.7811
75.005704 -0.000 -6.9848
75.549226 -0.000 -7.2082
76.096687 -0.000 -7.4550
76.648115 -0.000 -7.7307
77.203539 -0.000 -8.0421
77.762987 -0.000 -8.3997
78.326490 -0.000 -8.8182
78.894076 -0.001 -9.3228
79.465775 -0.006 -9.9623
80.041617 -0.025 -10.8504
80.621631 -0.087 -12.1140
81.205849 -0.236 -13.6081
81.794300 -0.490 -14.7493
82.387015 -0.801 -15.0947
82.984025 -1.110 -14.6851
83.585362 -1.386 -13.7798
84.191056 -1.615 -12.5516
84.801139 -1.795 -11.1025
85.415643 -1.925 -9.5042
86.034600 -2.005 -7.8167
86.658042 -2.037 -6.0935
87.286002 -2.021 -4.3839
87.918512 -1.959 -2.7355
88.555606 -1.852 -1.1960
89.197317 -1.704 0.1859
89.843677 -1.518 1.3613
90.494721 -1.299 2.2791
91.150484 -1.053 2.8839
91.810997 -0.790 3.1091
92.476298 -0.526 2.8573
93.146419 -0.292 2.0271
93.821397 -0.126 0.7326
94.501265 -0.041 -0.5982
95.186060 -0.011 -1.6364
95.875818 -0.002 -2.4090
96.570573 -0.000 -3.0350
97.270363 -0.000 -3.5779
97.975225 -0.000 -4.0679
98.685194 -0.000 -4.5225
99.400307 -0.000 -4.9537
100.120603 -0.000 -5.3701
100.846118 -0.000 -5.7785
101.576890 -0.000 -6.1846
102.312958 -0.000 -6.5936
103.054360 -0.000 -7.0104
103.801135 -0.000 -7.4398
104.553320 -0.000 -7.8871
105.310957 -0.000 -8.3583
106.074084 -0.000 -8.8606
106.842740 -0.000 -9.4031
107.616967 -0.000 -9.9977
108.396804 -0.000 -10.6617
109.182291 -0.001 -11.4225
109.973471 -0.007 -12.3317
110.770384 -0.028 -13.4941
111.573072 -0.092 -15.0137
112.381577 -0.233 -16.7176
113.195940 -0.456 -18.1449
114.016204 -0.730 -19.0319
114.842413 -1.021 -19.4216
115.674608 -1.305 -19.4256
116.512834 -1.570 -19.1369
117.357134 -1.813 -18.6346
118.207552 -2.030 -17.9864
119.064133 -2.225 -17.2432
119.926921 -2.400 -16.4356
120.795961 -2.559 -15.5751
121.671298 -2.703 -14.6587
122.552979 -2.834 -13.6748
123.441048 -2.950 -12.6114
124.335553 -3.047 -11.4641
125.236539 -3.121 -10.2428
126.144055 -3.168 -8.9739
127.058147 -3.185 -7.7014
127.978862 -3.170 -6.4832
128.906250 -3.125 -5.3840
129.840358 -3.056 -4.4669
130.781235 -2.973 -3.7834
131.728929 -2.886 -3.3624
132.683491 -2.809 -3.2019
133.644971 -2.755 -3.2660
134.613417 -2.733 -3.4854
135.588882 -2.749 -3.7657
136.571415 -2.805 -4.0008
137.561067 -2.896 -4.0883
138.557891 -3.013 -3.9476
139.561939 -3.142 -3.5290
140.573262 -3.269 -2.8189
141.591914 -3.382 -1.8392
142.617948 -3.468 -0.6426
143.651416 -3.520 0.6976
144.692373 -3.534 2.0990
145.740874 -3.511 3.4802
146.796972 -3.455 4.7696
147.860724 -3.373 5.9138
148.932184 -3.276 6.8856
150.011408 -3.171 7.6838
151.098452 -3.068 8.3291
152.193374 -2.972 8.8582
153.296230 -2.886 9.3180
154.407077 -2.812 9.7570
155.525975 -2.747 10.2207
156.652980 -2.688 10.7500
157.788152 -2.627 11.3793
158.931550 -2.555 12.1210
160.083234 -2.465 12.9325
161.243263 -2.353 13.7487
162.411698 -2.219 14.5364
163.588600 -2.061 15.2696
164.774030 -1.880 15.9108
165.968051 -1.678 16.4174
167.170724 -1.457 16.7477
168.382112 -1.223 16.8631
169.602278 -0.982 16.7308
170.831286 -0.741 16.3262
172.069200 -0.511 15.6245
173.316084 -0.307 14.5807
174.572004 -0.151 13.1904
175.837025 -0.058 11.6949
177.111212 -0.018 10.4161
178.394633 -0.004 9.4012
179.687354 -0.001 8.5559
180.989443 -0.000 7.8113
182.300967 -0.000 7.1310
183.621995 -0.000 6.4931
184.952596 -0.000 5.8822
186.292838 -0.000 5.2857
187.642793 -0.000 4.6921
189.002530 -0.000 4.0896
190.372120 -0.000 3.4647
191.751635 -0.000 2.8002
193.141147 -0.001 2.0709
194.540727 -0.004 1.2345
195.950449 -0.018 0.2040
197.370387 -0.068 -1.1918
198.800614 -0.201 -3.0168
200.241205 -0.447 -4.6508
201.692236 -0.769 -5.2835
203.153781 -1.091 -4.9522
204.625917 -1.365 -4.0910
206.108721 -1.577 -2.9990
207.602269 -1.731 -1.8313
209.106641 -1.839 -0.6738
210.621914 -1.911 0.4233
212.148167 -1.957 1.4335
213.685480 -1.987 2.3526
215.233933 -2.006 3.1974
216.793607 -2.021 4.0007
218.364583 -2.032 4.8009
219.946943 -2.039 5.6308
221.540769 -2.037 6.5095
223.146145 -2.023 7.4396
224.763154 -1.993 8.4090
226.391880 -1.944 9.3956
228.032409 -1.874 10.3723
229.684826 -1.782 11.3109
231.349217 -1.668 12.1828
233.025668 -1.534 12.9596
234.714269 -1.382 13.6143
236.415105 -1.215 14.1231
238.128266 -1.036 14.4650
239.853842 -0.849 14.6218
241.591922 -0.658 14.5747
243.342596 -0.469 14.2953
245.105957 -0.295 13.7292
246.882096 -0.154 12.8309
248.671105 -0.064 11.7584
250.473079 -0.021 10.8240
252.288110 -0.005 10.1198
254.116293 -0.001 9.5755
255.957725 -0.000 9.1290
257.812500 -0.000 8.7477
259.680716 -0.000 8.4140
261.562469 -0.000 8.1172
263.457859 -0.000 7.8499
265.366983 -0.000 7.6068
267.289941 -0.000 7.3841
269.226835 -0.000 7.1787
271.177763 -0.000 6.9882
273.142829 -0.000 6.8107
275.122135 -0.000 6.6445
277.115783 -0.000 6.4885
279.123878 -0.000 6.3414
281.146525 -0.000 6.2025
283.183828 -0.000 6.0708
285.235895 -0.000 5.9458
287.302832 -0.000 5.8267
289.384747 -0.000 5.7132
291.481748 -0.000 5.6047
293.593945 -0.000 5.5009
295.721448 -0.000 5.4014
297.864367 -0.000 5.3058
300.022815 -0.000 5.2140
302.196904 -0.000 5.1256
304.386747 -0.000 5.0404
306.592459 -0.000 4.9582
308.814155 -0.000 4.8789
311.051949 -0.000 4.8022
313.305960 -0.000 4.7279
315.576304 -0.000 4.6561
317.863100 -0.000 4.5864
320.166467 -0.000 4.5189
322.486525 -0.000 4.4533
324.823396 -0.000 4.3896
327.177200 -0.000 4.3277
329.548061 -0.000 4.2675
331.936102 -0.000 4.2090
334.341448 -0.000 4.1519
336.764224 -0.000 4.0964
339.204556 -0.000 4.0422
341.662572 -0.000 3.9894
344.138400 -0.000 3.9379
346.632169 -0.000 3.8876
349.144008 -0.000 3.8385
351.674050 -0.000 3.7905
354.222425 -0.000 3.7436
356.789266 -0.000 3.6977
359.374709 -0.000 3.6529
361.978886 -0.000 3.6090
364.601934 -0.000 3.5660
367.243990 -0.000 3.5240
369.905191 -0.000 3.4828
372.585677 -0.000 3.4424
375.285586 -0.000 3.4029
378.005060 -0.000 3.3641
380.744241 -0.000 3.3261
383.503270 -0.000 3.2888
386.282293 -0.000 3.2522
389.081454 -0.000 3.2163
391.900899 -0.000 3.1810
394.740774 -0.000 3.1464
397.601228 -0.000 3.1124
400.482411 -0.000 3.0790
403.384471 -0.000 3.0462
406.307562 -0.000 3.0139
409.251834 -0.000 2.9822
412.217441 -0.000 2.9510
415.204539 -0.000 2.9204
418.213282 -0.000 2.8902
421.243828 -0.000 2.8605
424.296334 -0.000 2.8314
427.370960 -0.000 2.8026
430.467867 -0.000 2.7744
433.587214 -0.000 2.7465
436.729166 -0.000 2.7191
439.893885 -0.000 2.6922
443.081538 -0.000 2.6656
446.292289 -0.000 2.6394
449.526307 -0.000 2.6136
452.783760 -0.000 2.5882
456.064818 -0.000 2.5631
459.369652 -0.000 2.5385
462.698433 -0.000 2.5141
466.051337 -0.000 2.4901
469.428537 -0.000 2.4665
472.830210 -0.000 2.4432
476.256532 -0.000 2.4201
479.707684 -0.000 2.3975
483.183843 -0.000 2.3751
486.685192 -0.000 2.3530
490.211914 -0.000 2.3312
493.764192 -0.000 2.3097
497.342210 -0.000 2.2885
500.946157 -0.000 2.2675
504.576220 -0.000 2.2468
508.232587 -0.000 2.2264
511.915450 -0.000 2.2063
515.625000 -0.000 2.1863
519.361431 -0.000 2.1667
523.124938 -0.000 2.1473
526.915717 -0.000 2.1281
530.733966 -0.000 2.1092
534.579883 -0.000 2.0905
538.453669 -0.000 2.0720
542.355526 -0.000 2.0537
546.285658 -0.000 2.0357
550.244269 -0.000 2.0178
554.231566 -0.000 2.0002
558.247756 -0.000 1.9828
562.293050 -0.000 1.9656
566.367657 -0.000 1.9486
570.471790 -0.000 1.9317
574.605664 -0.000 1.9151
578.769494 -0.000 1.8987
582.963496 -0.000 1.8824
587.187890 -0.000 1.8663
591.442895 -0.000 1.8504
595.728734 -0.000 1.8347
600.045630 -0.000 1.8191
604.393808 -0.000 1.8038
608.773495 -0.000 1.7886
613.184919 -0.000 1.7735
617.628309 -0.000 1.7586
622.103899 -0.000 1.7439
626.611920 -0.000 1.7293
631.152608 -0.000 1.7149
635.726200 -0.000 1.7006
640.332934 -0.000 1.6865
644.973051 -0.000 1.6725
649.646791 -0.000 1.6587
654.354400 -0.000 1.6450
659.096122 -0.000 1.6315
663.872204 -0.000 1.6181
668.682895 -0.000 1.6048
673.528447 -0.000 1.5917
678.409112 -0.000 1.5786
683.325144 -0.000 1.5658
688.276800 -0.000 1.5530
693.264337 -0.000 1.5404
698.288016 -0.000 1.5279
703.348099 -0.000 1.5155
708.444849 -0.000 1.5033
713.578533 -0.000 1.4912
718.749417 -0.000 1.4791
723.957772 -0.000 1.4673
729.203868 -0.000 1.4555
734.487980 -0.000 1.4438
739.810383 -0.000 1.4322
745.171354 -0.000 1.4208
750.571172 -0.000 1.4095
756.010121 -0.000 1.3982
761.488482 -0.000 1.3871
767.006541 -0.000 1.3761
772.564587 -0.000 1.3652
778.162908 -0.000 1.3543
783.801797 -0.000 1.3436
789.481548 -0.000 1.3330
795.202457 -0.000 1.3225
800.964822 -0.000 1.3121
806.768943 -0.000 1.3017
812.615123 -0.000 1.2915
818.503667 -0.000 1.2814
824.434882 -0.000 1.2713
830.409077 -0.000 1.2614
836.426564 -0.000 1.2515
842.487656 -0.000 1.2417
848.592668 -0.000 1.2320
854.741921 -0.000 1.2224
860.935733 -0.000 1.2129
867.174428 -0.000 1.2035
873.458332 -0.000 1.1941
879.787771 -0.000 1.1849
886.163076 -0.000 1.1757
892.584579 -0.000 1.1666
899.052614 -0.000 1.1576
905.567520 -0.000 1.1486
912.129636 -0.000 1.1397
918.739303 -0.000 1.1309
925.396867 -0.000 1.1222
932.102674 -0.000 1.1136
938.857074 -0.000 1.1050
945.660420 -0.000 1.0965
952.513065 -0.000 1.0881
959.415367 -0.000 1.0798
966.367686 -0.000 1.0715
973.370385 -0.000 1.0633
980.423828 -0.000 1.0551
987.528383 -0.000 1.0471
994.684421 -0.000 1.0391
1001.892314 -0.000 1.0311
1009.152439 -0.000 1.0233
1016.465174 -0.000 1.0155
1023.830899 -0.000 1.0077
1031.250000 -0.000 1.0001
1038.722863 -0.000 0.9925
1046.249877 -0.000 0.9849
1053.831435 -0.000 0.9775
1061.467932 -0.000 0.9700
1069.159766 -0.000 0.9627
1076.907338 -0.000 0.9554
1084.711053 -0.000 0.9481
1092.571316 -0.000 0.9410
1100.488538 -0.000 0.9339
1108.463132 -0.000 0.9268
1116.495513 -0.000 0.9198
1124.586099 -0.000 0.9129
1132.735314 -0.000 0.9060
1140.943581 -0.000 0.8991
1149.211328 -0.000 0.8924
1157.538987 -0.000 0.8856
1165.926992 -0.000 0.8790
1174.375780 -0.000 0.8724
1182.885791 -0.000 0.8658
1191.457469 -0.000 0.8593
1200.091261 -0.000 0.8528
1208.787617 -0.000 0.8464
1217.546990 -0.000 0.8401
1226.369837 -0.000 0.8338
1235.256619 -0.000 0.8275
1244.207797 -0.000 0.8213
1253.223840 -0.000 0.8152
1262.305217 -0.000 0.8091
1271.452400 -0.000 0.8030
1280.665869 -0.000 0.7970
1289.946102 -0.000 0.7911
1299.293583 -0.000 0.7851
1308.708800 -0.000 0.7793
1318.192243 -0.000 0.7735
1327.744407 -0.000 0.7677
1337.365791 -0.000 0.7620
1347.056895 -0.000 0.7563
1356.818224 -0.000 0.7506
1366.650288 -0.000 0.7450
1376.553600 -0.000 0.7395
1386.528674 -0.000 0.7340
1396.576033 -0.000 0.7285
1406.696198 -0.000 0.7231
1416.889699 -0.000 0.7177
1427.157066 -0.000 0.7124
1437.498834 -0.000 0.7071
1447.915543 -0.000 0.7018
1458.407736 -0.000 0.6966
1468.975960 -0.000 0.6914
1479.620765 -0.000 0.6863
1490.342707 -0.000 0.6812
1501.142345 -0.000 0.6762
1512.020241 -0.000 0.6711
1522.976963 -0.000 0.6662
1534.013082 -0.000 0.6612
1545.129173 -0.000 0.6563
1556.325816 -0.000 0.6514
1567.603594 -0.000 0.6466
1578.963096 -0.000 0.6418
1590.404914 -0.000 0.6371
1601.929643 -0.000 0.6324
1613.537886 -0.000 0.6277
1625.230247 -0.000 0.6230
1637.007335 -0.000 0.6184
1648.869765 -0.000 0.6138
1660.818155 -0.000 0.6093
1672.853128 -0.000 0.6048
1684.975311 -0.000 0.6003
1697.185337 -0.000 0.5959
1709.483841 -0.000 0.5915
1721.871466 -0.000 0.5871
1734.348856 -0.000 0.5828
1746.916663 -0.000 0.5785
1759.575541 -0.000 0.5742
1772.326151 -0.000 0.5699
1785.169157 -0.000 0.5657
1798.105229 -0.000 0.5615
1811.135040 -0.000 0.5574
1824.259271 -0.000 0.5533
1837.478606 -0.000 0.5492
1850.793734 -0.000 0.5451
1864.205348 -0.000 0.5411
1877.714148 -0.000 0.5371
1891.320839 -0.000 0.5332
1905.026130 -0.000 0.5292
1918.830734 -0.000 0.5253
1932.735373 -0.000 0.5214
1946.740770 -0.000 0.5176
1960.847656 -0.000 0.5138
1975.056766 -0.000 0.5100
1989.368842 -0.000 0.5062
2003.784629 -0.000 0.5025
2018.304878 -0.000 0.4988
2032.930347 -0.000 0.4951
2047.661799 -0.000 0.4914
2062.500000 -0.000 0.4878
2077.445725 -0.000 0.4842
2092.499753 -0.000 0.4807
2107.662869 -0.000 0.4771
2122.935863 -0.000 0.4736
2138.319531 -0.000 0.4701
2153.814676 -0.000 0.4666
2169.422105 -0.000 0.4632
2185.142632 -0.000 0.4598
2200.977076 -0.000 0.4564
2216.926264 -0.000 0.4530
2232.991025 -0.000 0.4497
2249.172199 -0.000 0.4463
2265.470628 -0.000 0.4431
2281.887162 -0.000 0.4398
2298.422657 -0.000 0.4365
2315.077975 -0.000 0.4333
2331.853984 -0.000 0.4301
2348.751559 -0.000 0.4269
2365.771581 -0.000 0.4238
2382.914937 -0.000 0.4207
2400.182521 -0.000 0.4176
2417.575233 -0.000 0.4145
2435.093980 -0.000 0.4114
2452.739675 -0.000 0.4084
2470.513237 -0.000 0.4054
2488.415595 -0.000 0.4024
2506.447680 -0.000 0.3994
2524.610433 -0.000 0.3964
2542.904801 -0.000 0.3935
2561.331737 -0.000 0.3906
2579.892203 -0.000 0.3877
2598.587165 -0.000 0.3849
2617.417599 -0.000 0.3820
2636.384486 -0.000 0.3792
2655.488815 -0.000 0.3764
2674.731581 -0.000 0.3736
2694.113789 -0.000 0.3708
2713.636448 -0.000 0.3681
2733.300577 -0.000 0.3654
2753.107199 -0.000 0.3627
2773.057349 -0.000 0.3600
2793.152066 -0.000 0.3573
2813.392397 -0.000 0.3547
2833.779398 -0.000 0.3520
2854.314132 -0.000 0.3494
2874.997668 -0.000 0.3468
2895.831087 -0.000 0.3443
2916.815472 -0.000 0.3417
2937.951920 -0.000 0.3392
2959.241530 -0.000 0.3366
2980.685414 -0.000 0.3341
3002.284690 -0.000 0.3317
3024.040482 -0.000 0.3292
3045.953926 -0.000 0.3268
3068.026164 -0.000 0.3243
3090.258346 -0.000 0.3219
3112.651632 -0.000 0.3195
3135.207189 -0.000 0.3171
3157.926192 -0.000 0.3148
3180.809827 -0.000 0.3124
3203.859287 -0.000 0.3101
3227.075772 -0.000 0.3078
3250.460493 -0.000 0.3055
3274.014670 -0.000 0.3032
3297.739530 -0.000 0.3010
3321.636310 -0.000 0.2987
3345.706256 -0.000 0.2965
3369.950622 -0.000 0.2943
3394.370674 -0.000 0.2921
3418.967683 -0.000 0.2899
3443.742932 -0.000 0.2877
3468.697713 -0.000 0.2856
3493.833326 -0.000 0.2834
3519.151083 -0.000 0.2813
3544.652302 -0.000 0.2792
3570.338314 -0.000 0.2771
3596.210457 -0.000 0.2751
3622.270081 -0.000 0.2730
3648.518543 -0.000 0.2709
3674.957212 -0.000 0.2689
3701.587467 -0.000 0.2669
3728.410696 -0.000 0.2649
3755.428297 -0.000 0.2629
3782.641678 -0.000 0.2609
3810.052259 -0.000 0.2590
3837.661468 -0.000 0.2570
3865.470745 -0.000 0.2551
3893.481540 -0.000 0.2531
3921.695312 -0.000 0.2512
3950.113533 -0.000 0.2493
3978.737684 -0.000 0.2475
4007.569257 -0.000 0.2456
4036.609756 -0.000 0.2437
4065.860694 -0.000 0.2419
4095.323597 -0.000 0.2401
4125.000000 -0.000 0.2382
4154.891450 -0.000 0.2364
4184.999507 -0.000 0.2346
4215.325738 -0.000 0.2329
4245.871726 -0.000 0.2311
4276.639063 -0.000 0.2293
4307.629353 -0.000 0.2276
4338.844211 -0.000 0.2258
4370.285264 -0.000 0.2241
4401.954153 -0.000 0.2224
4433.852527 -0.000 0.2207
4465.982050 -0.000 0.2190
4498.344397 -0.000 0.2174
4530.941255 -0.000 0.2157
4563.774323 -0.000 0.2140
4596.845313 -0.000 0.2124
4630.155949 -0.000 0.2108
4663.707968 -0.000 0.2092
4697.503118 -0.000 0.2076
4731.543162 -0.000 0.2060
4765.829875 -0.000 0.2044
4800.365042 -0.000 0.2028
4835.150466 -0.000 0.2012
4870.187960 -0.000 0.1997
4905.479349 -0.000 0.1981
4941.026475 -0.000 0.1966
4976.831190 -0.000 0.1951
5012.895360 -0.000 0.1936
5049.220866 -0.000 0.1921
5085.809602 -0.000 0.1906
5122.663475 -0.000 0.1891
5159.784406 -0.000 0.1876
5197.174331 -0.000 0.1862
5234.835198 -0.000 0.1847
5272.768972 -0.000 0.1833
5310.977630 -0.000 0.1818
5349.463163 -0.000 0.1804
5388.227578 -0.000 0.1790
5427.272896 -0.000 0.1776
5466.601153 -0.000 0.1762
5506.214398 -0.000 0.1748
5546.114698 -0.000 0.1734
5586.304131 -0.000 0.1721
5626.784794 -0.000 0.1707
5667.558796 -0.000 0.1694
5708.628263 -0.000 0.1680
5749.995337 -0.000 0.1667
5791.662173 -0.000 0.1654
5833.630945 -0.000 0.1641
5875.903839 -0.000 0.1628
5918.483061 -0.000 0.1615
5961.370829 -0.000 0.1602
6004.569379 -0.000 0.1589
6048.080964 -0.000 0.1576
6091.907852 -0.000 0.1564
6136.052328 -0.000 0.1551
6180.516692 -0.000 0.1539
6225.303264 -0.000 0.1526
6270.414377 -0.000 0.1514
6315.852385 -0.000 0.1502
6361.619655 -0.000 0.1489
6407.718573 -0.000 0.1477
6454.151543 -0.000 0.1465
6500.920986 -0.000 0.1453
6548.029339 -0.000 0.1442
6595.479059 -0.000 0.1430
6643.272619 -0.000 0.1418
6691.412511 -0.000 0.1406
6739.901245 -0.000 0.1395
6788.741347 -0.000 0.1383
6837.935366 -0.000 0.1372
6887.485864 -0.000 0.1361
6937.395426 -0.000 0.1349
6987.666653 -0.000 0.1338
7038.302166 -0.000 0.1327
7089.304605 -0.000 0.1316
7140.676628 -0.000 0.1305
7192.420915 -0.000 0.1294
7244.540162 -0.000 0.1283
7297.037086 -0.000 0.1272
7349.914425 -0.000 0.1262
7403.174934 -0.000 0.1251
7456.821392 -0.000 0.1240
7510.856593 -0.000 0.1230
7565.283356 -0.000 0.1219
7620.104518 -0.000 0.1209
7675.322937 -0.000 0.1199
7730.941491 -0.000 0.1188
7786.963080 -0.000 0.1178
7843.390624 -0.000 0.1168
7900.227066 -0.000 0.1158
7957.475368 -0.000 0.1148
8015.138515 -0.000 0.1138
8073.219512 -0.000 0.1128
8131.721389 -0.000 0.1118
8190.647194 -0.000 0.1108
8250.000000 -0.000 0.1099
8309.782901 -0.000 0.1089
8369.999013 -0.000 0.1079
8430.651476 -0.000 0.1070
8491.743452 -0.000 0.1060
8553.278126 -0.000 0.1051
8615.258705 -0.000 0.1041
8677.688421 -0.000 0.1032
8740.570528 -0.000 0.1023
8803.908306 -0.000 0.1013
8867.705054 -0.000 0.1004
8931.964101 -0.000 0.0995
8996.688794 -0.000 0.0986
9061.882510 -0.000 0.0977
9127.548646 -0.000 0.0968
9193.690626 -0.000 0.0959
9260.311899 -0.000 0.0950
9327.415936 -0.000 0.0941
9395.006237 -0.000 0.0932
9463.086325 -0.000 0.0923
9531.659749 -0.000 0.0915
9600.730085 -0.000 0.0906
9670.300933 -0.000 0.0897
9740.375920 -0.000 0.0889
9810.958699 -0.000 0.0880
9882.052950 -0.000 0.0872
9953.662379 -0.000 0.0863
10025.790720 -0.000 0.0855
10098.441732 -0.000 0.0847
10171.619204 -0.000 0.0838
10245.326950 -0.000 0.0830
10319.568812 -0.000 0.0822
10394.348662 -0.000 0.0814
10469.670397 -0.000 0.0805
10545.537944 -0.000 0.0797
10621.955259 -0.000 0.0789
10698.926326 -0.000 0.0781
10776.455156 -0.000 0.0773
10854.545793 -0.000 0.0765
10933.202306 -0.000 0.0757
11012.428797 -0.000 0.0749
11092.229396 -0.000 0.0742
11172.608262 -0.000 0.0734
11253.569587 -0.000 0.0726
11335.117592 -0.000 0.0718
11417.256526 -0.000 0.0711
11499.990673 -0.000 0.0703
11583.324346 -0.000 0.0695
11667.261890 -0.000 0.0688
11751.807679 -0.000 0.0680
11836.966122 -0.000 0.0673
11922.741658 -0.000 0.0665
12009.138758 -0.000 0.0658
12096.161928 -0.000 0.0650
12183.815704 -0.000 0.0643
12272.104655 -0.000 0.0635
12361.033384 -0.000 0.0628
12450.606528 -0.000 0.0621
12540.828755 -0.000 0.0613
12631.704770 -0.000 0.0606
12723.239310 -0.000 0.0599
12815.437146 -0.000 0.0592
12908.303087 -0.000 0.0584
13001.841972 -0.000 0.0577
13096.058679 -0.000 0.0570
13190.958118 -0.000 0.0563
13286.545239 -0.000 0.0556
13382.825022 -0.000 0.0549
13479.802489 -0.000 0.0542
13577.482695 -0.000 0.0535
13675.870731 -0.000 0.0528
13774.971728 -0.000 0.0521
13874.790852 -0.000 0.0514
13975.333306 -0.000 0.0507
14076.604332 -0.000 0.0500
14178.609210 -0.000 0.0493
14281.353257 -0.000 0.0486
14384.841829 -0.000 0.0479
14489.080323 -0.000 0.0472
14594.074172 -0.000 0.0466
14699.828849 -0.000 0.0459
14806.349869 -0.000 0.0452
14913.642783 -0.000 0.0445
15021.713187 -0.000 0.0438
15130.566713 -0.000 0.0432
15240.209036 -0.000 0.0425
15350.645874 -0.000 0.0418
15461.882981 -0.000 0.0412
15573.926159 -0.000 0.0405
15686.781248 -0.000 0.0398
15800.454132 -0.000 0.0392
15914.950735 -0.000 0.0385
16030.277029 -0.000 0.0378
16146.439024 -0.000 0.0372
16263.442778 -0.000 0.0365
16381.294388 -0.000 0.0358
16500.000000 -0.000 0.0352
16619.565802 -0.000 0.0345
16739.998026 -0.000 0.0339
16861.302953 -0.000 0.0332
16983.486905 -0.000 0.0325
17106.556252 -0.000 0.0319
17230.517410 -0.000 0.0312
17355.376842 -0.000 0.0306
17481.141057 -0.000 0.0299
17607.816611 -0.000 0.0293
17735.410109 -0.000 0.0286
17863.928201 -0.000 0.0280
17993.377589 -0.000 0.0273
18123.765020 -0.000 0.0266
18255.097293 -0.000 0.0260
18387.381253 -0.000 0.0253
18520.623797 -0.000 0.0247
18654.831872 -0.000 0.0240
18790.012473 -0.000 0.0234
18926.172650 -0.000 0.0227
19063.319498 -0.000 0.0220
19201.460170 -0.000 0.0214
19340.601866 -0.000 0.0207
19480.751839 -0.000 0.0201
19621.917398 -0.000 0.0194
19764.105900 -0.000 0.0187
19907.324758 -0.000 0.0181
20051.581440 -0.000 0.0174
20196.883465 -0.000 0.0167
20343.238408 -0.000 0.0161
20490.653899 -0.000 0.0154
20639.137624 -0.000 0.0147
20788.697323 -0.000 0.0140
20939.340794 -0.000 0.0134
21091.075889 -0.000 0.0127
21243.910519 -0.000 0.0120
21397.852652 -0.000 0.0113
21552.910313 -0.000 0.0106
21709.091586 -0.000 0.0099
21866.404612 -0.000 0.0092
22024.857594 -0.000 0.0086
22184.458791 -0.000 0.0079
22345.216524 -0.000 0.0072
22507.139175 -0.000 0.0064
22670.235183 -0.000 0.0057
22834.513052 -0.000 0.0050
22999.981347 -0.000 0.0043
23166.648693 -0.000 0.0036
23334.523779 -0.000 0.0029
23503.615358 -0.000 0.0022
23673.932243 -0.000 0.0019
23845.483315 -0.000 0.0020
24018.277517 -0.000 0.0025
