* Measurement data measured by REW V5.40 beta 133
* Source: 
* Format: 
* Dated: Sep 1, 2026, 11:39:16 AM
* REW Settings:
*  C-weighting compensation: Off
*  Target level: 75.0 dB
* Note: ; Minimum phase copy of LR-SP Cal file effects included LF tail from 17 Hz at 12 dB/octave No HF tail
* Measurement: LR-SP-MP
* Smoothing: 1/48 octave
* Frequency Step: 96 ppo
* Start Frequency: 0.36621094 Hz
*
* Freq(Hz) SPL(dB) Phase(degrees)
0.366211 4.883 170.7962
0.368865 4.954 170.8198
0.371538 5.039 170.8438
0.374230 5.127 170.8683
0.376942 5.216 170.8931
0.379673 5.306 170.9182
0.382424 5.397 170.9437
0.385196 5.488 170.9695
0.387987 5.580 170.9956
0.390798 5.672 171.0220
0.393630 5.765 171.0486
0.396483 5.859 171.0755
0.399356 5.954 171.1027
0.402250 6.049 171.1301
0.405165 6.145 171.1577
0.408101 6.241 171.1855
0.411058 6.338 171.2134
0.414037 6.436 171.2415
0.417037 6.535 171.2698
0.420059 6.634 171.2982
0.423103 6.734 171.3267
0.426169 6.835 171.3553
0.429257 6.937 171.3839
0.432368 7.039 171.4126
0.435501 7.142 171.4414
0.438656 7.246 171.4702
0.441835 7.350 171.4990
0.445037 7.456 171.5278
0.448262 7.562 171.5566
0.451510 7.669 171.5853
0.454782 7.776 171.6140
0.458077 7.885 171.6426
0.461397 7.994 171.6711
0.464740 8.104 171.6996
0.468108 8.214 171.7279
0.471500 8.326 171.7561
0.474917 8.438 171.7842
0.478358 8.551 171.8121
0.481825 8.665 171.8398
0.485316 8.780 171.8674
0.488833 8.896 171.8948
0.492375 9.012 171.9219
0.495943 9.130 171.9489
0.499537 9.248 171.9756
0.503157 9.367 172.0020
0.506803 9.487 172.0282
0.510475 9.608 172.0542
0.514175 9.729 172.0798
0.517900 9.852 172.1052
0.521653 9.975 172.1302
0.525434 10.100 172.1550
0.529241 10.225 172.1794
0.533076 10.351 172.2035
0.536939 10.478 172.2273
0.540830 10.606 172.2507
0.544749 10.735 172.2737
0.548696 10.865 172.2964
0.552673 10.995 172.3187
0.556677 11.127 172.3406
0.560711 11.260 172.3621
0.564774 11.393 172.3833
0.568867 11.528 172.4040
0.572989 11.663 172.4242
0.577141 11.800 172.4441
0.581324 11.937 172.4635
0.585536 12.076 172.4825
0.589779 12.216 172.5011
0.594053 12.356 172.5192
0.598358 12.498 172.5368
0.602694 12.640 172.5540
0.607061 12.784 172.5708
0.611460 12.929 172.5870
0.615891 13.074 172.6028
0.620354 13.221 172.6181
0.624849 13.369 172.6329
0.629377 13.518 172.6472
0.633938 13.668 172.6610
0.638532 13.819 172.6744
0.643159 13.971 172.6872
0.647819 14.124 172.6995
0.652514 14.279 172.7113
0.657242 14.434 172.7226
0.662005 14.591 172.7334
0.666802 14.748 172.7436
0.671634 14.907 172.7533
0.676501 15.067 172.7625
0.681403 15.229 172.7712
0.686341 15.391 172.7793
0.691314 15.555 172.7870
0.696324 15.719 172.7940
0.701370 15.885 172.8006
0.706452 16.052 172.8065
0.711571 16.221 172.8120
0.716728 16.390 172.8169
0.721921 16.561 172.8212
0.727153 16.732 172.8250
0.732422 16.898 172.8282
0.737729 17.042 172.8313
0.743075 17.179 172.8346
0.748460 17.316 172.8381
0.753883 17.451 172.8418
0.759346 17.586 172.8456
0.764849 17.720 172.8496
0.770391 17.853 172.8536
0.775974 17.986 172.8577
0.781597 18.118 172.8618
0.787261 18.250 172.8660
0.792966 18.381 172.8701
0.798712 18.511 172.8743
0.804500 18.641 172.8783
0.810329 18.770 172.8823
0.816201 18.898 172.8862
0.822116 19.026 172.8900
0.828073 19.153 172.8936
0.834074 19.279 172.8971
0.840118 19.405 172.9004
0.846206 19.531 172.9035
0.852338 19.656 172.9064
0.858514 19.780 172.9090
0.864735 19.904 172.9114
0.871001 20.027 172.9135
0.877313 20.150 172.9152
0.883670 20.272 172.9167
0.890074 20.395 172.9178
0.896524 20.516 172.9186
0.903020 20.637 172.9190
0.909564 20.758 172.9190
0.916155 20.879 172.9187
0.922794 20.999 172.9178
0.929481 21.119 172.9166
0.936216 21.239 172.9149
0.943000 21.359 172.9127
0.949834 21.479 172.9101
0.956717 21.598 172.9069
0.963649 21.718 172.9033
0.970632 21.837 172.8991
0.977666 21.957 172.8943
0.984750 22.077 172.8890
0.991886 22.196 172.8832
0.999074 22.317 172.8767
1.006314 22.437 172.8696
1.013606 22.558 172.8619
1.020951 22.679 172.8536
1.028349 22.801 172.8447
1.035801 22.923 172.8350
1.043307 23.046 172.8247
1.050867 23.169 172.8138
1.058482 23.293 172.8021
1.066152 23.419 172.7897
1.073878 23.545 172.7765
1.081660 23.672 172.7626
1.089498 23.800 172.7480
1.097393 23.930 172.7326
1.105345 24.060 172.7167
1.113355 24.189 172.7008
1.121423 24.319 172.6850
1.129549 24.448 172.6691
1.137734 24.576 172.6533
1.145979 24.704 172.6374
1.154283 24.832 172.6214
1.162647 24.959 172.6053
1.171072 25.086 172.5891
1.179558 25.213 172.5728
1.188106 25.339 172.5563
1.196715 25.465 172.5397
1.205387 25.590 172.5228
1.214122 25.715 172.5058
1.222920 25.840 172.4884
1.231782 25.965 172.4709
1.240708 26.089 172.4530
1.249699 26.213 172.4349
1.258754 26.337 172.4165
1.267876 26.461 172.3977
1.277063 26.584 172.3786
1.286318 26.708 172.3591
1.295639 26.831 172.3392
1.305027 26.954 172.3189
1.314484 27.077 172.2981
1.324009 27.200 172.2770
1.333604 27.324 172.2553
1.343268 27.447 172.2332
1.353002 27.570 172.2106
1.362806 27.694 172.1875
1.372681 27.817 172.1639
1.382628 27.941 172.1397
1.392647 28.066 172.1149
1.402739 28.190 172.0896
1.412904 28.315 172.0636
1.423142 28.440 172.0371
1.433455 28.566 172.0099
1.443843 28.693 171.9821
1.454305 28.820 171.9536
1.464844 28.948 171.9244
1.475459 29.075 171.8950
1.486150 29.203 171.8658
1.496920 29.330 171.8367
1.507767 29.457 171.8076
1.518693 29.584 171.7786
1.529698 29.710 171.7495
1.540783 29.836 171.7204
1.551948 29.962 171.6912
1.563194 30.088 171.6618
1.574521 30.213 171.6322
1.585931 30.338 171.6024
1.597423 30.463 171.5722
1.608999 30.588 171.5418
1.620658 30.712 171.5109
1.632402 30.837 171.4797
1.644232 30.961 171.4480
1.656146 31.086 171.4158
1.668147 31.210 171.3831
1.680235 31.334 171.3498
1.692411 31.458 171.3159
1.704675 31.583 171.2814
1.717028 31.707 171.2462
1.729470 31.831 171.2102
1.742003 31.956 171.1736
1.754626 32.081 171.1361
1.767341 32.206 171.0979
1.780147 32.331 171.0587
1.793047 32.457 171.0188
1.806040 32.583 170.9778
1.819128 32.709 170.9360
1.832310 32.836 170.8932
1.845587 32.963 170.8500
1.858961 33.090 170.8067
1.872432 33.216 170.7633
1.886001 33.342 170.7198
1.899667 33.468 170.6761
1.913433 33.594 170.6321
1.927299 33.720 170.5880
1.941265 33.845 170.5434
1.955332 33.970 170.4986
1.969501 34.095 170.4534
1.983773 34.220 170.4077
1.998148 34.345 170.3616
2.012627 34.469 170.3150
2.027212 34.594 170.2679
2.041902 34.719 170.2202
2.056698 34.843 170.1719
2.071602 34.968 170.1230
2.086614 35.093 170.0733
2.101734 35.218 170.0230
2.116964 35.343 169.9719
2.132304 35.468 169.9200
2.147756 35.594 169.8673
2.163320 35.719 169.8138
2.178996 35.845 169.7593
2.194786 35.972 169.7040
2.210690 36.098 169.6480
2.226710 36.224 169.5919
2.242845 36.350 169.5356
2.259098 36.476 169.4792
2.275468 36.602 169.4225
2.291957 36.727 169.3656
2.308566 36.853 169.3083
2.325295 36.978 169.2506
2.342145 37.103 169.1925
2.359117 37.228 169.1339
2.376212 37.353 169.0748
2.393431 37.478 169.0150
2.410775 37.603 168.9547
2.428244 37.728 168.8937
2.445840 37.853 168.8320
2.463564 37.978 168.7695
2.481416 38.103 168.7062
2.499397 38.228 168.6421
2.517509 38.354 168.5770
2.535752 38.480 168.5110
2.554127 38.605 168.4441
2.572635 38.732 168.3762
2.591277 38.858 168.3081
2.610055 38.984 168.2398
2.628968 39.109 168.1713
2.648019 39.235 168.1024
2.667208 39.360 168.0332
2.686535 39.486 167.9635
2.706003 39.611 167.8934
2.725612 39.736 167.8227
2.745363 39.861 167.7514
2.765257 39.986 167.6794
2.785295 40.111 167.6067
2.805478 40.236 167.5333
2.825808 40.361 167.4590
2.846285 40.486 167.3838
2.866910 40.612 167.3078
2.887685 40.737 167.2307
2.908611 40.863 167.1526
2.929688 40.989 167.0734
2.950917 41.115 166.9935
2.972301 41.241 166.9134
2.993839 41.366 166.8330
3.015534 41.492 166.7521
3.037386 41.617 166.6708
3.059396 41.743 166.5890
3.081565 41.868 166.5066
3.103896 41.993 166.4235
3.126388 42.118 166.3397
3.149043 42.243 166.2552
3.171862 42.368 166.1698
3.194847 42.494 166.0835
3.217998 42.619 165.9963
3.241317 42.744 165.9081
3.264805 42.870 165.8188
3.288463 42.996 165.7283
3.312293 43.122 165.6370
3.336295 43.247 165.5452
3.360471 43.373 165.4531
3.384822 43.498 165.3606
3.409350 43.624 165.2675
3.434056 43.749 165.1738
3.458940 43.874 165.0794
3.484005 44.000 164.9843
3.509252 44.125 164.8883
3.534681 44.250 164.7915
3.560295 44.375 164.6936
3.586094 44.501 164.5948
3.612081 44.626 164.4948
3.638255 44.752 164.3937
3.664620 44.877 164.2913
3.691175 45.003 164.1882
3.717923 45.129 164.0846
3.744864 45.254 163.9805
3.772001 45.380 163.8758
3.799335 45.505 163.7705
3.826866 45.630 163.6643
3.854597 45.755 163.5573
3.882529 45.881 163.4494
3.910664 46.006 163.3406
3.939002 46.131 163.2306
3.967546 46.257 163.1195
3.996296 46.382 163.0072
4.025255 46.508 162.8937
4.054423 46.634 162.7791
4.083804 46.759 162.6640
4.113396 46.885 162.5484
4.143204 47.010 162.4321
4.173227 47.135 162.3150
4.203468 47.261 162.1971
4.233928 47.386 162.0782
4.264609 47.511 161.9582
4.295512 47.637 161.8372
4.326639 47.762 161.7150
4.357992 47.887 161.5914
4.389572 48.013 161.4665
4.421380 48.139 161.3405
4.453419 48.264 161.2139
4.485691 48.390 161.0866
4.518196 48.515 160.9585
4.550936 48.640 160.8295
4.583914 48.766 160.6996
4.617131 48.891 160.5685
4.650589 49.016 160.4364
4.684289 49.142 160.3029
4.718233 49.267 160.1681
4.752424 49.393 160.0319
4.786862 49.518 159.8945
4.821549 49.644 159.7563
4.856488 49.769 159.6173
4.891680 49.895 159.4775
4.927127 50.020 159.3367
4.962831 50.145 159.1948
4.998794 50.271 159.0517
5.035017 50.396 158.9073
5.071503 50.521 158.7616
5.108253 50.647 158.6143
5.145270 50.773 158.4656
5.182555 50.898 158.3160
5.220110 51.024 158.1655
5.257937 51.149 158.0141
5.296038 51.274 157.8617
5.334415 51.400 157.7080
5.373071 51.525 157.5531
5.412006 51.650 157.3967
5.451224 51.776 157.2389
5.490725 51.901 157.0794
5.530514 52.027 156.9186
5.570590 52.152 156.7570
5.610957 52.278 156.5943
5.651616 52.403 156.4305
5.692570 52.529 156.2655
5.733821 52.654 156.0992
5.775370 52.779 155.9313
5.817221 52.905 155.7618
5.859375 53.030 155.5907
5.901834 53.156 155.4182
5.944602 53.281 155.2447
5.987679 53.407 155.0701
6.031068 53.532 154.8943
6.074771 53.657 154.7170
6.118792 53.783 154.5383
6.163131 53.908 154.3580
6.207792 54.034 154.1759
6.252776 54.159 153.9921
6.298086 54.285 153.8072
6.343725 54.410 153.6212
6.389694 54.535 153.4338
6.435996 54.661 153.2450
6.482634 54.786 153.0546
6.529610 54.912 152.8625
6.576926 55.037 152.6685
6.624585 55.163 152.4728
6.672590 55.288 152.2759
6.720942 55.413 152.0777
6.769645 55.539 151.8781
6.818700 55.664 151.6769
6.868111 55.790 151.4740
6.917881 55.915 151.2692
6.968010 56.041 151.0624
7.018504 56.166 150.8542
7.069362 56.291 150.6446
7.120590 56.417 150.4335
7.172189 56.542 150.2208
7.224161 56.668 150.0063
7.276511 56.793 149.7899
7.329239 56.919 149.5714
7.382350 57.044 149.3512
7.435845 57.169 149.1295
7.489729 57.295 148.9064
7.544002 57.420 148.6814
7.598669 57.546 148.4546
7.653732 57.671 148.2257
7.709194 57.797 147.9946
7.765058 57.922 147.7619
7.821327 58.047 147.5276
7.878004 58.173 147.2916
7.935091 58.298 147.0536
7.992592 58.424 146.8136
8.050510 58.549 146.5713
8.108847 58.675 146.3269
8.167607 58.800 146.0810
8.226793 58.925 145.8333
8.286408 59.051 145.5835
8.346454 59.176 145.3317
8.406936 59.302 145.0775
8.467856 59.427 144.8210
8.529218 59.553 144.5629
8.591024 59.678 144.3028
8.653278 59.803 144.0406
8.715983 59.929 143.7762
8.779143 60.054 143.5094
8.842760 60.180 143.2402
8.906839 60.305 142.9692
8.971381 60.431 142.6962
9.036392 60.556 142.4209
9.101873 60.681 142.1432
9.167829 60.807 141.8628
9.234263 60.932 141.5803
9.301178 61.058 141.2958
9.368578 61.183 141.0090
9.436467 61.309 140.7198
9.504847 61.434 140.4279
9.573723 61.559 140.1334
9.643099 61.685 139.8369
9.712976 61.810 139.5380
9.783361 61.936 139.2367
9.854255 62.061 138.9326
9.925663 62.187 138.6257
9.997588 62.312 138.3166
10.070035 62.437 138.0051
10.143007 62.563 137.6910
10.216507 62.688 137.3741
10.290540 62.814 137.0543
10.365109 62.939 136.7320
10.440219 63.065 136.4073
10.515873 63.190 136.0798
10.592076 63.315 135.7493
10.668830 63.441 135.4159
10.746141 63.566 135.0799
10.824012 63.692 134.7413
10.902447 63.817 134.3998
10.981451 63.943 134.0551
11.061027 64.068 133.7075
11.141180 64.193 133.3572
11.221913 64.319 133.0040
11.303232 64.444 132.6478
11.385140 64.570 132.2881
11.467641 64.695 131.9257
11.550741 64.821 131.5605
11.634442 64.946 131.1920
11.718750 65.071 130.8202
11.803669 65.197 130.4452
11.889203 65.322 130.0673
11.975357 65.448 129.6863
12.062136 65.573 129.3018
12.149543 65.699 128.9139
12.237583 65.824 128.5231
12.326262 65.949 128.1290
12.415583 66.075 127.7315
12.505552 66.200 127.3305
12.596172 66.326 126.9263
12.687449 66.451 126.5189
12.779387 66.577 126.1080
12.871992 66.702 125.6936
12.965268 66.827 125.2759
13.059220 66.953 124.8549
13.153852 67.078 124.4305
13.249170 67.204 124.0027
13.345179 67.329 123.5717
13.441884 67.455 123.1374
13.539289 67.580 122.6998
13.637401 67.705 122.2587
13.736223 67.831 121.8143
13.835761 67.956 121.3672
13.936021 68.082 120.9175
14.037007 68.207 120.4650
14.138725 68.333 120.0100
14.241180 68.458 119.5538
14.344377 68.583 119.0973
14.448323 68.709 118.6402
14.553021 68.835 118.1821
14.658478 68.961 117.7233
14.764700 69.089 117.2650
14.871691 69.217 116.8063
14.979457 69.346 116.3444
15.088005 69.476 115.8786
15.197339 69.608 115.4111
15.307465 69.741 114.9386
15.418389 69.875 114.4580
15.530117 70.010 113.9719
15.642655 70.147 113.4790
15.756008 70.284 112.9764
15.870182 70.423 112.4658
15.985184 70.564 111.9470
16.101019 70.705 111.4164
16.217694 70.848 110.8746
16.335214 70.993 110.3229
16.453586 71.139 109.7557
16.572815 71.286 109.1713
16.692909 71.434 108.5728
16.813872 71.584 107.9565
16.935713 71.735 107.3205
17.058436 71.886 106.6674
17.182048 72.038 105.9958
17.306556 72.191 105.3062
17.431967 72.344 104.6002
17.558286 72.498 103.8713
17.685521 72.654 103.1197
17.813677 72.812 102.3472
17.942762 72.970 101.5407
18.072783 73.130 100.6998
18.203746 73.291 99.8264
18.335658 73.450 98.9095
18.468526 73.609 97.9494
18.602356 73.766 96.9490
18.737156 73.920 95.9054
18.872934 74.070 94.8167
19.009695 74.216 93.6923
19.147447 74.356 92.5334
19.286197 74.491 91.3376
19.425953 74.619 90.1256
19.566721 74.739 88.8907
19.708510 74.852 87.6424
19.851326 74.958 86.4023
19.995177 75.057 85.1578
20.140070 75.151 83.9296
20.286013 75.239 82.7242
20.433014 75.323 81.5364
20.581080 75.405 80.3781
20.730219 75.486 79.2470
20.880439 75.568 78.1337
21.031747 75.652 77.0420
21.184152 75.738 75.9606
21.337661 75.829 74.8728
21.492282 75.923 73.7837
21.648024 76.020 72.6675
21.804895 76.121 71.5257
21.962902 76.223 70.3485
22.122054 76.326 69.1253
22.282360 76.429 67.8608
22.443827 76.529 66.5505
22.606464 76.627 65.1946
22.770280 76.720 63.8035
22.935283 76.810 62.3720
23.101481 76.894 60.9146
23.268884 76.973 59.4296
23.437500 77.047 57.9235
23.607338 77.117 56.4005
23.778406 77.184 54.8581
23.950714 77.247 53.2999
24.124271 77.307 51.7203
24.299086 77.364 50.1161
24.475167 77.420 48.4833
24.652524 77.473 46.8121
24.831166 77.524 45.0996
25.011103 77.571 43.3348
25.192344 77.613 41.5143
25.374898 77.650 39.6316
25.558775 77.680 37.6809
25.743984 77.701 35.6637
25.930536 77.711 33.5716
26.118439 77.708 31.4148
26.307704 77.691 29.1831
26.498341 77.657 26.8939
26.690359 77.605 24.5373
26.883768 77.531 22.1353
27.078579 77.434 19.6826
27.274801 77.311 17.2014
27.472446 77.160 14.7002
27.671522 76.978 12.1942
27.872042 76.762 9.7171
28.074014 76.511 7.2757
28.277450 76.221 4.9311
28.482360 75.892 2.6912
28.688755 75.523 0.6357
28.896645 75.115 -1.2132
29.106042 74.669 -2.7710
29.316957 74.191 -3.9978
29.529400 73.685 -4.8079
29.743382 73.164 -5.1676
29.958915 72.639 -4.9904
30.176009 72.128 -4.2848
30.394677 71.648 -3.0131
30.614929 71.222 -1.2268
30.836778 70.869 0.9772
31.060234 70.602 3.5087
31.285309 70.433 6.1594
31.512015 70.360 8.7985
31.740364 70.377 11.2614
31.970368 70.469 13.4262
32.202039 70.623 15.2264
32.435388 70.819 16.6116
32.670428 71.045 17.5745
32.907171 71.287 18.1223
33.145630 71.533 18.2713
33.385817 71.775 18.0481
33.627745 72.006 17.4761
33.871425 72.218 16.5869
34.116871 72.406 15.4120
34.364096 72.565 13.9737
34.613113 72.690 12.3188
34.863934 72.776 10.4825
35.116572 72.822 8.4908
35.371041 72.823 6.4049
35.627354 72.779 4.2657
35.885525 72.690 2.1046
36.145566 72.555 -0.0210
36.407492 72.375 -2.0627
36.671316 72.154 -3.9871
36.937051 71.893 -5.7492
37.204712 71.598 -7.3036
37.474313 71.274 -8.6250
37.745867 70.928 -9.6867
38.019389 70.566 -10.4696
38.294893 70.196 -10.9781
38.572394 69.824 -11.2185
38.851905 69.457 -11.2033
39.133442 69.098 -10.9580
39.417019 68.751 -10.5171
39.702651 68.417 -9.9019
39.990353 68.097 -9.1293
40.280140 67.790 -8.2100
40.572026 67.496 -7.1445
40.866028 67.217 -5.9250
41.162160 66.955 -4.5451
41.460438 66.715 -3.0047
41.760877 66.502 -1.3150
42.063494 66.322 0.4964
42.368303 66.178 2.3820
42.675322 66.073 4.2839
42.984565 66.006 6.1390
43.296048 65.973 7.8868
43.609789 65.965 9.4778
43.925804 65.975 10.8801
44.244108 65.991 12.0864
44.564719 66.003 13.1150
44.887654 66.002 14.0059
45.212928 65.981 14.8167
45.540560 65.936 15.6194
45.870565 65.867 16.4970
46.202962 65.777 17.5392
46.537768 65.675 18.8342
46.875000 65.574 20.4559
47.214676 65.494 22.4449
47.556813 65.457 24.7890
47.901429 65.486 27.4100
48.248542 65.596 30.1639
48.598171 65.794 32.8602
48.950334 66.077 35.2988
49.305048 66.428 37.3103
49.662333 66.825 38.7838
50.022206 67.244 39.6743
50.384688 67.664 39.9923
50.749796 68.065 39.7861
51.117550 68.433 39.1247
51.487969 68.758 38.0856
51.861072 69.034 36.7468
52.236879 69.255 35.1832
52.615409 69.421 33.4643
52.996681 69.529 31.6544
53.380717 69.581 29.8133
53.767536 69.575 27.9978
54.157158 69.514 26.2624
54.549603 69.400 24.6603
54.944892 69.235 23.2440
55.343045 69.022 22.0665
55.744084 68.764 21.1829
56.148028 68.467 20.6517
56.554900 68.135 20.5361
56.964720 67.778 20.9072
57.377510 67.406 21.8438
57.793291 67.035 23.4290
58.212085 66.688 25.7383
58.633914 66.395 28.8170
59.058799 66.194 32.6441
59.486764 66.128 37.0860
59.917829 66.228 41.8701
60.352019 66.510 46.6104
60.789354 66.962 50.8948
61.229859 67.550 54.3920
61.673556 68.228 56.9095
62.120468 68.950 58.3923
62.570618 69.675 58.8904
63.024031 70.374 58.5112
63.480729 71.028 57.3830
63.940736 71.622 55.6316
64.404077 72.149 53.3755
64.870776 72.602 50.7205
65.340856 72.981 47.7544
65.814343 73.284 44.5573
66.291261 73.509 41.2018
66.771635 73.658 37.7459
67.255489 73.731 34.2445
67.742850 73.726 30.7552
68.233743 73.645 27.3285
68.728193 73.485 24.0156
69.226226 73.247 20.8806
69.727867 72.927 17.9897
70.233144 72.524 15.4269
70.742083 72.037 13.3038
71.254709 71.465 11.7604
71.771050 70.812 10.9896
72.291132 70.090 11.2455
72.814984 69.329 12.8472
73.342631 68.588 16.1399
73.874102 67.962 21.3683
74.409424 67.585 28.3765
74.948626 67.571 36.3736
75.491734 67.949 44.0468
76.038779 68.639 50.2613
76.589787 69.504 54.5094
77.144788 70.427 56.8669
77.703811 71.329 57.6564
78.266885 72.168 57.2401
78.834039 72.925 55.9290
79.405303 73.594 53.9631
79.980706 74.175 51.5275
80.560280 74.673 48.7563
81.144053 75.093 45.7521
81.732056 75.439 42.5916
82.324320 75.717 39.3301
82.920876 75.930 36.0144
83.521755 76.083 32.6774
84.126988 76.179 29.3474
84.736607 76.219 26.0516
85.350643 76.206 22.8128
85.969129 76.139 19.6576
86.592097 76.020 16.6176
87.219579 75.849 13.7277
87.851608 75.628 11.0290
88.488217 75.358 8.5697
89.129439 75.043 6.4010
89.775308 74.687 4.5764
90.425856 74.297 3.1491
91.081119 73.882 2.1671
91.741131 73.453 1.6684
92.405925 73.022 1.6761
93.075536 72.605 2.1937
93.750000 72.215 3.2012
94.429351 71.867 4.6534
95.113625 71.572 6.4821
95.802858 71.342 8.6006
96.497085 71.181 10.9106
97.196342 71.091 13.3106
97.900667 71.070 15.7029
98.610096 71.113 18.0018
99.324665 71.210 20.1393
100.044413 71.353 22.0700
100.769376 71.529 23.7732
101.499592 71.730 25.2531
102.235100 71.947 26.5356
102.975938 72.176 27.6618
103.722144 72.417 28.6778
104.473757 72.672 29.6222
105.230817 72.947 30.5128
105.993363 73.251 31.3362
106.761435 73.589 32.0433
107.535072 73.963 32.5559
108.314315 74.370 32.7829
109.099206 74.802 32.6405
109.889783 75.247 32.0692
110.686090 75.689 31.0429
111.488167 76.115 29.5686
112.296056 76.512 27.6804
113.109800 76.869 25.4314
113.929440 77.179 22.8859
114.755020 77.436 20.1126
115.586582 77.638 17.1816
116.424170 77.782 14.1622
117.267827 77.872 11.1199
118.117598 77.907 8.1143
118.973527 77.894 5.1992
119.835658 77.837 2.4194
120.704037 77.742 -0.1911
121.578708 77.615 -2.6093
122.459718 77.464 -4.8248
123.347111 77.295 -6.8390
124.240935 77.112 -8.6627
125.141236 76.919 -10.3119
126.048061 76.720 -11.8040
126.961458 76.514 -13.1518
127.881473 76.301 -14.3608
128.808154 76.083 -15.4268
129.741551 75.859 -16.3361
130.681712 75.630 -17.0681
131.628686 75.401 -17.5994
132.582521 75.176 -17.9090
133.543269 74.963 -17.9852
134.510979 74.770 -17.8330
135.485701 74.607 -17.4802
136.467486 74.483 -16.9811
137.456386 74.402 -16.4136
138.452451 74.367 -15.8698
139.455735 74.372 -15.4411
140.466288 74.411 -15.2025
141.484165 74.472 -15.1999
142.509418 74.543 -15.4461
143.542100 74.614 -15.9235
144.582265 74.677 -16.5933
145.629968 74.726 -17.4064
146.685262 74.762 -18.3145
147.748204 74.784 -19.2787
148.818849 74.796 -20.2764
149.897251 74.801 -21.3030
150.983469 74.802 -22.3697
152.077557 74.801 -23.4979
153.179574 74.796 -24.7133
154.289576 74.786 -26.0404
155.407622 74.766 -27.4984
156.533770 74.733 -29.0981
157.668078 74.679 -30.8396
158.810606 74.600 -32.7116
159.961413 74.489 -34.6920
161.120559 74.341 -36.7492
162.288105 74.153 -38.8433
163.464112 73.922 -40.9284
164.648640 73.647 -42.9543
165.841752 73.327 -44.8699
167.043510 72.965 -46.6252
168.253976 72.564 -48.1755
169.473213 72.129 -49.4844
170.701286 71.665 -50.5291
171.938258 71.177 -51.3033
173.184194 70.670 -51.8189
174.439158 70.145 -52.1021
175.703216 69.599 -52.1823
176.976434 69.025 -52.0754
178.258878 68.409 -51.7593
179.550615 67.734 -51.1455
180.851713 66.983 -50.0442
182.162239 66.147 -48.1198
183.482262 65.236 -44.8400
184.811850 64.308 -39.4553
186.151073 63.508 -31.1783
187.500000 63.076 -19.8956
188.858702 63.236 -7.2184
190.227250 63.985 3.9873
191.605715 65.093 11.8793
192.994169 66.310 16.4138
194.392685 67.481 18.3593
195.801334 68.536 18.5104
197.220191 69.454 17.4670
198.649330 70.235 15.6480
200.088825 70.888 13.3442
201.538751 71.425 10.7627
202.999184 71.861 8.0547
204.470200 72.207 5.3333
205.951875 72.479 2.6816
207.444287 72.691 0.1568
208.947514 72.857 -2.2095
210.461634 72.989 -4.4112
211.986726 73.099 -6.4671
213.522869 73.197 -8.4174
215.070144 73.288 -10.3163
216.628631 73.374 -12.2239
218.198411 73.454 -14.1959
219.779567 73.524 -16.2765
221.372180 73.577 -18.4930
222.976334 73.607 -20.8537
224.592112 73.605 -23.3491
226.219600 73.564 -25.9538
227.858880 73.479 -28.6291
229.510039 73.345 -31.3264
231.173164 73.158 -33.9890
232.848340 72.918 -36.5549
234.535655 72.624 -38.9574
236.235197 72.278 -41.1259
237.947054 71.884 -42.9856
239.671317 71.449 -44.4589
241.408074 70.981 -45.4675
243.157416 70.496 -45.9395
244.919435 70.011 -45.8221
246.694223 69.551 -45.1010
248.481871 69.141 -43.8225
250.282473 68.807 -42.1100
252.096123 68.564 -40.1585
253.922915 68.418 -38.2026
255.762945 68.361 -36.4654
257.616309 68.373 -35.1133
259.483103 68.430 -34.2355
261.363424 68.507 -33.8496
263.257372 68.582 -33.9234
265.165043 68.640 -34.3988
267.086538 68.668 -35.2093
269.021957 68.659 -36.2909
270.971401 68.605 -37.5856
272.934972 68.502 -39.0409
274.912771 68.344 -40.6049
276.904902 68.127 -42.2210
278.911469 67.846 -43.8228
280.932577 67.496 -45.3288
282.968330 67.074 -46.6389
285.018835 66.580 -47.6320
287.084199 66.018 -48.1659
289.164530 65.396 -48.0810
291.259935 64.730 -47.2101
293.370525 64.049 -45.3998
295.496408 63.390 -42.5467
297.637697 62.802 -38.6492
299.794503 62.336 -33.8586
301.966937 62.035 -28.4929
304.155114 61.919 -22.9850
306.359147 61.981 -17.7735
308.579152 62.187 -13.1984
310.815244 62.494 -9.4542
313.067539 62.855 -6.6011
315.336156 63.229 -4.6014
317.621211 63.583 -3.3556
319.922826 63.895 -2.7278
322.241118 64.146 -2.5622
324.576210 64.328 -2.6951
326.928223 64.436 -2.9625
329.297280 64.473 -3.2069
331.683504 64.445 -3.2834
334.087019 64.364 -3.0646
336.507952 64.246 -2.4481
338.946427 64.110 -1.3632
341.402572 63.980 0.2193
343.876516 63.879 2.2791
346.368387 63.828 4.7416
348.878315 63.845 7.4824
351.406431 63.939 10.3433
353.952867 64.109 13.1593
356.517756 64.350 15.7872
359.101230 64.646 18.1276
361.703426 64.983 20.1317
364.324478 65.347 21.7950
366.964523 65.727 23.1415
369.623699 66.118 24.2052
372.302145 66.514 25.0153
375.000000 66.915 25.5876
377.717405 67.318 25.9235
380.454501 67.723 26.0140
383.211431 68.126 25.8471
385.988339 68.523 25.4147
388.785369 68.909 24.7164
391.602668 69.278 23.7602
394.440383 69.628 22.5609
397.298660 69.952 21.1371
400.177650 70.250 19.5086
403.077502 70.516 17.6960
405.998368 70.749 15.7200
408.940400 70.945 13.6030
411.903750 71.104 11.3703
414.888575 71.221 9.0494
417.895028 71.297 6.6696
420.923268 71.330 4.2601
423.973452 71.319 1.8493
427.045738 71.263 -0.5352
430.140287 71.161 -2.8658
433.257261 71.014 -5.1131
436.396822 70.818 -7.2437
439.559133 70.574 -9.2186
442.744360 70.279 -10.9893
445.952668 69.933 -12.4950
449.184225 69.536 -13.6585
452.439199 69.090 -14.3815
455.717760 68.600 -14.5427
459.020079 68.081 -14.0000
462.346327 67.552 -12.6027
465.696680 67.048 -10.2218
469.071310 66.615 -6.8031
472.470394 66.310 -2.4358
475.894109 66.183 2.5937
479.342634 66.264 7.8224
482.816148 66.548 12.7281
486.314833 66.999 16.8829
489.838871 67.564 20.0466
493.388445 68.188 22.1623
496.963741 68.829 23.2983
500.564945 69.455 23.5847
504.192245 70.045 23.1705
507.845830 70.589 22.1994
511.525890 71.080 20.7991
515.232618 71.518 19.0760
518.966206 71.904 17.1144
522.726849 72.242 14.9769
526.514743 72.535 12.7069
530.330086 72.786 10.3329
534.173076 72.996 7.8726
538.043915 73.168 5.3393
541.942803 73.302 2.7459
545.869944 73.396 0.1101
549.825542 73.450 -2.5444
553.809805 73.464 -5.1868
557.822939 73.439 -7.7811
561.865154 73.376 -10.2897
565.936660 73.280 -12.6781
570.037671 73.154 -14.9199
574.168399 73.005 -17.0012
578.329060 72.839 -18.9230
582.519870 72.660 -20.7011
586.741049 72.471 -22.3627
590.992817 72.273 -23.9407
595.275394 72.065 -25.4649
599.589005 71.843 -26.9533
603.933874 71.601 -28.4055
608.310228 71.334 -29.7998
612.718295 71.037 -31.0934
617.158304 70.708 -32.2266
621.630488 70.346 -33.1271
626.135079 69.955 -33.7168
630.672311 69.543 -33.9181
635.242423 69.121 -33.6630
639.845651 68.706 -32.9042
644.482237 68.319 -31.6296
649.152421 67.979 -29.8777
653.856447 67.709 -27.7474
658.594560 67.521 -25.3939
663.367008 67.422 -23.0034
668.174039 67.406 -20.7558
673.015903 67.458 -18.7906
677.892854 67.561 -17.1883
682.805145 67.694 -15.9732
687.753032 67.841 -15.1277
692.736774 67.989 -14.6097
697.756631 68.130 -14.3680
702.812863 68.258 -14.3533
707.905735 68.371 -14.5258
713.035511 68.466 -14.8562
718.202461 68.542 -15.3236
723.406852 68.595 -15.9092
728.648956 68.623 -16.5896
733.929047 68.623 -17.3308
739.247399 68.593 -18.0863
744.604290 68.533 -18.7996
750.000000 68.446 -19.4108
755.434809 68.338 -19.8658
760.909001 68.217 -20.1265
766.422861 68.093 -20.1787
771.976677 67.976 -20.0368
777.570739 67.876 -19.7426
783.205337 67.798 -19.3587
788.880766 67.744 -18.9559
794.597321 67.711 -18.5997
800.355301 67.695 -18.3398
806.155005 67.688 -18.2012
811.996736 67.683 -18.1843
817.880799 67.674 -18.2752
823.807501 67.658 -18.4512
829.777150 67.633 -18.6914
835.790057 67.599 -18.9851
841.846536 67.553 -19.3326
847.946903 67.493 -19.7397
854.091476 67.415 -20.2082
860.280575 67.313 -20.7248
866.514523 67.181 -21.2519
872.793644 67.015 -21.7258
879.118267 66.812 -22.0607
885.488720 66.578 -22.1586
891.905336 66.319 -21.9244
898.368450 66.052 -21.2856
904.878398 65.796 -20.2130
911.435520 65.571 -18.7383
918.040157 65.396 -16.9582
924.692655 65.282 -15.0182
931.393359 65.229 -13.0785
938.142619 65.230 -11.2760
944.940787 65.271 -9.6989
951.788218 65.334 -8.3804
958.685268 65.406 -7.3096
965.632296 65.473 -6.4453
972.629666 65.527 -5.7276
979.677741 65.561 -5.0843
986.776890 65.575 -4.4352
993.927482 65.571 -3.6958
1001.129891 65.554 -2.7843
1008.384491 65.539 -1.6331
1015.691660 65.540 -0.2058
1023.051781 65.577 1.4845
1030.465236 65.668 3.3619
1037.932411 65.825 5.2883
1045.453698 66.052 7.0872
1053.029486 66.340 8.5833
1060.660172 66.671 9.6446
1068.346153 67.023 10.2063
1076.087829 67.374 10.2717
1083.885605 67.703 9.8975
1091.739887 67.999 9.1724
1099.651084 68.254 8.1993
1107.619609 68.464 7.0815
1115.645878 68.632 5.9134
1123.730308 68.764 4.7720
1131.873321 68.869 3.7095
1140.075341 68.957 2.7470
1148.336797 69.038 1.8720
1156.658119 69.118 1.0431
1165.039741 69.202 0.2006
1173.482099 69.286 -0.7173
1181.985634 69.366 -1.7568
1190.550789 69.433 -2.9368
1199.178011 69.478 -4.2444
1207.867749 69.495 -5.6382
1216.620457 69.477 -7.0569
1225.436590 69.425 -8.4309
1234.316609 69.342 -9.6938
1243.260976 69.234 -10.7932
1252.270157 69.109 -11.7000
1261.344623 68.977 -12.4119
1270.484846 68.846 -12.9525
1279.691303 68.721 -13.3641
1288.964474 68.605 -13.6958
1298.304842 68.495 -13.9911
1307.712894 68.389 -14.2771
1317.189120 68.282 -14.5600
1326.734016 68.169 -14.8261
1336.348077 68.050 -15.0471
1346.031806 67.924 -15.1893
1355.785708 67.794 -15.2243
1365.610290 67.666 -15.1396
1375.506065 67.545 -14.9442
1385.473549 67.435 -14.6681
1395.513261 67.338 -14.3551
1405.625726 67.252 -14.0505
1415.811469 67.173 -13.7874
1426.071023 67.095 -13.5778
1436.404921 67.012 -13.4107
1446.813703 66.918 -13.2552
1457.297912 66.811 -13.0688
1467.858093 66.691 -12.8059
1478.494798 66.559 -12.4246
1489.208581 66.419 -11.8911
1500.000000 66.276 -11.1797
1510.869618 66.135 -10.2708
1521.818002 66.001 -9.1466
1532.845723 65.884 -7.7916
1543.953355 65.792 -6.1971
1555.141477 65.736 -4.3722
1566.410674 65.730 -2.3580
1577.761531 65.785 -0.2389
1589.194642 65.907 1.8601
1600.710601 66.094 3.7938
1612.310010 66.335 5.4290
1623.993473 66.616 6.6734
1635.761599 66.916 7.4909
1647.615002 67.218 7.8984
1659.554299 67.508 7.9517
1671.580114 67.777 7.7261
1683.693072 68.020 7.2994
1695.893807 68.239 6.7384
1708.182952 68.434 6.0917
1720.561150 68.611 5.3871
1733.029045 68.771 4.6349
1745.587288 68.918 3.8348
1758.236533 69.051 2.9848
1770.977440 69.171 2.0873
1783.810673 69.276 1.1536
1796.736900 69.368 0.2001
1809.756796 69.448 -0.7575
1822.871040 69.519 -1.7117
1836.080315 69.584 -2.6674
1849.385310 69.644 -3.6423
1862.786718 69.700 -4.6616
1876.285239 69.750 -5.7502
1889.881575 69.791 -6.9260
1903.576436 69.818 -8.1956
1917.370535 69.827 -9.5540
1931.264593 69.813 -10.9857
1945.259332 69.771 -12.4674
1959.355483 69.700 -13.9695
1973.553781 69.595 -15.4569
1987.854965 69.457 -16.8896
2002.259781 69.283 -18.2220
2016.768981 69.075 -19.4028
2031.383320 68.835 -20.3775
2046.103561 68.569 -21.0904
2060.930471 68.284 -21.4908
2075.864823 67.988 -21.5378
2090.907395 67.695 -21.2072
2106.058972 67.416 -20.4969
2121.320344 67.167 -19.4310
2136.692305 66.960 -18.0606
2152.175658 66.805 -16.4627
2167.771210 66.710 -14.7341
2183.479774 66.678 -12.9823
2199.302169 66.705 -11.3137
2215.239219 66.785 -9.8224
2231.291755 66.909 -8.5814
2247.460615 67.065 -7.6389
2263.746641 67.239 -7.0188
2280.150683 67.421 -6.7242
2296.673595 67.599 -6.7413
2313.316238 67.763 -7.0435
2330.079481 67.907 -7.5940
2346.964198 68.023 -8.3483
2363.971268 68.106 -9.2568
2381.101578 68.153 -10.2662
2398.356022 68.162 -11.3208
2415.735498 68.133 -12.3633
2433.240913 68.067 -13.3355
2450.873180 67.968 -14.1787
2468.633217 67.839 -14.8365
2486.521951 67.690 -15.2587
2504.540314 67.530 -15.4085
2522.689246 67.371 -15.2702
2540.969692 67.225 -14.8562
2559.382606 67.105 -14.2093
2577.928947 67.019 -13.3997
2596.609683 66.971 -12.5147
2615.425787 66.963 -11.6448
2634.378241 66.989 -10.8691
2653.468031 67.041 -10.2457
2672.696154 67.111 -9.8070
2692.063613 67.187 -9.5603
2711.571415 67.263 -9.4926
2731.220579 67.330 -9.5763
2751.012130 67.385 -9.7754
2770.947098 67.425 -10.0509
2791.026522 67.449 -10.3656
2811.251451 67.457 -10.6878
2831.622938 67.452 -10.9932
2852.142045 67.436 -11.2657
2872.809842 67.411 -11.4954
2893.627406 67.379 -11.6762
2914.595823 67.341 -11.8028
2935.716186 67.300 -11.8694
2956.989596 67.256 -11.8689
2978.417161 67.214 -11.7952
3000.000000 67.174 -11.6454
3021.739237 67.142 -11.4235
3043.636005 67.120 -11.1420
3065.691446 67.112 -10.8230
3087.906710 67.119 -10.4970
3110.282955 67.141 -10.1989
3132.821347 67.177 -9.9631
3155.523062 67.223 -9.8180
3178.389283 67.275 -9.7824
3201.421202 67.327 -9.8629
3224.620020 67.375 -10.0537
3247.986946 67.414 -10.3386
3271.523198 67.441 -10.6939
3295.230004 67.455 -11.0927
3319.108599 67.454 -11.5087
3343.160228 67.440 -11.9200
3367.386145 67.414 -12.3110
3391.787613 67.377 -12.6719
3416.365904 67.331 -12.9974
3441.122300 67.275 -13.2836
3466.058091 67.209 -13.5244
3491.174576 67.134 -13.7079
3516.473066 67.048 -13.8146
3541.954880 66.954 -13.8178
3567.621345 66.853 -13.6857
3593.473800 66.751 -13.3870
3619.513592 66.655 -12.8987
3645.742080 66.575 -12.2157
3672.160630 66.519 -11.3596
3698.770620 66.499 -10.3830
3725.573436 66.519 -9.3663
3752.570477 66.580 -8.4060
3779.763150 66.679 -7.5967
3807.152872 66.805 -7.0132
3834.741071 66.946 -6.6982
3862.529185 67.090 -6.6587
3890.518664 67.225 -6.8697
3918.710966 67.340 -7.2835
3947.107561 67.432 -7.8399
3975.709929 67.497 -8.4763
4004.519563 67.535 -9.1360
4033.537962 67.551 -9.7733
4062.766641 67.547 -10.3564
4092.207123 67.528 -10.8674
4121.860942 67.498 -11.2998
4151.729646 67.461 -11.6551
4181.814790 67.419 -11.9372
4212.117944 67.373 -12.1488
4242.640687 67.326 -12.2885
4273.384610 67.278 -12.3509
4304.351317 67.232 -12.3286
4335.542421 67.191 -12.2172
4366.959549 67.161 -12.0211
4398.604338 67.145 -11.7585
4430.478438 67.147 -11.4647
4462.583511 67.169 -11.1891
4494.921231 67.210 -10.9865
4527.493283 67.264 -10.9050
4560.301365 67.323 -10.9753
4593.347189 67.380 -11.2028
4626.632476 67.425 -11.5679
4660.158962 67.453 -12.0299
4693.928395 67.461 -12.5351
4727.942535 67.447 -13.0253
4762.203156 67.414 -13.4462
4796.712043 67.369 -13.7552
4831.470996 67.319 -13.9287
4866.481826 67.272 -13.9681
4901.746360 67.237 -13.9015
4937.266434 67.218 -13.7813
4973.043902 67.217 -13.6734
5009.080628 67.231 -13.6410
5045.378492 67.251 -13.7277
5081.939384 67.269 -13.9458
5118.765212 67.276 -14.2728
5155.857894 67.264 -14.6575
5193.219366 67.232 -15.0320
5230.851574 67.181 -15.3254
5268.756481 67.118 -15.4779
5306.936062 67.052 -15.4540
5345.392309 66.995 -15.2518
5384.127225 66.958 -14.9072
5423.142830 66.948 -14.4891
5462.441159 66.968 -14.0861
5502.024259 67.016 -13.7864
5541.894195 67.083 -13.6571
5582.053045 67.157 -13.7320
5622.502902 67.229 -14.0082
5663.245876 67.289 -14.4538
5704.284090 67.331 -15.0207
5745.619684 67.352 -15.6576
5787.254813 67.353 -16.3209
5829.191647 67.335 -16.9795
5871.432373 67.301 -17.6156
5913.979192 67.253 -18.2204
5956.834323 67.192 -18.7895
6000.000000 67.117 -19.3173
6043.478473 67.031 -19.7947
6087.272010 66.933 -20.2098
6131.382892 66.823 -20.5498
6175.813420 66.704 -20.8032
6220.565910 66.576 -20.9600
6265.642695 66.439 -21.0102
6311.046124 66.296 -20.9411
6356.778566 66.148 -20.7344
6402.842404 65.996 -20.3657
6449.240040 65.845 -19.8081
6495.973891 65.701 -19.0368
6543.046396 65.571 -18.0370
6590.460007 65.465 -16.8105
6638.217197 65.393 -15.3811
6686.320456 65.364 -13.7980
6734.772290 65.387 -12.1323
6783.575226 65.463 -10.4714
6832.731809 65.593 -8.9073
6882.244600 65.772 -7.5253
6932.116181 65.992 -6.3950
6982.349153 66.244 -5.5656
7032.946133 66.517 -5.0663
7083.909760 66.801 -4.9099
7135.242690 67.085 -5.0959
7186.947600 67.362 -5.6128
7239.027185 67.622 -6.4397
7291.484160 67.858 -7.5465
7344.321260 68.065 -8.8960
7397.541239 68.237 -10.4461
7451.146872 68.371 -12.1528
7505.140954 68.466 -13.9721
7559.526299 68.519 -15.8609
7614.305743 68.531 -17.7769
7669.482141 68.502 -19.6794
7725.058371 68.434 -21.5289
7781.037328 68.328 -23.2895
7837.421932 68.187 -24.9294
7894.215122 68.015 -26.4224
7951.419859 67.815 -27.7470
8009.039125 67.589 -28.8844
8067.075924 67.341 -29.8156
8125.533282 67.072 -30.5187
8184.414245 66.787 -30.9664
8243.721885 66.489 -31.1257
8303.459292 66.184 -30.9591
8363.629581 65.881 -30.4299
8424.235888 65.589 -29.5082
8485.281374 65.324 -28.1788
8546.769221 65.101 -26.4507
8608.702634 64.939 -24.3705
8671.084842 64.856 -22.0345
8733.919097 64.864 -19.5929
8797.208675 64.967 -17.2376
8860.956876 65.159 -15.1689
8925.167022 65.420 -13.5544
8989.842461 65.727 -12.4957
9054.986566 66.053 -12.0204
9120.602731 66.376 -12.0951
9186.694378 66.677 -12.6492
9253.264952 66.946 -13.5982
9320.317925 67.173 -14.8589
9387.856790 67.355 -16.3557
9455.885071 67.490 -18.0210
9524.406312 67.575 -19.7912
9593.424086 67.612 -21.6034
9662.941992 67.601 -23.3955
9732.963653 67.546 -25.1074
9803.492719 67.452 -26.6857
9874.532869 67.325 -28.0875
9946.087805 67.172 -29.2830
10018.161257 67.001 -30.2561
10090.756983 66.820 -31.0024
10163.878768 66.636 -31.5271
10237.530423 66.456 -31.8421
10311.715789 66.286 -31.9649
10386.438732 66.131 -31.9187
10461.703149 65.998 -31.7372
10537.512962 65.891 -31.4694
10613.872125 65.814 -31.1813
10690.784618 65.763 -30.9493
10768.254450 65.735 -30.8458
10846.285661 65.718 -30.9216
10924.882318 65.701 -31.1944
11004.048518 65.672 -31.6478
11083.788390 65.622 -32.2395
11164.106090 65.544 -32.9128
11245.005805 65.434 -33.6045
11326.491752 65.289 -34.2470
11408.568180 65.110 -34.7671
11491.239368 64.899 -35.0852
11574.509626 64.664 -35.1186
11658.383294 64.416 -34.7904
11742.864745 64.170 -34.0407
11827.958384 63.948 -32.8421
11913.668646 63.772 -31.2156
12000.000000 63.667 -29.2458
12086.956947 63.652 -27.0888
12174.544019 63.737 -24.9613
12262.765784 63.921 -23.1068
12351.626840 64.184 -21.7453
12441.131819 64.500 -21.0313
12531.285389 64.838 -21.0353
12622.092249 65.166 -21.7512
12713.557132 65.460 -23.1193
12805.684808 65.698 -25.0499
12898.480079 65.865 -27.4416
12991.947783 65.948 -30.1903
13086.092792 65.937 -33.1891
13180.920015 65.822 -36.3245
13276.434395 65.594 -39.4677
13372.640911 65.246 -42.4656
13469.544580 64.771 -45.1280
13567.150452 64.167 -47.2114
13665.463617 63.439 -48.3964
13764.489200 62.609 -48.2676
13864.232362 61.731 -46.3246
13964.698305 60.912 -42.1112
14065.892266 60.317 -35.5856
14167.819519 60.118 -27.6252
14270.485380 60.377 -19.9540
14373.895200 60.988 -14.1269
14478.054370 61.773 -10.7211
14582.968320 62.576 -9.5189
14688.642520 63.307 -10.0221
14795.082478 63.921 -11.7483
14902.293745 64.399 -14.3139
15010.281908 64.737 -17.4273
15119.052599 64.933 -20.8598
15228.611486 64.988 -24.4168
15338.964283 64.903 -27.9135
15450.116741 64.682 -31.1554
15562.074656 64.330 -33.9224
15674.843864 63.861 -35.9594
15788.430244 63.301 -36.9775
15902.839718 62.695 -36.6836
16018.078250 62.115 -34.8678
16134.151848 61.657 -31.5675
16251.066563 61.416 -27.2380
16368.828491 61.439 -22.7288
16487.443769 61.700 -18.9430
16606.918584 62.113 -16.4437
16727.259161 62.578 -15.3414
16848.471777 63.018 -15.4386
16970.562748 63.384 -16.4115
17093.538442 63.655 -17.9216
17217.405268 63.826 -19.6615
17342.169684 63.905 -21.3710
17467.838194 63.913 -22.8465
17594.417350 63.877 -23.9557
17721.913751 63.830 -24.6575
17850.334044 63.802 -25.0198
17979.684923 63.815 -25.2155
18109.973131 63.877 -25.4807
18241.205462 63.975 -26.0409
18373.388756 64.083 -27.0416
18506.529905 64.169 -28.5134
18640.635849 64.199 -30.3719
18775.713581 64.152 -32.4360
18911.770141 64.013 -34.4505
19048.812624 63.789 -36.1083
19186.848172 63.505 -37.0862
19325.883983 63.213 -37.1193
19465.927305 62.991 -36.1377
19606.985439 62.924 -34.4287
19749.065738 63.062 -32.6714
19892.175609 63.393 -31.6988
20036.322514 63.842 -32.1269
20181.513966 64.313 -34.1711
20327.757536 64.720 -37.7219
20475.060846 65.000 -42.5033
20623.431577 65.111 -48.1817
20772.877464 65.027 -54.4078
20923.406297 64.732 -60.8172
21075.025924 64.224 -67.0111
21227.744250 63.515 -72.5404
21381.569235 62.644 -76.9260
21536.508900 61.689 -79.7877
21692.571321 60.767 -81.1448
21849.764635 59.991 -81.7416
22008.097037 59.393 -82.8967
22167.576780 58.880 -85.7310
22328.212180 58.289 -90.5741
22490.011609 57.457 -97.0482
22652.983504 56.266 -104.4166
22817.136361 54.638 -111.8020
22982.478737 52.520 -118.2412
23149.019252 49.881 -122.6502
23316.766588 46.705 -123.7510
23485.729490 42.985 -120.1396
23655.916767 38.732 -111.8480
23827.337292 34.041 -103.4960
24000.000000 29.892 -98.8626
