* Measurement data measured by REW V5.40 beta 133
* Source: Frequency response averaged data
* Format: Averaged data produced from the rms magnitudes of L+R.C, LR.1, LR.2, LR.3, LR.4
* Dated: Aug 31, 2026, 2:05:53 PM
* REW Settings:
*  C-weighting compensation: Off
*  Target level: 75.0 dB
* Note: ; Averaged data produced from the rms magnitudes of L+R.C, LR.1, LR.2, LR.3, LR.4
* Measurement: LR-SP
* Smoothing: 1/48 octave
* Frequency Step: 96 ppo
* Start Frequency: 16.230043 Hz
*
* Freq(Hz) SPL(dB)
16.230043 70.839
16.347653 70.966
16.466115 71.121
16.585435 71.280
16.705620 71.437
16.826676 71.593
16.948609 71.746
17.071425 71.898
17.195132 72.049
17.319735 72.201
17.445241 72.354
17.571656 72.508
17.698988 72.664
17.827242 72.822
17.956426 72.981
18.086545 73.142
18.217608 73.303
18.349620 73.463
18.482589 73.623
18.616521 73.780
18.751424 73.935
18.887305 74.086
19.024170 74.233
19.162027 74.374
19.300883 74.508
19.440745 74.636
19.581621 74.756
19.723517 74.869
19.866442 74.974
20.010403 75.072
20.155406 75.164
20.301461 75.250
20.448573 75.333
20.596752 75.413
20.746005 75.493
20.896339 75.573
21.047762 75.656
21.200283 75.743
21.353909 75.833
21.508648 75.927
21.664509 76.026
21.821499 76.127
21.979626 76.231
22.138900 76.336
22.299327 76.440
22.460917 76.541
22.623679 76.639
22.787619 76.733
22.952748 76.823
23.119073 76.906
23.286603 76.985
23.455347 77.058
23.625314 77.128
23.796513 77.193
23.968952 77.255
24.142641 77.315
24.317589 77.372
24.493804 77.427
24.671296 77.481
24.850075 77.532
25.030149 77.580
25.211527 77.623
25.394221 77.661
25.578238 77.691
25.763588 77.713
25.950282 77.724
26.138328 77.722
26.327737 77.705
26.518519 77.671
26.710683 77.618
26.904239 77.543
27.099199 77.445
27.295571 77.320
27.493366 77.166
27.692594 76.980
27.893266 76.759
28.095392 76.502
28.298983 76.204
28.504049 75.865
28.710601 75.484
28.918650 75.062
29.128206 74.601
29.339281 74.105
29.551886 73.582
29.766031 73.044
29.981728 72.504
30.198988 71.981
30.417822 71.495
30.638242 71.069
30.860259 70.722
31.083886 70.470
31.309132 70.320
31.536011 70.269
31.764534 70.308
31.994713 70.422
32.226560 70.593
32.460087 70.806
32.695306 71.044
32.932230 71.296
33.170870 71.551
33.411240 71.801
33.653352 72.038
33.897218 72.256
34.142851 72.448
34.390264 72.610
34.639470 72.737
34.890482 72.824
35.143313 72.868
35.397976 72.866
35.654484 72.816
35.912851 72.719
36.173090 72.575
36.435216 72.385
36.699240 72.151
36.965178 71.877
37.233043 71.569
37.502849 71.232
37.774610 70.874
38.048340 70.501
38.324054 70.123
38.601766 69.746
38.881491 69.377
39.163242 69.018
39.447035 68.674
39.732884 68.344
40.020805 68.028
40.310812 67.724
40.602921 67.432
40.897147 67.154
41.193504 66.892
41.492009 66.651
41.792678 66.439
42.095525 66.261
42.400566 66.122
42.707818 66.025
43.017296 65.967
43.329018 65.945
43.642997 65.950
43.959253 65.972
44.277799 65.998
44.598655 66.018
44.921835 66.021
45.247357 66.002
45.575238 65.954
45.905495 65.878
46.238145 65.777
46.573206 65.659
46.910694 65.540
47.250629 65.442
47.593026 65.390
47.937905 65.409
48.285283 65.516
48.635178 65.722
48.987608 66.019
49.342593 66.391
49.700150 66.811
50.060297 67.252
50.423055 67.691
50.788441 68.107
51.156475 68.487
51.527176 68.821
51.900563 69.101
52.276656 69.324
52.655474 69.488
53.037037 69.593
53.421366 69.638
53.808479 69.625
54.198397 69.554
54.591141 69.429
54.986731 69.252
55.385188 69.025
55.786532 68.753
56.190784 68.441
56.597965 68.095
57.008098 67.721
57.421202 67.332
57.837299 66.942
58.256412 66.574
58.678562 66.260
59.103771 66.041
59.532062 65.960
59.963456 66.056
60.397975 66.347
60.835644 66.820
61.276484 67.438
61.720519 68.151
62.167771 68.907
62.618265 69.664
63.072022 70.392
63.529068 71.068
63.989426 71.681
64.453120 72.221
64.920174 72.683
65.390612 73.068
65.864459 73.372
66.341740 73.597
66.822480 73.742
67.306703 73.809
67.794435 73.796
68.285702 73.703
68.780528 73.531
69.278940 73.276
69.780964 72.937
70.286626 72.512
70.795951 71.996
71.308968 71.389
71.825702 70.693
72.346181 69.918
72.870431 69.091
73.398480 68.276
73.930356 67.582
74.466086 67.166
75.005698 67.171
75.549220 67.622
76.096681 68.409
76.648109 69.367
77.203532 70.364
77.762981 71.319
78.326484 72.196
78.894070 72.978
79.465769 73.662
80.041610 74.252
80.621625 74.754
81.205842 75.174
81.794293 75.518
82.387009 75.792
82.984019 76.001
83.585355 76.149
84.191049 76.238
84.801132 76.272
85.415636 76.252
86.034593 76.177
86.658035 76.049
87.285995 75.868
87.918505 75.634
88.555599 75.350
89.197309 75.019
89.843670 74.646
90.494714 74.238
91.150476 73.807
91.810990 73.363
92.476290 72.920
93.146412 72.495
93.821389 72.102
94.501257 71.755
95.186052 71.466
95.875810 71.245
96.570565 71.095
97.270356 71.018
97.975217 71.011
98.685186 71.067
99.400299 71.178
100.120595 71.333
100.846110 71.520
101.576882 71.729
102.312950 71.950
103.054352 72.180
103.801126 72.417
104.553312 72.666
105.310948 72.933
106.074075 73.229
106.842731 73.562
107.616958 73.936
108.396795 74.350
109.182283 74.793
109.973462 75.252
110.770375 75.710
111.573063 76.151
112.381568 76.561
113.195931 76.928
114.016195 77.245
114.842404 77.505
115.674599 77.706
116.512825 77.847
117.357125 77.929
118.207543 77.956
119.064123 77.932
119.926911 77.863
120.795951 77.756
121.671288 77.618
122.552969 77.457
123.441038 77.280
124.335543 77.091
125.236529 76.896
126.144045 76.694
127.058136 76.487
127.978852 76.274
128.906240 76.054
129.840347 75.827
130.781224 75.595
131.728919 75.360
132.683481 75.129
133.644960 74.910
134.613406 74.713
135.588871 74.548
136.571403 74.425
137.561056 74.350
138.557880 74.324
139.561928 74.342
140.573251 74.395
141.591903 74.470
142.617936 74.552
143.651404 74.631
144.692362 74.697
145.740862 74.746
146.796961 74.778
147.860712 74.795
148.932171 74.802
150.011395 74.804
151.098440 74.804
152.193361 74.802
153.296217 74.800
154.407065 74.793
155.525962 74.778
156.652967 74.748
157.788139 74.697
158.931537 74.619
160.083221 74.508
161.243250 74.357
162.411685 74.164
163.588587 73.924
164.774017 73.638
165.968037 73.305
167.170710 72.928
168.382098 72.511
169.602264 72.060
170.831272 71.582
172.069186 71.083
173.316070 70.569
174.571990 70.042
175.837011 69.497
177.111198 68.924
178.394619 68.306
179.687340 67.621
180.989428 66.844
182.300952 65.956
183.621980 64.954
184.952581 63.890
186.292823 62.926
187.642778 62.376
189.002515 62.564
190.372105 63.478
191.751620 64.783
193.141131 66.158
194.540711 67.438
195.950433 68.562
197.370371 69.522
198.800598 70.326
200.241189 70.989
201.692219 71.528
203.153764 71.957
204.625900 72.293
206.108704 72.552
207.602253 72.749
209.106624 72.899
210.621897 73.018
212.148150 73.118
213.685463 73.209
215.233916 73.298
216.793589 73.386
218.364565 73.471
219.946925 73.547
221.540751 73.606
223.146127 73.640
224.763135 73.642
226.391862 73.601
228.032390 73.514
229.684807 73.374
231.349198 73.179
233.025650 72.926
234.714249 72.617
236.415086 72.254
238.128247 71.840
239.853822 71.382
241.591902 70.892
243.342576 70.384
245.105937 69.880
246.882076 69.405
248.671085 68.989
250.473058 68.660
252.288089 68.435
254.116273 68.317
255.957704 68.292
257.812479 68.337
259.680695 68.421
261.562448 68.519
263.457837 68.609
265.366961 68.676
267.289920 68.708
269.226813 68.700
271.177741 68.645
273.142807 68.538
275.122112 68.375
277.115760 68.151
279.123855 67.858
281.146502 67.492
283.183805 67.048
285.235872 66.526
287.302809 65.930
289.384723 65.268
291.481724 64.561
293.593921 63.841
295.721424 63.151
297.864343 62.548
300.022791 62.087
302.196880 61.812
304.386723 61.738
306.592434 61.848
308.814130 62.103
311.051924 62.454
313.305935 62.853
315.576279 63.260
317.863074 63.640
320.166441 63.970
322.486499 64.232
324.823369 64.415
327.177173 64.516
329.548034 64.538
331.936075 64.490
334.341421 64.386
336.764196 64.243
339.204528 64.083
341.662544 63.932
344.138372 63.815
346.632140 63.755
349.143980 63.770
351.674021 63.870
354.222396 64.052
356.789237 64.307
359.374679 64.618
361.978856 64.968
364.601904 65.341
367.243960 65.727
369.905161 66.119
372.585647 66.516
375.285556 66.917
378.005030 67.323
380.744210 67.731
383.503239 68.139
386.282262 68.541
389.081422 68.933
391.900867 69.308
394.740742 69.662
397.601196 69.991
400.482378 70.292
403.384439 70.561
406.307529 70.797
409.251801 70.995
412.217408 71.154
415.204505 71.271
418.213248 71.345
421.243794 71.374
424.296300 71.358
427.370926 71.297
430.467832 71.190
433.587179 71.035
436.729130 70.831
439.893850 70.577
443.081502 70.271
446.292253 69.912
449.526271 69.498
452.783723 69.031
456.064781 68.517
459.369614 67.968
462.698396 67.407
466.051299 66.871
469.428499 66.413
472.830171 66.093
476.256494 65.969
479.707645 66.071
483.183804 66.391
486.685153 66.884
490.211874 67.490
493.764152 68.152
497.342170 68.824
500.946117 69.474
504.576179 70.082
508.232546 70.637
511.915408 71.135
515.624958 71.575
519.361389 71.961
523.124896 72.297
526.915675 72.588
530.733923 72.836
534.579839 73.045
538.453625 73.216
542.355482 73.348
546.285614 73.441
550.244224 73.492
554.231521 73.502
558.247711 73.470
562.293004 73.398
566.367611 73.292
570.471744 73.156
574.605618 72.998
578.769447 72.824
582.963449 72.640
587.187842 72.449
591.442847 72.252
595.728686 72.046
600.045582 71.826
604.393759 71.585
608.773446 71.316
613.184869 71.014
617.628259 70.676
622.103848 70.302
626.611869 69.896
631.152557 69.467
635.726149 69.029
640.332882 68.600
644.972998 68.202
649.646739 67.858
654.354347 67.592
659.096068 67.417
663.872150 67.338
668.682841 67.345
673.528393 67.421
678.409057 67.545
683.325089 67.694
688.276744 67.853
693.264281 68.009
698.287960 68.153
703.348042 68.283
708.444792 68.396
713.578475 68.492
718.749359 68.568
723.957713 68.622
729.203809 68.651
734.487920 68.650
739.810323 68.616
745.171293 68.549
750.571111 68.453
756.010059 68.334
761.488420 68.201
767.006479 68.068
772.564524 67.945
778.162845 67.843
783.801734 67.767
789.481484 67.719
795.202392 67.694
800.964757 67.686
806.768877 67.687
812.615057 67.687
818.503601 67.680
824.434816 67.665
830.409010 67.639
836.426496 67.603
842.487587 67.558
848.592600 67.501
854.741851 67.426
860.935663 67.326
867.174358 67.194
873.458261 67.022
879.787699 66.809
886.163004 66.559
892.584506 66.283
899.052541 65.997
905.567447 65.726
912.129562 65.493
918.739229 65.319
925.396792 65.214
932.102598 65.178
938.856998 65.199
945.660343 65.258
952.512987 65.336
959.415289 65.419
966.367608 65.493
973.370306 65.550
980.423748 65.584
987.528303 65.593
994.684340 65.581
1001.892233 65.552
1009.152357 65.522
1016.465091 65.508
1023.830816 65.532
1031.249916 65.615
1038.722778 65.773
1046.249792 66.009
1053.831349 66.314
1061.467845 66.665
1069.159679 67.038
1076.907251 67.406
1084.710965 67.749
1092.571227 68.052
1100.488449 68.308
1108.463042 68.515
1116.495422 68.675
1124.586008 68.797
1132.735222 68.891
1140.943488 68.969
1149.211235 69.043
1157.538893 69.121
1165.926897 69.207
1174.375684 69.297
1182.885695 69.385
1191.457372 69.459
1200.091163 69.509
1208.787519 69.525
1217.546891 69.504
1226.369738 69.445
1235.256518 69.351
1244.207696 69.232
1253.223738 69.097
1262.305114 68.957
1271.452297 68.822
1280.665765 68.697
1289.945997 68.584
1299.293477 68.479
1308.708693 68.377
1318.192136 68.273
1327.744300 68.162
1337.365682 68.040
1347.056785 67.910
1356.818114 67.776
1366.650177 67.643
1376.553488 67.519
1386.528562 67.409
1396.575919 67.316
1406.696084 67.236
1416.889584 67.164
1427.156950 67.091
1437.498718 67.011
1447.915426 66.918
1458.407618 66.809
1468.975841 66.684
1479.620645 66.547
1490.342586 66.402
1501.142223 66.255
1512.020118 66.109
1522.976839 65.972
1534.012957 65.849
1545.129048 65.751
1556.325690 65.689
1567.603467 65.679
1578.962968 65.734
1590.404785 65.861
1601.929513 66.059
1613.537755 66.317
1625.230115 66.614
1637.007202 66.931
1648.869631 67.245
1660.818020 67.542
1672.852992 67.814
1684.975174 68.057
1697.185199 68.272
1709.483703 68.463
1721.871326 68.636
1734.348716 68.794
1746.916521 68.940
1759.575399 69.073
1772.326007 69.192
1785.169012 69.297
1798.105083 69.386
1811.134893 69.463
1824.259123 69.531
1837.478457 69.593
1850.793583 69.652
1864.205197 69.710
1877.713996 69.763
1891.320686 69.806
1905.025975 69.836
1918.830578 69.847
1932.735216 69.833
1946.740612 69.790
1960.847497 69.717
1975.056606 69.609
1989.368681 69.465
2003.784466 69.284
2018.304714 69.068
2032.930182 68.818
2047.661632 68.541
2062.499833 68.243
2077.445557 67.937
2092.499584 67.634
2107.662698 67.349
2122.935691 67.096
2138.319358 66.889
2153.814501 66.738
2169.421929 66.650
2185.142455 66.627
2200.976898 66.666
2216.926084 66.759
2232.990844 66.895
2249.172016 67.062
2265.470444 67.247
2281.886976 67.438
2298.422470 67.623
2315.077787 67.794
2331.853795 67.941
2348.751369 68.059
2365.771389 68.142
2382.914744 68.187
2400.182326 68.193
2417.575037 68.158
2435.093782 68.085
2452.739476 67.976
2470.513037 67.838
2488.415393 67.677
2506.447477 67.506
2524.610228 67.337
2542.904595 67.185
2561.331530 67.062
2579.891994 66.977
2598.586955 66.935
2617.417387 66.935
2636.384272 66.971
2655.488599 67.034
2674.731364 67.112
2694.113570 67.197
2713.636228 67.277
2733.300355 67.348
2753.106976 67.403
2773.057124 67.442
2793.151839 67.463
2813.392169 67.468
2833.779168 67.460
2854.313900 67.441
2874.997435 67.413
2895.830852 67.379
2916.815236 67.340
2937.951681 67.296
2959.241290 67.251
2980.685173 67.206
3002.284446 67.164
3024.040237 67.130
3045.953679 67.107
3068.025915 67.099
3090.258095 67.108
3112.651379 67.133
3135.206934 67.173
3157.925936 67.223
3180.809569 67.280
3203.859027 67.336
3227.075510 67.387
3250.460229 67.428
3274.014404 67.455
3297.739262 67.467
3321.636040 67.464
3345.705984 67.448
3369.950349 67.419
3394.370398 67.380
3418.967405 67.332
3443.742653 67.275
3468.697431 67.209
3493.833043 67.132
3519.150797 67.045
3544.652015 66.947
3570.338024 66.842
3596.210166 66.734
3622.269787 66.631
3648.518247 66.545
3674.956914 66.485
3701.587167 66.464
3728.410393 66.487
3755.427992 66.556
3782.641371 66.665
3810.051950 66.804
3837.661157 66.957
3865.470432 67.111
3893.481224 67.252
3921.694994 67.370
3950.113212 67.462
3978.737361 67.523
4007.568932 67.557
4036.609429 67.567
4065.860364 67.557
4095.323265 67.533
4124.999665 67.500
4154.891113 67.460
4184.999167 67.417
4215.325396 67.370
4245.871382 67.321
4276.638716 67.271
4307.629003 67.222
4338.843858 67.179
4370.284910 67.146
4401.953796 67.128
4433.852167 67.131
4465.981688 67.157
4498.344032 67.203
4530.940887 67.265
4563.773953 67.332
4596.844940 67.395
4630.155574 67.444
4663.707590 67.473
4697.502737 67.478
4731.542778 67.459
4765.829488 67.420
4800.364653 67.367
4835.150074 67.309
4870.187565 67.256
4905.478951 67.218
4941.026074 67.201
4976.830786 67.205
5012.894953 67.227
5049.220456 67.256
5085.809189 67.281
5122.663059 67.292
5159.783987 67.280
5197.173909 67.243
5234.834774 67.185
5272.768544 67.112
5310.977199 67.036
5349.462729 66.972
5388.227141 66.931
5427.272456 66.923
5466.600709 66.949
5506.213952 67.006
5546.114248 67.084
5586.303678 67.168
5626.784337 67.247
5667.558336 67.310
5708.627800 67.351
5749.994870 67.370
5791.661703 67.367
5833.630471 67.345
5875.903363 67.308
5918.482581 67.257
5961.370345 67.193
6004.568892 67.118
6048.080473 67.029
6091.907358 66.928
6136.051830 66.817
6180.516191 66.695
6225.302759 66.564
6270.413869 66.426
6315.851872 66.282
6361.619139 66.131
6407.718053 65.975
6454.151020 65.820
6500.920459 65.670
6548.028808 65.536
6595.478524 65.425
6643.272080 65.351
6691.411968 65.322
6739.900698 65.347
6788.740797 65.428
6837.934811 65.565
6887.485305 65.753
6937.394863 65.982
6987.666086 66.243
7038.301595 66.524
7089.304030 66.816
7140.676049 67.107
7192.420331 67.391
7244.539574 67.656
7297.036494 67.897
7349.913828 68.106
7403.174334 68.280
7456.820787 68.413
7510.855984 68.506
7565.282743 68.556
7620.103900 68.563
7675.322314 68.528
7730.940863 68.453
7786.962448 68.339
7843.389988 68.191
7900.226425 68.011
7957.474722 67.803
8015.137864 67.571
8073.218857 67.316
8131.720729 67.042
8190.646529 66.751
8249.999331 66.446
8309.782227 66.134
8369.998334 65.822
8430.650792 65.524
8491.742763 65.252
8553.277432 65.024
8615.258006 64.859
8677.687717 64.777
8740.569819 64.791
8803.907591 64.907
8867.704335 65.116
8931.963376 65.400
8996.688064 65.728
9061.881775 66.073
9127.547906 66.410
9193.689880 66.721
9260.311147 66.994
9327.415179 67.224
9395.005474 67.406
9463.085557 67.539
9531.658976 67.621
9600.729306 67.651
9670.300148 67.633
9740.375129 67.568
9810.957903 67.463
9882.052148 67.325
9953.661571 67.163
10025.789906 66.984
10098.440913 66.796
10171.618379 66.607
10245.326118 66.423
10319.567975 66.250
10394.347818 66.094
10469.669547 65.961
10545.537089 65.856
10621.954398 65.784
10698.925458 65.742
10776.454282 65.723
10854.544912 65.717
10933.201419 65.709
11012.427903 65.686
11092.228495 65.638
11172.607356 65.559
11253.568674 65.445
11335.116672 65.295
11417.255600 65.107
11499.989740 64.886
11583.323407 64.638
11667.260943 64.375
11751.806725 64.115
11836.965161 63.880
11922.740690 63.694
12009.137784 63.585
12096.160947 63.572
12183.814715 63.668
12272.103659 63.870
12361.032381 64.157
12450.605517 64.499
12540.827737 64.861
12631.703745 65.211
12723.238277 65.521
12815.436107 65.770
12908.302039 65.943
13001.840917 66.028
13096.057616 66.013
13190.957048 65.889
13286.544160 65.645
13382.823936 65.272
13479.801395 64.762
13577.481593 64.110
13675.869622 63.320
13774.970610 62.411
13874.789726 61.441
13975.332172 60.532
14076.603190 59.888
14178.608059 59.721
14281.352098 60.089
14384.840662 60.835
14489.079147 61.733
14594.072988 62.615
14699.827657 63.395
14806.348667 64.036
14913.641573 64.527
15021.711968 64.867
15130.565485 65.056
15240.207800 65.097
15350.644628 64.991
15461.881727 64.739
15573.924896 64.346
15686.779975 63.826
15800.452849 63.205
15914.949444 62.533
16030.275728 61.894
16146.437714 61.403
16263.441458 61.173
16381.293059 61.253
16499.998661 61.595
16619.564453 62.088
16739.996668 62.617
16861.301585 63.097
16983.485527 63.482
17106.554864 63.754
17230.516012 63.911
17355.375434 63.967
17481.139638 63.945
17607.815182 63.878
17735.408670 63.804
17863.926752 63.761
17993.376129 63.775
18123.763550 63.853
18255.095811 63.976
18387.379761 64.113
18520.622294 64.222
18654.830358 64.266
18790.010949 64.218
18926.171114 64.061
19063.317952 63.800
19201.458612 63.461
19340.600296 63.107
19480.750259 62.832
19621.915805 62.744
19764.104296 62.908
19907.323143 63.305
20051.579813 63.836
20196.881826 64.382
20343.236757 64.844
20490.652237 65.157
20639.135949 65.275
20788.695636 65.172
20939.339095 64.832
21091.074177 64.247
21243.908795 63.431
21397.850915 62.430
21552.908564 61.355
21709.089824 60.379
21866.402838 59.669
22024.855807 59.233
22184.456991 58.883
22345.214711 58.366
22507.137348 57.479
22670.233344 56.087
22834.511200 54.099
22999.979481 51.451
23166.646813 48.099
23334.521886 44.017
23503.613450 39.203
23673.930322 33.685
23845.481380 27.552
24018.275568 21.704
