* Measurement data measured by REW V5.40 beta 133
* Source: Vector average
* Format: Vector average
* Dated: Aug 31, 2026, 1:53:05 PM
* REW Settings:
*  C-weighting compensation: Off
*  Target level: 75.0 dB
* Note: ; Vector average of L MPM.1, R MPM.1
* Measurement: LR.1
* Smoothing: 1/48 octave
* Frequency Step: 96 ppo
* Start Frequency: 16.113281 Hz
*
* Freq(Hz) SPL(dB) Phase(degrees)
16.113281 69.424 -172.3612
16.230045 69.574 -173.7268
16.347654 69.755 -175.0995
16.466116 69.938 -176.4715
16.585436 70.113 -177.8479
16.705621 70.280 -179.2375
16.826677 70.437 179.3725
16.948610 70.583 177.9850
17.071427 70.721 176.5866
17.195133 70.853 175.1828
17.319736 70.981 173.7786
17.445242 71.107 172.3647
17.571658 71.234 170.9363
17.698989 71.363 169.4955
17.827243 71.495 168.0405
17.956427 71.631 166.5621
18.086547 71.772 165.0618
18.217609 71.918 163.5415
18.349622 72.066 161.9962
18.482590 72.216 160.4254
18.616523 72.368 158.8347
18.751426 72.518 157.2227
18.887307 72.667 155.5850
19.024172 72.812 153.9354
19.162029 72.951 152.2702
19.300885 73.083 150.5873
19.440747 73.209 148.9102
19.581622 73.326 147.2229
19.723519 73.436 145.5406
19.866444 73.540 143.8822
20.010404 73.637 142.2318
20.155408 73.732 140.6127
20.301462 73.823 139.0267
20.448575 73.914 137.4687
20.596754 74.007 135.9464
20.746006 74.102 134.4575
20.896340 74.202 132.9852
21.047764 74.308 131.5332
21.200285 74.419 130.0868
21.353911 74.535 128.6252
21.508650 74.655 127.1553
21.664511 74.779 125.6490
21.821501 74.904 124.1085
21.979628 75.030 122.5258
22.138902 75.156 120.8899
22.299329 75.279 119.2066
22.460919 75.400 117.4688
22.623680 75.518 115.6778
22.787621 75.633 113.8387
22.952749 75.744 111.9459
23.119074 75.853 110.0090
23.286605 75.958 108.0208
23.455349 76.060 105.9904
23.625316 76.159 103.9116
23.796515 76.253 101.7903
23.968954 76.342 99.6223
24.142643 76.425 97.4090
24.317591 76.503 95.1488
24.493806 76.574 92.8389
24.671298 76.637 90.4816
24.850077 76.693 88.0711
25.030151 76.741 85.6151
25.211529 76.781 83.1053
25.394223 76.812 80.5547
25.578240 76.834 77.9534
25.763590 76.844 75.3190
25.950284 76.843 72.6398
26.138330 76.827 69.9340
26.327739 76.794 67.1893
26.518521 76.742 64.4209
26.710685 76.668 61.6189
26.904242 76.570 58.7935
27.099201 76.443 55.9443
27.295573 76.286 53.0739
27.493368 76.096 50.2040
27.692596 75.871 47.3295
27.893268 75.608 44.5054
28.095394 75.306 41.7275
28.298985 74.965 39.0843
28.504051 74.585 36.5874
28.710603 74.167 34.3439
28.918652 73.714 32.3927
29.128209 73.233 30.8423
29.339284 72.733 29.7418
29.551888 72.222 29.1980
29.766033 71.721 29.2103
29.981730 71.244 29.8570
30.198990 70.818 31.0468
30.417825 70.462 32.7348
30.638245 70.194 34.7813
30.860262 70.025 36.9709
31.083888 69.956 39.1667
31.309135 69.977 41.1457
31.536014 70.075 42.8144
31.764537 70.232 44.0855
31.994716 70.427 44.9244
32.226563 70.649 45.3378
32.460089 70.883 45.3404
32.695309 71.120 44.9684
32.932232 71.353 44.2495
33.170873 71.577 43.2168
33.411243 71.786 41.9011
33.653354 71.977 40.3209
33.897220 72.144 38.5047
34.142854 72.285 36.4792
34.390267 72.394 34.2563
34.639473 72.467 31.8746
34.890485 72.500 29.3682
35.143316 72.490 26.7542
35.397979 72.432 24.0992
35.654487 72.325 21.4491
35.912854 72.169 18.8314
36.173093 71.964 16.2952
36.435218 71.713 13.9003
36.699243 71.419 11.6827
36.965181 71.088 9.6922
37.233046 70.726 7.9797
37.502852 70.343 6.5728
37.774613 69.948 5.4973
38.048343 69.550 4.7687
38.324057 69.159 4.3639
38.601769 68.785 4.2585
38.881494 68.433 4.4218
39.163245 68.107 4.8094
39.447038 67.808 5.3680
39.732888 67.533 6.0691
40.020808 67.282 6.8950
40.310816 67.053 7.8379
40.602924 66.847 8.9001
40.897150 66.666 10.0918
41.193508 66.517 11.4113
41.492013 66.404 12.8381
41.792681 66.335 14.3303
42.095528 66.314 15.8246
42.400570 66.342 17.2385
42.707822 66.416 18.4930
43.017300 66.528 19.5223
43.329021 66.668 20.2797
43.643001 66.824 20.7393
43.959256 66.983 20.8952
44.277803 67.133 20.7614
44.598658 67.263 20.3710
44.921839 67.363 19.7741
45.247361 67.427 19.0326
45.575242 67.451 18.2191
45.905499 67.431 17.4150
46.238149 67.370 16.7100
46.573210 67.276 16.1981
46.910698 67.162 15.9697
47.250633 67.046 16.0947
47.593030 66.953 16.6008
47.937909 66.909 17.4485
48.285287 66.939 18.5220
48.635182 67.059 19.6376
48.987612 67.272 20.5780
49.342597 67.565 21.1386
49.700154 67.918 21.1656
50.060301 68.301 20.5729
50.423059 68.691 19.3400
50.788445 69.064 17.4953
51.156479 69.405 15.0966
51.527180 69.700 12.2135
51.900567 69.942 8.9155
52.276660 70.125 5.2665
52.655478 70.244 1.3221
53.037042 70.299 -2.8724
53.421370 70.288 -7.2856
53.808483 70.212 -11.9014
54.198402 70.071 -16.7170
54.591146 69.870 -21.7391
54.986736 69.613 -26.9847
55.385192 69.304 -32.4819
55.786536 68.949 -38.2742
56.190788 68.555 -44.4216
56.597970 68.129 -51.0038
57.008102 67.678 -58.1252
57.421206 67.215 -65.9194
57.837304 66.755 -74.5464
58.256417 66.323 -84.1733
58.678567 65.951 -94.9398
59.103776 65.683 -106.9030
59.532067 65.566 -119.9700
59.963460 65.637 -133.8450
60.397980 65.908 -148.0592
60.835649 66.361 -162.1039
61.276489 66.953 -175.5848
61.720524 67.629 171.7280
62.167776 68.339 159.9081
62.618270 69.039 148.9271
63.072027 69.700 138.6983
63.529073 70.302 129.1277
63.989431 70.833 120.1465
64.453125 71.285 111.7000
64.920179 71.655 103.7353
65.390617 71.940 96.2152
65.864465 72.142 89.1307
66.341746 72.260 82.4771
66.822485 72.297 76.2419
67.306709 72.255 70.4372
67.794441 72.134 65.0845
68.285707 71.939 60.2026
68.780534 71.672 55.8293
69.278946 71.337 52.0204
69.780970 70.937 48.8469
70.286631 70.479 46.4088
70.795957 69.976 44.8344
71.308974 69.448 44.2842
71.825708 68.928 44.9266
72.346187 68.468 46.8965
72.870437 68.139 50.1880
73.398486 68.018 54.5410
73.930362 68.160 59.3901
74.466092 68.568 63.9743
75.005704 69.194 67.6476
75.549226 69.957 70.0394
76.096687 70.783 71.0984
76.648115 71.612 70.9418
77.203539 72.406 69.7723
77.762987 73.144 67.7938
78.326490 73.813 65.1886
78.894076 74.411 62.1094
79.465775 74.935 58.6788
80.041617 75.388 54.9956
80.621631 75.773 51.1386
81.205849 76.093 47.1663
81.794300 76.351 43.1313
82.387015 76.550 39.0676
82.984025 76.692 35.0068
83.585362 76.779 30.9737
84.191056 76.812 26.9877
84.801139 76.791 23.0708
85.415643 76.718 19.2441
86.034600 76.592 15.5330
86.658042 76.412 11.9718
87.286002 76.181 8.6009
87.918512 75.899 5.4689
88.555606 75.571 2.6324
89.197317 75.200 0.1531
89.843677 74.796 -1.9077
90.494721 74.368 -3.4943
91.150484 73.929 -4.5622
91.810997 73.494 -5.0875
92.476298 73.079 -5.0717
93.146419 72.699 -4.5444
93.821397 72.371 -3.5649
94.501265 72.106 -2.2171
95.186060 71.911 -0.5974
95.875818 71.790 1.1949
96.570573 71.744 3.0667
97.270363 71.770 4.9341
97.975225 71.863 6.7225
98.685194 72.018 8.3651
99.400307 72.227 9.8035
100.120603 72.482 10.9891
100.846118 72.773 11.8859
101.576890 73.092 12.4746
102.312958 73.430 12.7540
103.054360 73.779 12.7388
103.801135 74.134 12.4541
104.553320 74.491 11.9272
105.310957 74.851 11.1803
106.074084 75.213 10.2232
106.842740 75.576 9.0512
107.616967 75.941 7.6469
108.396804 76.303 5.9861
109.182291 76.658 4.0473
109.973471 77.001 1.8173
110.770384 77.322 -0.7045
111.573072 77.615 -3.5040
112.381577 77.873 -6.5539
113.195940 78.090 -9.8176
114.016204 78.260 -13.2512
114.842413 78.382 -16.8059
115.674608 78.452 -20.4295
116.512834 78.471 -24.0686
117.357134 78.439 -27.6719
118.207552 78.360 -31.1893
119.064133 78.236 -34.5749
119.926921 78.073 -37.7899
120.795961 77.877 -40.8043
121.671298 77.652 -43.5972
122.552979 77.406 -46.1587
123.441048 77.144 -48.4875
124.335553 76.871 -50.5884
125.236539 76.591 -52.4686
126.144055 76.306 -54.1334
127.058147 76.020 -55.5829
127.978862 75.735 -56.8098
128.906250 75.454 -57.8012
129.840358 75.183 -58.5423
130.781235 74.928 -59.0236
131.728929 74.698 -59.2473
132.683491 74.504 -59.2369
133.644971 74.356 -59.0408
134.613417 74.261 -58.7361
135.588882 74.224 -58.4229
136.571415 74.246 -58.2127
137.561067 74.319 -58.2146
138.557891 74.434 -58.5181
139.561939 74.576 -59.1818
140.573262 74.730 -60.2278
141.591914 74.881 -61.6427
142.617948 75.017 -63.3856
143.651416 75.128 -65.3973
144.692373 75.209 -67.6122
145.740874 75.260 -69.9669
146.796972 75.280 -72.4077
147.860724 75.273 -74.8967
148.932184 75.242 -77.4135
150.011408 75.192 -79.9541
151.098452 75.126 -82.5266
152.193374 75.043 -85.1462
153.296230 74.945 -87.8301
154.407077 74.830 -90.5941
155.525975 74.695 -93.4489
156.652980 74.537 -96.3989
157.788152 74.352 -99.4402
158.931550 74.134 -102.5604
160.083234 73.881 -105.7383
161.243263 73.588 -108.9460
162.411698 73.253 -112.1490
163.588600 72.876 -115.3097
164.774030 72.455 -118.3911
165.968051 71.994 -121.3596
167.170724 71.495 -124.1896
168.382112 70.963 -126.8682
169.602278 70.405 -129.4034
170.831286 69.825 -131.8335
172.069200 69.230 -134.2335
173.316084 68.617 -136.7209
174.572004 67.981 -139.4540
175.837025 67.305 -142.6228
177.111212 66.563 -146.4421
178.394633 65.716 -151.1582
179.687354 64.716 -157.0869
180.989443 63.509 -164.7212
182.300967 62.055 -175.0095
183.621995 60.394 169.9205
184.952596 58.876 145.1389
186.292838 58.430 105.3022
187.642793 59.640 65.4531
189.002530 61.694 40.1555
190.372120 63.758 23.9163
191.751635 65.561 11.8844
193.141147 67.080 1.9828
194.540727 68.347 -6.6880
195.950449 69.404 -14.5548
197.370387 70.286 -21.8398
198.800614 71.021 -28.6686
200.241205 71.634 -35.1173
201.692236 72.142 -41.2356
203.153781 72.562 -47.0581
204.625917 72.907 -52.6094
206.108721 73.187 -57.9098
207.602269 73.413 -62.9808
209.106641 73.595 -67.8473
210.621914 73.741 -72.5405
212.148167 73.857 -77.0984
213.685480 73.948 -81.5641
215.233933 74.017 -85.9822
216.793607 74.064 -90.3950
218.364583 74.086 -94.8379
219.946943 74.080 -99.3368
221.540769 74.042 -103.9060
223.146145 73.965 -108.5471
224.763154 73.843 -113.2480
226.391880 73.671 -117.9823
228.032409 73.443 -122.7114
229.684826 73.155 -127.3859
231.349217 72.805 -131.9473
233.025668 72.391 -136.3300
234.714269 71.914 -140.4651
236.415105 71.377 -144.2794
238.128266 70.784 -147.6956
239.853842 70.142 -150.6323
241.591922 69.461 -153.0061
243.342596 68.757 -154.7372
245.105957 68.052 -155.7648
246.882096 67.373 -156.0762
248.671105 66.751 -155.7413
250.473079 66.216 -154.9404
252.288110 65.785 -153.9551
254.116293 65.455 -153.1068
255.957725 65.203 -152.6658
257.812500 64.991 -152.7789
259.680716 64.776 -153.4504
261.562469 64.522 -154.5642
263.457859 64.199 -155.9242
265.366983 63.792 -157.2891
267.289941 63.297 -158.3984
269.226835 62.721 -158.9932
271.177763 62.086 -158.8390
273.142829 61.424 -157.7601
275.122135 60.779 -155.6824
277.115783 60.196 -152.6702
279.123878 59.717 -148.9266
281.146525 59.366 -144.7334
283.183828 59.149 -140.3549
285.235895 59.059 -135.9666
287.302832 59.086 -131.6449
289.384747 59.228 -127.4114
291.481748 59.486 -123.3009
293.593945 59.867 -119.4161
295.721448 60.373 -115.9462
297.864367 60.992 -113.1339
300.022815 61.700 -111.2141
302.196904 62.458 -110.3508
304.386747 63.227 -110.6073
306.592459 63.970 -111.9541
308.814155 64.653 -114.2964
311.051949 65.251 -117.5029
313.305960 65.743 -121.4258
315.576304 66.113 -125.9119
317.863100 66.347 -130.8043
320.166467 66.434 -135.9392
322.486525 66.362 -141.1396
324.823396 66.122 -146.2010
327.177200 65.704 -150.8727
329.548061 65.102 -154.8237
331.936102 64.315 -157.5907
334.341448 63.370 -158.5011
336.764224 62.344 -156.6135
339.204556 61.425 -150.9009
341.662572 60.934 -141.2335
344.138400 61.152 -129.9265
346.632169 62.030 -120.7083
349.144008 63.254 -115.3792
351.674050 64.539 -113.5237
354.222425 65.742 -114.1099
356.789266 66.810 -116.2754
359.374709 67.737 -119.4296
361.978886 68.530 -123.1866
364.601934 69.208 -127.2958
367.243990 69.784 -131.5963
369.905191 70.276 -135.9905
372.585677 70.695 -140.4238
375.285586 71.052 -144.8704
378.005060 71.352 -149.3185
380.744241 71.599 -153.7592
383.503270 71.796 -158.1759
386.282293 71.943 -162.5387
389.081454 72.041 -166.8031
391.900899 72.096 -170.9141
394.740774 72.113 -174.8154
397.601228 72.103 -178.4628
400.482411 72.077 178.1658
403.384471 72.051 175.0557
406.307562 72.034 172.1544
409.251834 72.036 169.3741
412.217441 72.059 166.6077
415.204539 72.099 163.7488
418.213282 72.144 160.7114
421.243828 72.181 157.4445
424.296334 72.193 153.9380
427.370960 72.163 150.2230
430.467867 72.077 146.3658
433.587214 71.923 142.4604
436.729166 71.692 138.6216
439.893885 71.378 134.9856
443.081538 70.979 131.7103
446.292289 70.498 128.9821
449.526307 69.946 127.0220
452.783760 69.345 126.0847
456.064818 68.740 126.4274
459.369652 68.196 128.2257
462.698433 67.801 131.4208
466.051337 67.639 135.5767
469.428537 67.752 139.9224
472.830210 68.117 143.6561
476.256532 68.664 146.2689
479.707684 69.314 147.6193
483.183843 70.002 147.8043
486.685192 70.687 147.0066
490.211914 71.345 145.4059
493.764192 71.963 143.1495
497.342210 72.533 140.3525
500.946157 73.051 137.1079
504.576220 73.514 133.4949
508.232587 73.921 129.5856
511.915450 74.269 125.4462
515.625000 74.561 121.1372
519.361431 74.797 116.7117
523.124938 74.980 112.2141
526.915717 75.113 107.6790
530.733966 75.197 103.1313
534.579883 75.235 98.5890
538.453669 75.227 94.0634
542.355526 75.175 89.5659
546.285658 75.075 85.1108
550.244269 74.927 80.7209
554.231566 74.728 76.4310
558.247756 74.477 72.2909
562.293050 74.171 68.3667
566.367657 73.815 64.7379
570.471790 73.414 61.4941
574.605664 72.978 58.7266
578.769494 72.524 56.5139
582.963496 72.075 54.9032
587.187890 71.659 53.8806
591.442895 71.304 53.3461
595.728734 71.033 53.1014
600.045630 70.856 52.8711
604.393808 70.765 52.3612
608.773495 70.733 51.3298
613.184919 70.723 49.6353
617.628309 70.694 47.2489
622.103899 70.607 44.2382
626.611920 70.427 40.7401
631.152608 70.129 36.9407
635.726200 69.689 33.0637
640.332934 69.091 29.3759
644.973051 68.320 26.2078
649.646791 67.371 23.9990
654.354400 66.256 23.3669
659.096122 65.027 25.1771
663.872204 63.826 30.4568
668.682895 62.925 39.6713
673.528447 62.635 51.2037
678.409112 63.024 61.5004
683.325144 63.835 68.2235
688.276800 64.759 71.4404
693.264337 65.609 72.1919
698.288016 66.314 71.4773
703.348099 66.864 70.0353
708.444849 67.278 68.3770
713.578533 67.592 66.8340
718.749417 67.846 65.5801
723.957772 68.082 64.6354
729.203868 68.333 63.8782
734.487980 68.614 63.0939
739.810383 68.925 62.0541
745.171354 69.247 60.5948
750.571172 69.556 58.6558
756.010121 69.829 56.2732
761.488482 70.049 53.5461
767.006541 70.205 50.6006
772.564587 70.294 47.5623
778.162908 70.319 44.5381
783.801797 70.286 41.6095
789.481548 70.201 38.8320
795.202457 70.071 36.2415
800.964822 69.903 33.8638
806.768943 69.703 31.7244
812.615123 69.476 29.8550
818.503667 69.230 28.2935
824.434882 68.977 27.0752
830.409077 68.730 26.2137
836.426564 68.508 25.6754
842.487656 68.325 25.3571
848.592668 68.188 25.0889
854.741921 68.092 24.6720
860.935733 68.016 23.9413
867.174428 67.930 22.8259
873.458332 67.801 21.3741
879.787771 67.604 19.7456
886.163076 67.320 18.1853
892.584579 66.948 16.9928
899.052614 66.504 16.4868
905.567520 66.026 16.9503
912.129636 65.573 18.5426
918.739303 65.219 21.1791
925.396867 65.024 24.4546
932.102674 65.014 27.7313
938.857074 65.159 30.3951
945.660420 65.396 32.0901
952.513065 65.653 32.7700
959.415367 65.870 32.6088
966.367686 66.007 31.8915
973.370385 66.044 30.9478
980.423828 65.976 30.1233
987.528383 65.818 29.7667
994.684421 65.603 30.2013
1001.892314 65.387 31.6648
1009.152439 65.240 34.2070
1016.465174 65.235 37.5858
1023.830899 65.420 41.2692
1031.250000 65.792 44.6122
1038.722863 66.307 47.1095
1046.249877 66.901 48.5337
1053.831435 67.512 48.9043
1061.467932 68.098 48.3835
1069.159766 68.631 47.1829
1076.907338 69.100 45.5103
1084.711053 69.502 43.5458
1092.571316 69.842 41.4357
1100.488538 70.128 39.2902
1108.463132 70.371 37.1862
1116.495513 70.584 35.1696
1124.586099 70.780 33.2512
1132.735314 70.972 31.4053
1140.943581 71.169 29.5720
1149.211328 71.374 27.6656
1157.538987 71.585 25.5942
1165.926992 71.795 23.2776
1174.375780 71.989 20.6675
1182.885791 72.155 17.7577
1191.457469 72.277 14.5840
1200.091261 72.345 11.2148
1208.787617 72.350 7.7401
1217.546990 72.291 4.2603
1226.369837 72.168 0.8741
1235.256619 71.987 -2.3301
1244.207797 71.757 -5.2832
1253.223840 71.488 -7.9432
1262.305217 71.193 -10.2992
1271.452400 70.881 -12.3699
1280.665869 70.559 -14.1942
1289.946102 70.232 -15.8206
1299.293583 69.898 -17.2902
1308.708800 69.555 -18.6276
1318.192243 69.196 -19.8304
1327.744407 68.816 -20.8657
1337.365791 68.411 -21.6704
1347.056895 67.983 -22.1586
1356.818224 67.536 -22.2336
1366.650288 67.083 -21.8081
1376.553600 66.642 -20.8247
1386.528674 66.235 -19.2759
1396.576033 65.885 -17.2134
1406.696198 65.612 -14.7451
1416.889699 65.428 -12.0182
1427.157066 65.340 -9.1965
1437.498834 65.346 -6.4352
1447.915543 65.437 -3.8640
1458.407736 65.599 -1.5757
1468.975960 65.820 0.3707
1479.620765 66.087 1.9399
1490.342707 66.386 3.1096
1501.142345 66.707 3.8658
1512.020241 67.035 4.2064
1522.976963 67.360 4.1476
1534.013082 67.670 3.7294
1545.129173 67.957 3.0139
1556.325816 68.218 2.0736
1567.603594 68.452 0.9766
1578.963096 68.663 -0.2295
1590.404914 68.853 -1.5258
1601.929643 69.026 -2.9181
1613.537886 69.180 -4.4227
1625.230247 69.313 -6.0466
1637.007335 69.418 -7.7751
1648.869765 69.491 -9.5679
1660.818155 69.531 -11.3666
1672.853128 69.540 -13.1080
1684.975311 69.523 -14.7385
1697.185337 69.488 -16.2266
1709.483841 69.443 -17.5701
1721.871466 69.396 -18.7947
1734.348856 69.351 -19.9451
1746.916663 69.308 -21.0690
1759.575541 69.264 -22.2009
1772.326151 69.213 -23.3478
1785.169157 69.150 -24.4849
1798.105229 69.073 -25.5624
1811.135040 68.984 -26.5211
1824.259271 68.890 -27.3126
1837.478606 68.802 -27.9182
1850.793734 68.730 -28.3596
1864.205348 68.684 -28.6971
1877.714148 68.668 -29.0159
1891.320839 68.680 -29.4036
1905.026130 68.715 -29.9321
1918.830734 68.764 -30.6470
1932.735373 68.817 -31.5673
1946.740770 68.863 -32.6873
1960.847656 68.894 -33.9846
1975.056766 68.903 -35.4254
1989.368842 68.885 -36.9685
2003.784629 68.836 -38.5688
2018.304878 68.754 -40.1796
2032.930347 68.638 -41.7532
2047.661799 68.487 -43.2416
2062.500000 68.305 -44.5941
2077.445725 68.091 -45.7563
2092.499753 67.851 -46.6713
2107.662869 67.591 -47.2788
2122.935863 67.320 -47.5197
2138.319531 67.052 -47.3381
2153.814676 66.802 -46.6937
2169.422105 66.595 -45.5784
2185.142632 66.455 -44.0405
2200.977076 66.406 -42.2078
2216.926264 66.466 -40.2899
2232.991025 66.636 -38.5486
2249.172199 66.905 -37.2429
2265.470628 67.245 -36.5725
2281.887162 67.622 -36.6448
2298.422657 68.002 -37.4746
2315.077975 68.354 -39.0031
2331.853984 68.654 -41.1232
2348.751559 68.887 -43.7031
2365.771581 69.040 -46.6006
2382.914937 69.108 -49.6729
2400.182521 69.090 -52.7816
2417.575233 68.988 -55.7955
2435.093980 68.809 -58.5923
2452.739675 68.562 -61.0601
2470.513237 68.260 -63.0989
2488.415595 67.919 -64.6270
2506.447680 67.558 -65.5858
2524.610433 67.200 -65.9510
2542.904801 66.867 -65.7438
2561.331737 66.583 -65.0370
2579.892203 66.366 -63.9521
2598.587165 66.227 -62.6428
2617.417599 66.169 -61.2700
2636.384486 66.188 -59.9790
2655.488815 66.275 -58.8873
2674.731581 66.415 -58.0819
2694.113789 66.596 -57.6204
2713.636448 66.800 -57.5330
2733.300577 67.014 -57.8229
2753.107199 67.224 -58.4675
2773.057349 67.418 -59.4233
2793.152066 67.589 -60.6313
2813.392397 67.731 -62.0270
2833.779398 67.840 -63.5452
2854.314132 67.918 -65.1238
2874.997668 67.965 -66.7059
2895.831087 67.984 -68.2404
2916.815472 67.981 -69.6830
2937.951920 67.963 -70.9987
2959.241530 67.937 -72.1659
2980.685414 67.915 -73.1835
3002.284690 67.905 -74.0781
3024.040482 67.914 -74.9053
3045.953926 67.948 -75.7445
3068.026164 68.003 -76.6825
3090.258346 68.073 -77.7947
3112.651632 68.147 -79.1289
3135.207189 68.210 -80.6967
3157.926192 68.251 -82.4723
3180.809827 68.258 -84.3983
3203.859287 68.225 -86.3940
3227.075772 68.148 -88.3647
3250.460493 68.029 -90.2096
3274.014670 67.876 -91.8318
3297.739530 67.699 -93.1525
3321.636310 67.515 -94.1262
3345.706256 67.342 -94.7537
3369.950622 67.199 -95.0875
3394.370674 67.097 -95.2314
3418.967683 67.043 -95.3187
3443.742932 67.034 -95.4841
3468.697713 67.058 -95.8364
3493.833326 67.102 -96.4396
3519.151083 67.147 -97.3053
3544.652302 67.179 -98.3979
3570.338314 67.185 -99.6469
3596.210457 67.159 -100.9587
3622.270081 67.100 -102.2327
3648.518543 67.013 -103.3743
3674.957212 66.908 -104.3119
3701.587467 66.797 -105.0085
3728.410696 66.694 -105.4695
3755.428297 66.611 -105.7396
3782.641678 66.555 -105.8920
3810.052259 66.529 -106.0057
3837.661468 66.529 -106.1482
3865.470745 66.549 -106.3590
3893.481540 66.585 -106.6486
3921.695312 66.631 -107.0057
3950.113533 66.685 -107.4116
3978.737684 66.749 -107.8546
4007.569257 66.824 -108.3379
4036.609756 66.912 -108.8806
4065.860694 67.012 -109.5132
4095.323597 67.123 -110.2684
4125.000000 67.240 -111.1752
4154.891450 67.358 -112.2515
4184.999507 67.470 -113.5011
4215.325738 67.570 -114.9150
4245.871726 67.652 -116.4708
4276.639063 67.712 -118.1366
4307.629353 67.745 -119.8745
4338.844211 67.751 -121.6429
4370.285264 67.729 -123.3999
4401.954153 67.682 -125.1045
4433.852527 67.610 -126.7189
4465.982050 67.520 -128.2111
4498.344397 67.417 -129.5590
4530.941255 67.308 -130.7561
4563.774323 67.199 -131.8174
4596.845313 67.095 -132.7788
4630.155949 66.997 -133.6907
4663.707968 66.903 -134.6008
4697.503118 66.806 -135.5360
4731.543162 66.698 -136.4840
4765.829875 66.572 -137.3914
4800.365042 66.428 -138.1742
4835.150466 66.271 -138.7413
4870.187960 66.115 -139.0256
4905.479349 65.978 -139.0170
4941.026475 65.877 -138.7817
4976.831190 65.826 -138.4553
5012.895360 65.824 -138.2069
5049.220866 65.861 -138.1888
5085.809602 65.917 -138.4921
5122.663475 65.969 -139.1305
5159.784406 65.998 -140.0472
5197.174331 65.989 -141.1362
5234.835198 65.935 -142.2655
5272.768972 65.837 -143.2982
5310.977630 65.702 -144.1113
5349.463163 65.546 -144.6135
5388.227578 65.387 -144.7646
5427.272896 65.246 -144.5865
5466.601153 65.141 -144.1674
5506.214398 65.080 -143.6423
5546.114698 65.062 -143.1608
5586.304131 65.078 -142.8442
5626.784794 65.110 -142.7546
5667.558796 65.142 -142.8842
5708.628263 65.160 -143.1667
5749.995337 65.156 -143.4989
5791.662173 65.133 -143.7661
5833.630945 65.099 -143.8726
5875.903839 65.070 -143.7682
5918.483061 65.066 -143.4690
5961.370829 65.102 -143.0654
6004.569379 65.187 -142.7081
6048.080964 65.317 -142.5703
6091.907852 65.478 -142.8018
6136.052328 65.647 -143.4943
6180.516692 65.800 -144.6641
6225.303264 65.910 -146.2549
6270.414377 65.959 -148.1516
6315.852385 65.934 -150.1970
6361.619655 65.832 -152.2124
6407.718573 65.658 -154.0188
6454.151543 65.427 -155.4618
6500.920986 65.161 -156.4421
6548.029339 64.886 -156.9402
6595.479059 64.625 -157.0233
6643.272619 64.392 -156.8225
6691.412511 64.193 -156.4805
6739.901245 64.020 -156.0977
6788.741347 63.863 -155.7010
6837.935366 63.717 -155.2537
6887.485864 63.581 -154.6895
6937.395426 63.464 -153.9620
6987.666653 63.379 -153.0833
7038.302166 63.341 -152.1421
7089.304605 63.353 -151.2899
7140.676628 63.409 -150.6963
7192.420915 63.490 -150.4911
7244.540162 63.572 -150.7247
7297.037086 63.630 -151.3583
7349.914425 63.645 -152.2802
7403.174934 63.607 -153.3380
7456.821392 63.517 -154.3727
7510.856593 63.384 -155.2524
7565.283356 63.225 -155.9030
7620.104518 63.059 -156.3284
7675.322937 62.901 -156.6118
7730.941491 62.754 -156.8839
7786.963080 62.612 -157.2653
7843.390624 62.457 -157.8070
7900.227066 62.273 -158.4611
7957.475368 62.047 -159.0892
8015.138515 61.782 -159.5087
8073.219512 61.495 -159.5579
8131.721389 61.214 -159.1742
8190.647194 60.973 -158.4502
8250.000000 60.792 -157.6251
8309.782901 60.667 -156.9943
8369.999013 60.577 -156.7826
8430.651476 60.485 -157.0619
8491.743452 60.358 -157.7489
8553.278126 60.176 -158.6626
8615.258705 59.931 -159.5961
8677.688421 59.632 -160.3748
8740.570528 59.295 -160.9005
8803.908306 58.939 -161.1650
8867.705054 58.579 -161.2333
8931.964101 58.222 -161.1981
8996.688794 57.867 -161.1317
9061.882510 57.512 -161.0637
9127.548646 57.154 -160.9969
9193.690626 56.795 -160.9500
9260.311899 56.437 -160.9917
9327.415936 56.076 -161.2438
9395.006237 55.697 -161.8373
9463.086325 55.276 -162.8518
9531.659749 54.784 -164.2738
9600.730085 54.192 -165.9958
9670.300933 53.481 -167.8501
9740.375920 52.640 -169.6582
9810.958699 51.666 -171.2798
9882.052950 50.558 -172.6429
9953.662379 49.315 -173.7480
10025.790720 47.921 -174.6381
10098.441732 46.351 -175.3550
10171.619204 44.565 -175.9161
10245.326950 42.508 -176.3822
10319.568812 40.113 -177.1340
10394.348662 37.312 -179.7261
10469.670397 34.246 169.8694
10545.537944 32.512 127.6912
10621.955259 34.489 73.2654
10698.926326 37.874 55.8229
10776.455156 40.886 48.7784
10854.545793 43.344 44.3564
10933.202306 45.338 40.8804
11012.428797 46.964 37.9923
11092.229396 48.306 35.6562
11172.608262 49.433 33.8862
11253.569587 50.401 32.6635
11335.117592 51.257 31.9225
11417.256526 52.036 31.5651
11499.990673 52.760 31.4769
11583.324346 53.444 31.5426
11667.261890 54.095 31.6593
11751.807679 54.712 31.7507
11836.966122 55.293 31.7798
11922.741658 55.833 31.7538
12009.138758 56.331 31.7155
12096.161928 56.790 31.7230
12183.815704 57.218 31.8240
12272.104655 57.623 32.0348
12361.033384 58.015 32.3364
12450.606528 58.400 32.6873
12540.828755 58.779 33.0408
12631.704770 59.153 33.3616
12723.239310 59.519 33.6284
12815.437146 59.876 33.8309
12908.303087 60.222 33.9646
13001.841972 60.555 34.0295
13096.058679 60.873 34.0299
13190.958118 61.175 33.9766
13286.545239 61.461 33.8826
13382.825022 61.729 33.7612
13479.802489 61.982 33.6207
13577.482695 62.219 33.4657
13675.870731 62.441 33.2981
13774.971728 62.646 33.1215
13874.790852 62.835 32.9451
13975.333306 63.008 32.7852
14076.604332 63.165 32.6593
14178.609210 63.308 32.5845
14281.353257 63.439 32.5732
14384.841829 63.563 32.6315
14489.080323 63.682 32.7578
14594.074172 63.799 32.9436
14699.828849 63.918 33.1737
14806.349869 64.039 33.4297
14913.642783 64.163 33.6917
15021.713187 64.290 33.9399
15130.566713 64.418 34.1594
15240.209036 64.547 34.3406
15350.645874 64.674 34.4811
15461.882981 64.797 34.5846
15573.926159 64.916 34.6602
15686.781248 65.031 34.7175
15800.454132 65.143 34.7637
15914.950735 65.253 34.8002
16030.277029 65.363 34.8231
16146.439024 65.472 34.8260
16263.442778 65.583 34.8011
16381.294388 65.695 34.7405
16500.000000 65.808 34.6367
16619.565802 65.923 34.4833
16739.998026 66.038 34.2728
16861.302953 66.154 33.9984
16983.486905 66.271 33.6536
17106.556252 66.388 33.2301
17230.517410 66.504 32.7186
17355.376842 66.619 32.1132
17481.141057 66.731 31.4133
17607.816611 66.839 30.6028
17735.410109 66.940 29.6772
17863.928201 67.035 28.6868
17993.377589 67.125 27.6365
18123.765020 67.213 26.5054
18255.097293 67.300 25.2822
18387.381253 67.386 23.9528
18520.623797 67.470 22.5005
18654.831872 67.552 20.9106
18790.012473 67.630 19.1733
18926.172650 67.702 17.2836
19063.319498 67.766 15.2410
19201.460170 67.822 13.0475
19340.601866 67.870 10.7036
19480.751839 67.910 8.2054
19621.917398 67.941 5.5455
19764.105900 67.964 2.7113
19907.324758 67.976 -0.3159
20051.581440 67.974 -3.5029
20196.883465 67.957 -6.6952
20343.238408 67.925 -10.1068
20490.653899 67.878 -13.7517
20639.137624 67.810 -17.6392
20788.697323 67.718 -21.7734
20939.340794 67.596 -26.1514
21091.075889 67.433 -30.7605
21243.910519 67.219 -35.5793
21397.852652 66.940 -40.5769
21552.910313 66.578 -45.7123
21709.091586 66.108 -50.9376
21866.404612 65.503 -56.2004
22024.857594 64.724 -61.4463
22184.458791 63.727 -66.6239
22345.216524 62.460 -71.6868
22507.139175 60.860 -76.5981
22670.235183 58.855 -81.3306
22834.513052 56.365 -85.8679
22999.981347 53.302 -90.2041
23166.648693 49.573 -94.3428
23334.523779 45.093 -98.2964
23503.615358 39.798 -102.0828
23673.932243 33.664 -105.7212
23845.483315 26.745 -109.2368
24018.277517 19.904 -112.6968
