* Measurement data measured by REW V5.40 beta 133
* Source: Vector average
* Format: Vector average
* Dated: Aug 31, 2026, 1:53:47 PM
* REW Settings:
*  C-weighting compensation: Off
*  Target level: 75.0 dB
* Note: ; Vector average of L MPM.2, R MPM.2
* Measurement: LR.2
* Smoothing: 1/48 octave
* Frequency Step: 96 ppo
* Start Frequency: 16.113281 Hz
*
* Freq(Hz) SPL(dB) Phase(degrees)
16.113281 71.846 -170.2697
16.230045 71.979 -171.3163
16.347654 72.139 -172.4159
16.466116 72.305 -173.5957
16.585436 72.471 -174.8671
16.705621 72.637 -176.2178
16.826677 72.805 -177.6383
16.948610 72.975 -179.1269
17.071427 73.146 179.3185
17.195133 73.319 177.7250
17.319736 73.496 176.1042
17.445242 73.675 174.4513
17.571658 73.856 172.7841
17.698989 74.038 171.1090
17.827243 74.221 169.4215
17.956427 74.402 167.7195
18.086547 74.582 166.0031
18.217609 74.759 164.2681
18.349622 74.934 162.5034
18.482590 75.104 160.7059
18.616523 75.270 158.8757
18.751426 75.432 157.0055
18.887307 75.589 155.0891
19.024172 75.741 153.1403
19.162029 75.886 151.1532
19.300885 76.025 149.1254
19.440747 76.155 147.0852
19.581622 76.277 145.0109
19.723519 76.391 142.9234
19.866444 76.495 140.8448
20.010404 76.590 138.7514
20.155408 76.677 136.6822
20.301462 76.755 134.6310
20.448575 76.828 132.5984
20.596754 76.896 130.6083
20.746006 76.961 128.6459
20.896340 77.026 126.7147
21.047764 77.092 124.8179
21.200285 77.161 122.9414
21.353911 77.235 121.0750
21.508650 77.314 119.2201
21.664511 77.399 117.3509
21.821501 77.488 115.4695
21.979628 77.582 113.5696
22.138902 77.678 111.6380
22.299329 77.775 109.6874
22.460919 77.869 107.7154
22.623680 77.959 105.7228
22.787621 78.042 103.7318
22.952749 78.117 101.7286
23.119074 78.183 99.7373
23.286605 78.240 97.7471
23.455349 78.288 95.7649
23.625316 78.330 93.7879
23.796515 78.366 91.8081
23.968954 78.400 89.8215
24.142643 78.433 87.8184
24.317591 78.468 85.7867
24.493806 78.506 83.7224
24.671298 78.547 81.6077
24.850077 78.592 79.4429
25.030151 78.639 77.2112
25.211529 78.688 74.9132
25.394223 78.735 72.5387
25.578240 78.780 70.0863
25.763590 78.819 67.5565
25.950284 78.852 64.9447
26.138330 78.874 62.2613
26.327739 78.886 59.4998
26.518521 78.883 56.6745
26.710685 78.864 53.7799
26.904242 78.827 50.8277
27.099201 78.768 47.8197
27.295573 78.686 44.7577
27.493368 78.577 41.6634
27.692596 78.438 38.5256
27.893268 78.267 35.3965
28.095394 78.060 32.2572
28.298985 77.815 29.1887
28.504051 77.529 26.1772
28.710603 77.201 23.3163
28.918652 76.829 20.6141
29.128209 76.415 18.1582
29.339284 75.961 15.9857
29.551888 75.469 14.1771
29.766033 74.948 12.7743
29.981730 74.402 11.8597
30.198990 73.847 11.4530
30.417825 73.295 11.5957
30.638245 72.763 12.3040
30.860262 72.274 13.4982
31.083888 71.846 15.1659
31.309135 71.500 17.1256
31.536014 71.249 19.2690
31.764537 71.098 21.4331
31.994716 71.045 23.4443
32.226563 71.081 25.2007
32.460089 71.191 26.5976
32.695309 71.357 27.5817
32.932232 71.566 28.1336
33.170873 71.800 28.2408
33.411243 72.047 27.9218
33.653354 72.299 27.1980
33.897220 72.543 26.0991
34.142854 72.772 24.6655
34.390267 72.979 22.9226
34.639473 73.155 20.9114
34.890485 73.296 18.6718
35.143316 73.396 16.2250
35.397979 73.451 13.6372
35.654487 73.462 10.9645
35.912854 73.426 8.2402
36.173093 73.343 5.5181
36.435218 73.214 2.8641
36.699243 73.040 0.3085
36.965181 72.824 -2.1106
37.233046 72.571 -4.3465
37.502852 72.287 -6.3726
37.774613 71.980 -8.1643
38.048343 71.656 -9.6982
38.324057 71.323 -10.9785
38.601769 70.988 -12.0223
38.881494 70.654 -12.8524
39.163245 70.327 -13.5043
39.447038 70.010 -14.0251
39.732888 69.703 -14.4405
40.020808 69.403 -14.7688
40.310816 69.106 -15.0237
40.602924 68.809 -15.2151
40.897150 68.510 -15.3434
41.193508 68.208 -15.3998
41.492013 67.904 -15.3721
41.792681 67.602 -15.2474
42.095528 67.305 -15.0177
42.400570 67.014 -14.6941
42.707822 66.733 -14.3085
43.017300 66.464 -13.9019
43.329021 66.205 -13.5161
43.643001 65.957 -13.1852
43.959256 65.715 -12.9310
44.277803 65.471 -12.7624
44.598658 65.217 -12.6776
44.921839 64.945 -12.6572
45.247361 64.651 -12.6542
45.575242 64.330 -12.5859
45.905499 63.982 -12.3349
46.238149 63.609 -11.7582
46.573210 63.219 -10.7015
46.910698 62.832 -9.0146
47.250633 62.478 -6.5716
47.593030 62.201 -3.3099
47.937909 62.053 0.7015
48.285287 62.076 5.2031
48.635182 62.288 9.7572
48.987612 62.678 13.8646
49.342597 63.208 17.1229
49.700154 63.828 19.3186
50.060301 64.486 20.4169
50.423059 65.141 20.4924
50.788445 65.762 19.6616
51.156479 66.330 18.0470
51.527180 66.837 15.7697
51.900567 67.276 12.9443
52.276660 67.644 9.6694
52.655478 67.940 6.0168
53.037042 68.165 2.0334
53.421370 68.319 -2.2450
53.808483 68.407 -6.7863
54.198402 68.431 -11.5680
54.591146 68.393 -16.5878
54.986736 68.297 -21.8658
55.385192 68.147 -27.4313
55.786536 67.951 -33.3168
56.190788 67.713 -39.5710
56.597970 67.441 -46.2748
57.008102 67.144 -53.5387
57.421206 66.837 -61.4858
57.837304 66.539 -70.2458
58.256417 66.276 -79.9570
58.678567 66.082 -90.7393
59.103776 66.000 -102.6190
59.532067 66.074 -115.4588
59.963460 66.333 -128.9561
60.397980 66.781 -142.6996
60.835649 67.398 -156.2535
61.276489 68.143 -169.2719
61.720524 68.964 178.4338
62.167776 69.815 166.9042
62.618270 70.658 156.1046
63.072027 71.467 145.9605
63.529073 72.223 136.3778
63.989431 72.914 127.2712
64.453125 73.533 118.5721
64.920179 74.076 110.2170
65.390617 74.542 102.1480
65.864465 74.929 94.3271
66.341746 75.237 86.7283
66.822485 75.468 79.3218
67.306709 75.619 72.1002
67.794441 75.691 65.0647
68.285707 75.683 58.2109
68.780534 75.593 51.5594
69.278946 75.419 45.1367
69.780970 75.159 38.9587
70.286631 74.807 33.0745
70.795957 74.359 27.5418
71.308974 73.807 22.4278
71.825708 73.144 17.8450
72.346187 72.362 13.9528
72.870437 71.452 10.9970
73.398486 70.414 9.3463
73.930362 69.270 9.5714
74.466092 68.091 12.4742
75.005704 67.043 18.9123
75.549226 66.421 28.9026
76.096687 66.484 40.4464
76.648115 67.208 50.2175
77.203539 68.310 56.4315
77.762987 69.508 59.2585
78.326490 70.650 59.5927
78.894076 71.671 58.2408
79.465775 72.557 55.7740
80.041617 73.313 52.5764
80.621631 73.948 48.9128
81.205849 74.476 44.9543
81.794300 74.909 40.8252
82.387015 75.257 36.6055
82.984025 75.529 32.3558
83.585362 75.732 28.1111
84.191056 75.872 23.8938
84.801139 75.953 19.7233
85.415643 75.976 15.6075
86.034600 75.942 11.5564
86.658042 75.851 7.5898
87.286002 75.702 3.7288
87.918512 75.495 0.0041
88.555606 75.230 -3.5396
89.197317 74.908 -6.8513
89.843677 74.533 -9.8745
90.494721 74.110 -12.5459
91.150484 73.647 -14.8054
91.810997 73.153 -16.5990
92.476298 72.640 -17.8800
93.146419 72.122 -18.6204
93.821397 71.612 -18.8114
94.501265 71.126 -18.4647
95.186060 70.676 -17.6197
95.875818 70.278 -16.3398
96.570573 69.940 -14.7054
97.270363 69.672 -12.8212
97.975225 69.475 -10.8011
98.685194 69.349 -8.7576
99.400307 69.283 -6.7960
100.120603 69.267 -4.9916
100.846118 69.281 -3.3777
101.576890 69.310 -1.9415
102.312958 69.337 -0.6105
103.054360 69.355 0.7391
103.801135 69.364 2.2678
104.553320 69.381 4.1509
105.310957 69.436 6.5212
106.074084 69.572 9.3997
106.842740 69.835 12.6283
107.616967 70.252 15.8514
108.396804 70.823 18.6154
109.182291 71.513 20.5260
109.973471 72.273 21.3615
110.770384 73.052 21.0902
111.573072 73.808 19.8098
112.381577 74.513 17.6817
113.195940 75.147 14.8818
114.016204 75.702 11.5746
114.842413 76.174 7.9079
115.674608 76.561 4.0096
116.512834 76.866 -0.0087
117.357134 77.093 -4.0535
118.207552 77.248 -8.0432
119.064133 77.337 -11.9091
119.926921 77.371 -15.6002
120.795961 77.358 -19.0807
121.671298 77.309 -22.3339
122.552979 77.235 -25.3631
123.441048 77.143 -28.1894
124.335553 77.041 -30.8477
125.236539 76.933 -33.3801
126.144055 76.819 -35.8282
127.058147 76.699 -38.2238
127.978862 76.569 -40.5849
128.906250 76.425 -42.9113
129.840358 76.263 -45.1868
130.781235 76.083 -47.3802
131.728929 75.882 -49.4503
132.683491 75.662 -51.3492
133.644971 75.428 -53.0301
134.613417 75.187 -54.4532
135.588882 74.948 -55.5967
136.571415 74.723 -56.4640
137.561067 74.523 -57.0930
138.557891 74.357 -57.5555
139.561939 74.230 -57.9488
140.573262 74.139 -58.3752
141.591914 74.078 -58.9202
142.617948 74.035 -59.6312
143.651416 73.999 -60.5115
144.692373 73.961 -61.5234
145.740874 73.914 -62.6025
146.796972 73.859 -63.6765
147.860724 73.802 -64.6860
148.932184 73.751 -65.6011
150.011408 73.717 -66.4317
151.098452 73.708 -67.2264
152.193374 73.732 -68.0632
153.296230 73.786 -69.0319
154.407077 73.868 -70.2187
155.525975 73.968 -71.6918
156.652980 74.075 -73.4948
157.788152 74.176 -75.6451
158.931550 74.259 -78.1362
160.083234 74.313 -80.9421
161.243263 74.328 -84.0223
162.411698 74.298 -87.3251
163.588600 74.217 -90.7934
164.774030 74.083 -94.3682
165.968051 73.896 -97.9934
167.170724 73.658 -101.6178
168.382112 73.371 -105.1995
169.602278 73.041 -108.7116
170.831286 72.673 -112.1476
172.069200 72.275 -115.5264
173.316084 71.850 -118.8967
174.572004 71.401 -122.3369
175.837025 70.925 -125.9519
177.111212 70.414 -129.8652
178.394633 69.854 -134.2144
179.687354 69.224 -139.1514
180.989443 68.497 -144.8511
182.300967 67.641 -151.5398
183.621995 66.621 -159.5559
184.952596 65.409 -169.4812
186.292838 64.006 177.5803
187.642793 62.527 159.4701
189.002530 61.371 132.8022
190.372120 61.213 97.8538
191.751635 62.259 65.5989
193.141147 63.909 42.5753
194.540727 65.598 26.1984
195.950449 67.102 13.5220
197.370387 68.373 2.9565
198.800614 69.423 -6.2880
200.241205 70.277 -14.6118
201.692236 70.960 -22.2196
203.153781 71.495 -29.2126
204.625917 71.904 -35.6339
206.108721 72.208 -41.4951
207.602269 72.427 -46.7979
209.106641 72.583 -51.5481
210.621914 72.697 -55.7717
212.148167 72.791 -59.5239
213.685480 72.881 -62.8937
215.233933 72.981 -65.9983
216.793607 73.097 -68.9688
218.364583 73.229 -71.9307
219.946943 73.371 -74.9867
221.540769 73.513 -78.2050
223.146145 73.642 -81.6178
224.763154 73.748 -85.2239
226.391880 73.818 -88.9956
228.032409 73.846 -92.8868
229.684826 73.825 -96.8392
231.349217 73.750 -100.7872
233.025668 73.620 -104.6600
234.714269 73.435 -108.3854
236.415105 73.198 -111.8896
238.128266 72.914 -115.0966
239.853842 72.591 -117.9316
241.591922 72.242 -120.3241
243.342596 71.881 -122.2161
245.105957 71.529 -123.5757
246.882096 71.209 -124.4146
248.671105 70.946 -124.8053
250.473079 70.758 -124.8868
252.288110 70.659 -124.8500
254.116293 70.648 -124.9037
255.957725 70.716 -125.2338
257.812500 70.845 -125.9735
259.680716 71.014 -127.1982
261.562469 71.203 -128.9329
263.457859 71.393 -131.1711
265.366983 71.570 -133.8890
267.289941 71.721 -137.0557
269.226835 71.836 -140.6362
271.177763 71.903 -144.5936
273.142829 71.914 -148.8870
275.122135 71.858 -153.4692
277.115783 71.728 -158.2861
279.123878 71.513 -163.2748
281.146525 71.205 -168.3608
283.183828 70.797 -173.4545
285.235895 70.279 -178.4497
287.302832 69.646 176.7822
289.384747 68.893 172.3986
291.481748 68.017 168.5925
293.593945 67.021 165.6011
295.721448 65.916 163.7124
297.864367 64.725 163.2609
300.022815 63.495 164.5940
302.196904 62.299 167.9847
304.386747 61.242 173.4631
306.592459 60.445 -179.3726
308.814155 59.997 -171.3821
311.051949 59.917 -163.5964
313.305960 60.146 -156.8209
315.576304 60.589 -151.4554
317.863100 61.152 -147.5634
320.166467 61.764 -145.0142
322.486525 62.377 -143.5936
324.823396 62.963 -143.0721
327.177200 63.510 -143.2433
329.548061 64.011 -143.9420
331.936102 64.466 -145.0488
334.341448 64.878 -146.4801
336.764224 65.247 -148.1770
339.204556 65.575 -150.0940
341.662572 65.863 -152.1919
344.138400 66.111 -154.4357
346.632169 66.321 -156.7947
349.144008 66.493 -159.2421
351.674050 66.625 -161.7535
354.222425 66.719 -164.3036
356.789266 66.771 -166.8634
359.374709 66.779 -169.3951
361.978886 66.742 -171.8459
364.601934 66.657 -174.1420
367.243990 66.525 -176.1836
369.905191 66.350 -177.8459
372.585677 66.145 -178.9835
375.285586 65.933 -179.4501
378.005060 65.748 -179.1367
380.744241 65.636 -178.0303
383.503270 65.647 -176.2811
386.282293 65.818 -174.2292
389.081454 66.157 -172.3413
391.900899 66.641 -171.0656
394.740774 67.223 -170.6991
397.601228 67.851 -171.3436
400.482411 68.479 -172.9452
403.384471 69.075 -175.3662
406.307562 69.618 -178.4393
409.251834 70.097 177.9952
412.217441 70.509 174.0785
415.204539 70.854 169.9264
418.213282 71.136 165.6295
421.243828 71.359 161.2533
424.296334 71.531 156.8370
427.370960 71.657 152.3949
430.467867 71.741 147.9196
433.587214 71.784 143.3848
436.729166 71.785 138.7549
439.893885 71.737 133.9978
443.081538 71.631 129.0957
446.292289 71.452 124.0544
449.526307 71.186 118.9114
452.783760 70.814 113.7426
456.064818 70.316 108.6693
459.369652 69.674 103.8702
462.698433 68.867 99.6045
466.051337 67.878 96.2584
469.428537 66.701 94.4332
472.830210 65.363 95.0885
476.256532 63.986 99.6582
479.707684 62.882 109.5499
483.183843 62.526 123.7286
486.685192 63.123 137.0420
490.211914 64.331 145.3907
493.764192 65.700 148.8655
497.342210 66.989 149.0094
500.946157 68.114 147.0809
504.576220 69.062 143.8729
508.232587 69.843 139.8683
511.915450 70.470 135.3729
515.625000 70.957 130.5953
519.361431 71.315 125.6918
523.124938 71.554 120.7930
526.915717 71.684 116.0176
530.733966 71.715 111.4827
534.579883 71.657 107.3055
538.453669 71.527 103.5992
542.355526 71.344 100.4629
546.285658 71.134 97.9619
550.244269 70.924 96.1091
554.231566 70.743 94.8464
558.247756 70.616 94.0464
562.293050 70.559 93.5291
566.367657 70.580 93.0966
570.471790 70.673 92.5659
574.605664 70.829 91.7898
578.769494 71.031 90.6594
582.963496 71.262 89.1003
587.187890 71.501 87.0653
591.442895 71.729 84.5369
595.728734 71.924 81.5298
600.045630 72.069 78.0946
604.393808 72.144 74.3184
608.773495 72.138 70.3185
613.184919 72.041 66.2350
617.628309 71.849 62.2209
622.103899 71.563 58.4327
626.611920 71.187 55.0247
631.152608 70.731 52.1450
635.726200 70.210 49.9354
640.332934 69.644 48.5287
644.973051 69.060 48.0431
649.646791 68.494 48.5643
654.354400 67.990 50.1060
659.096122 67.600 52.5546
663.872204 67.369 55.6294
668.682895 67.323 58.9008
673.528447 67.456 61.8926
678.409112 67.734 64.2228
683.325144 68.108 65.6833
688.276800 68.528 66.2363
693.264337 68.956 65.9561
698.288016 69.363 64.9655
703.348099 69.731 63.3928
708.444849 70.050 61.3523
713.578533 70.310 58.9403
718.749417 70.506 56.2439
723.957772 70.633 53.3533
729.203868 70.688 50.3683
734.487980 70.669 47.3995
739.810383 70.581 44.5632
745.171354 70.431 41.9678
750.571172 70.231 39.6985
756.010121 69.995 37.8053
761.488482 69.738 36.2964
767.006541 69.472 35.1478
772.564587 69.206 34.3226
778.162908 68.946 33.7919
783.801797 68.695 33.5465
789.481548 68.457 33.5975
795.202457 68.241 33.9645
800.964822 68.057 34.6584
806.768943 67.920 35.6641
812.615123 67.844 36.9249
818.503667 67.843 38.3318
824.434882 67.925 39.7239
830.409077 68.086 40.9105
836.426564 68.313 41.7107
842.487656 68.580 41.9978
848.592668 68.861 41.7285
854.741921 69.128 40.9457
860.935733 69.362 39.7574
867.174428 69.552 38.3090
873.458332 69.694 36.7502
879.787771 69.795 35.2085
886.163076 69.867 33.7698
892.584579 69.922 32.4690
899.052614 69.975 31.2888
905.567520 70.034 30.1703
912.129636 70.102 29.0337
918.739303 70.177 27.8033
925.396867 70.251 26.4307
932.102674 70.315 24.9078
938.857074 70.361 23.2654
945.660420 70.383 21.5605
952.513065 70.382 19.8561
959.415367 70.362 18.1974
966.367686 70.331 16.5953
973.370385 70.292 15.0212
980.423828 70.249 13.4170
987.528383 70.198 11.7195
994.684421 70.127 9.8837
1001.892314 70.026 7.9021
1009.152439 69.878 5.8126
1016.465174 69.671 3.6984
1023.830899 69.393 1.6851
1031.250000 69.039 -0.0603
1038.722863 68.610 -1.3292
1046.249877 68.119 -1.8748
1053.831435 67.596 -1.4297
1061.467932 67.094 0.2323
1069.159766 66.688 3.1724
1076.907338 66.464 7.1202
1084.711053 66.479 11.4130
1092.571316 66.727 15.2051
1100.488538 67.142 17.8497
1108.463132 67.632 19.1184
1116.495513 68.116 19.1404
1124.586099 68.540 18.2251
1132.735314 68.880 16.7207
1140.943581 69.129 14.9407
1149.211328 69.298 13.1301
1157.538987 69.403 11.4559
1165.926992 69.467 10.0054
1174.375780 69.510 8.7924
1182.885791 69.549 7.7754
1191.457469 69.596 6.8785
1200.091261 69.654 6.0149
1208.787617 69.723 5.1085
1217.546990 69.798 4.1083
1226.369837 69.870 2.9922
1235.256619 69.933 1.7646
1244.207797 69.982 0.4508
1253.223840 70.012 -0.9130
1262.305217 70.021 -2.2836
1271.452400 70.011 -3.6156
1280.665869 69.984 -4.8651
1289.946102 69.945 -5.9957
1299.293583 69.901 -6.9866
1308.708800 69.860 -7.8384
1318.192243 69.829 -8.5730
1327.744407 69.814 -9.2280
1337.365791 69.818 -9.8497
1347.056895 69.842 -10.4889
1356.818224 69.887 -11.1982
1366.650288 69.948 -12.0325
1376.553600 70.020 -13.0432
1386.528674 70.095 -14.2723
1396.576033 70.162 -15.7405
1406.696198 70.208 -17.4385
1416.889699 70.223 -19.3248
1427.157066 70.198 -21.3298
1437.498834 70.131 -23.3676
1447.915543 70.020 -25.3506
1458.407736 69.872 -27.2034
1468.975960 69.695 -28.8767
1479.620765 69.496 -30.3555
1490.342707 69.284 -31.6571
1501.142345 69.062 -32.8202
1512.020241 68.828 -33.8809
1522.976963 68.577 -34.8490
1534.013082 68.302 -35.6910
1545.129173 67.997 -36.3237
1556.325816 67.666 -36.6243
1567.603594 67.318 -36.4551
1578.963096 66.976 -35.7063
1590.404914 66.672 -34.3503
1601.929643 66.438 -32.4852
1613.537886 66.298 -30.3356
1625.230247 66.258 -28.1862
1637.007335 66.302 -26.2806
1648.869765 66.404 -24.7458
1660.818155 66.537 -23.5829
1672.853128 66.682 -22.7089
1684.975311 66.830 -22.0144
1697.185337 66.983 -21.4132
1709.483841 67.145 -20.8678
1721.871466 67.322 -20.3914
1734.348856 67.518 -20.0281
1746.916663 67.729 -19.8221
1759.575541 67.950 -19.7931
1772.326151 68.175 -19.9261
1785.169157 68.403 -20.1830
1798.105229 68.636 -20.5247
1811.135040 68.879 -20.9381
1824.259271 69.139 -21.4508
1837.478606 69.418 -22.1270
1850.793734 69.712 -23.0469
1864.205348 70.015 -24.2777
1877.714148 70.312 -25.8529
1891.320839 70.594 -27.7650
1905.026130 70.848 -29.9751
1918.830734 71.068 -32.4285
1932.735373 71.250 -35.0713
1946.740770 71.393 -37.8586
1960.847656 71.496 -40.7576
1975.056766 71.558 -43.7433
1989.368842 71.577 -46.7897
2003.784629 71.551 -49.8628
2018.304878 71.477 -52.9170
2032.930347 71.357 -55.8988
2047.661799 71.192 -58.7531
2062.500000 70.985 -61.4293
2077.445725 70.741 -63.8857
2092.499753 70.466 -66.0901
2107.662869 70.166 -68.0162
2122.935863 69.847 -69.6418
2138.319531 69.517 -70.9454
2153.814676 69.184 -71.9111
2169.422105 68.858 -72.5364
2185.142632 68.552 -72.8406
2200.977076 68.274 -72.8724
2216.926264 68.034 -72.7089
2232.991025 67.834 -72.4430
2249.172199 67.672 -72.1674
2265.470628 67.539 -71.9535
2281.887162 67.425 -71.8376
2298.422657 67.318 -71.8148
2315.077975 67.210 -71.8419
2331.853984 67.094 -71.8502
2348.751559 66.970 -71.7618
2365.771581 66.845 -71.5063
2382.914937 66.727 -71.0345
2400.182521 66.628 -70.3271
2417.575233 66.561 -69.3967
2435.093980 66.540 -68.2887
2452.739675 66.574 -67.0776
2470.513237 66.670 -65.8641
2488.415595 66.829 -64.7662
2506.447680 67.046 -63.9025
2524.610433 67.309 -63.3723
2542.904801 67.604 -63.2390
2561.331737 67.915 -63.5245
2579.892203 68.227 -64.2163
2598.587165 68.529 -65.2798
2617.417599 68.812 -66.6709
2636.384486 69.069 -68.3431
2655.488815 69.296 -70.2499
2674.731581 69.489 -72.3456
2694.113789 69.647 -74.5846
2713.636448 69.769 -76.9225
2733.300577 69.854 -79.3163
2753.107199 69.903 -81.7264
2773.057349 69.920 -84.1178
2793.152066 69.907 -86.4602
2813.392397 69.866 -88.7314
2833.779398 69.801 -90.9165
2854.314132 69.715 -93.0063
2874.997668 69.609 -94.9954
2895.831087 69.485 -96.8763
2916.815472 69.343 -98.6375
2937.951920 69.184 -100.2585
2959.241530 69.009 -101.7095
2980.685414 68.820 -102.9525
3002.284690 68.625 -103.9458
3024.040482 68.431 -104.6504
3045.953926 68.250 -105.0428
3068.026164 68.098 -105.1305
3090.258346 67.989 -104.9678
3112.651632 67.938 -104.6635
3135.207189 67.947 -104.3671
3157.926192 68.013 -104.2363
3180.809827 68.120 -104.3951
3203.859287 68.249 -104.9052
3227.075772 68.380 -105.7595
3250.460493 68.497 -106.8945
3274.014670 68.590 -108.2140
3297.739530 68.657 -109.6167
3321.636310 68.701 -111.0206
3345.706256 68.731 -112.3779
3369.950622 68.753 -113.6814
3394.370674 68.776 -114.9602
3418.967683 68.800 -116.2633
3443.742932 68.822 -117.6382
3468.697713 68.837 -119.1136
3493.833326 68.836 -120.6869
3519.151083 68.809 -122.3184
3544.652302 68.752 -123.9373
3570.338314 68.662 -125.4521
3596.210457 68.546 -126.7646
3622.270081 68.413 -127.7877
3648.518543 68.280 -128.4659
3674.957212 68.167 -128.7932
3701.587467 68.093 -128.8270
3728.410696 68.075 -128.6858
3755.428297 68.118 -128.5291
3782.641678 68.220 -128.5209
3810.052259 68.367 -128.7937
3837.661468 68.541 -129.4246
3865.470745 68.723 -130.4310
3893.481540 68.895 -131.7830
3921.695312 69.045 -133.4202
3950.113533 69.163 -135.2688
3978.737684 69.245 -137.2559
4007.569257 69.289 -139.3142
4036.609756 69.294 -141.3842
4065.860694 69.262 -143.4119
4095.323597 69.194 -145.3431
4125.000000 69.091 -147.1195
4154.891450 68.961 -148.6748
4184.999507 68.809 -149.9375
4215.325738 68.651 -150.8433
4245.871726 68.504 -151.3545
4276.639063 68.389 -151.4869
4307.629353 68.329 -151.3278
4338.844211 68.337 -151.0349
4370.285264 68.419 -150.8097
4401.954153 68.563 -150.8481
4433.852527 68.752 -151.2952
4465.982050 68.958 -152.2192
4498.344397 69.157 -153.6133
4530.941255 69.328 -155.4130
4563.774323 69.454 -157.5166
4596.845313 69.527 -159.8058
4630.155949 69.544 -162.1589
4663.707968 69.506 -164.4629
4697.503118 69.419 -166.6200
4731.543162 69.293 -168.5541
4765.829875 69.139 -170.2139
4800.365042 68.970 -171.5762
4835.150466 68.799 -172.6451
4870.187960 68.638 -173.4503
4905.479349 68.496 -174.0466
4941.026475 68.378 -174.5085
4976.831190 68.285 -174.9196
5012.895360 68.213 -175.3538
5049.220866 68.151 -175.8563
5085.809602 68.088 -176.4281
5122.663475 68.016 -177.0239
5159.784406 67.929 -177.5620
5197.174331 67.831 -177.9456
5234.835198 67.730 -178.0909
5272.768972 67.643 -177.9557
5310.977630 67.589 -177.5619
5349.463163 67.585 -177.0073
5388.227578 67.640 -176.4501
5427.272896 67.749 -176.0676
5466.601153 67.897 -176.0063
5506.214398 68.063 -176.3433
5546.114698 68.221 -177.0739
5586.304131 68.353 -178.1234
5626.784794 68.443 -179.3684
5667.558796 68.487 179.3373
5708.628263 68.488 178.1372
5749.995337 68.459 177.1498
5791.662173 68.418 176.4465
5833.630945 68.384 176.0328
5875.903839 68.376 175.8416
5918.483061 68.408 175.7460
5961.370829 68.480 175.5938
6004.569379 68.584 175.2482
6048.080964 68.705 174.6244
6091.907852 68.824 173.7029
6136.052328 68.925 172.5209
6180.516692 68.997 171.1544
6225.303264 69.032 169.6963
6270.414377 69.032 168.2374
6315.852385 69.000 166.8538
6361.619655 68.943 165.5945
6407.718573 68.869 164.4768
6454.151543 68.785 163.4893
6500.920986 68.695 162.6023
6548.029339 68.598 161.7876
6595.479059 68.489 161.0387
6643.272619 68.366 160.3853
6691.412511 68.227 159.8926
6739.901245 68.075 159.6487
6788.741347 67.925 159.7385
6837.935366 67.795 160.2057
6887.485864 67.709 161.0176
6937.395426 67.689 162.0468
6987.666653 67.744 163.0867
7038.302166 67.871 163.9059
7089.304605 68.049 164.3164
7140.676628 68.251 164.2196
7192.420915 68.446 163.6201
7244.540162 68.610 162.6058
7297.037086 68.726 161.3167
7349.914425 68.787 159.9121
7403.174934 68.797 158.5442
7456.821392 68.765 157.3351
7510.856593 68.706 156.3608
7565.283356 68.636 155.6426
7620.104518 68.572 155.1466
7675.322937 68.523 154.8003
7730.941491 68.494 154.5148
7786.963080 68.482 154.2124
7843.390624 68.481 153.8474
7900.227066 68.483 153.4099
7957.475368 68.485 152.9169
8015.138515 68.482 152.3949
8073.219512 68.477 151.8638
8131.721389 68.469 151.3237
8190.647194 68.459 150.7560
8250.000000 68.445 150.1385
8309.782901 68.421 149.4613
8369.999013 68.381 148.7432
8430.651476 68.321 148.0354
8491.743452 68.239 147.4163
8553.278126 68.142 146.9705
8615.258705 68.042 146.7604
8677.688421 67.956 146.7982
8740.570528 67.900 147.0242
8803.908306 67.884 147.3124
8867.705054 67.910 147.5051
8931.964101 67.965 147.4683
8996.688794 68.032 147.1329
9061.882510 68.091 146.5107
9127.548646 68.127 145.6775
9193.690626 68.131 144.7422
9260.311899 68.106 143.8119
9327.415936 68.056 142.9647
9395.006237 67.993 142.2341
9463.086325 67.924 141.6113
9531.659749 67.855 141.0603
9600.730085 67.790 140.5393
9670.300933 67.727 140.0181
9740.375920 67.664 139.4834
9810.958699 67.599 138.9325
9882.052950 67.531 138.3636
9953.662379 67.459 137.7711
10025.790720 67.379 137.1515
10098.441732 67.288 136.5139
10171.619204 67.183 135.8901
10245.326950 67.065 135.3318
10319.568812 66.938 134.8948
10394.348662 66.811 134.6112
10469.670397 66.696 134.4656
10545.537944 66.601 134.3861
10621.955259 66.530 134.2642
10698.926326 66.474 133.9960
10776.455156 66.420 133.5233
10854.545793 66.353 132.8551
10933.202306 66.260 132.0608
11012.428797 66.134 131.2473
11092.229396 65.977 130.5276
11172.608262 65.797 129.9941
11253.569587 65.610 129.6970
11335.117592 65.429 129.6318
11417.256526 65.271 129.7406
11499.990673 65.142 129.9236
11583.324346 65.045 130.0612
11667.261890 64.972 130.0457
11751.807679 64.910 129.8097
11836.966122 64.843 129.3433
11922.741658 64.757 128.6969
12009.138758 64.642 127.9647
12096.161928 64.500 127.2581
12183.815704 64.335 126.6720
12272.104655 64.163 126.2521
12361.033384 63.998 125.9763
12450.606528 63.848 125.7617
12540.828755 63.718 125.4943
12631.704770 63.600 125.0735
12723.239310 63.482 124.4463
12815.437146 63.349 123.6189
12908.303087 63.189 122.6498
13001.841972 62.995 121.6296
13096.058679 62.766 120.6582
13190.958118 62.510 119.8226
13286.545239 62.236 119.1744
13382.825022 61.957 118.7136
13479.802489 61.683 118.3876
13577.482695 61.419 118.1124
13675.870731 61.161 117.8112
13774.971728 60.899 117.4498
13874.790852 60.626 117.0559
13975.333306 60.335 116.7040
14076.604332 60.032 116.4789
14178.609210 59.725 116.4346
14281.353257 59.430 116.5638
14384.841829 59.159 116.7896
14489.080323 58.919 116.9865
14594.074172 58.705 117.0215
14699.828849 58.504 116.7991
14806.349869 58.301 116.2899
14913.642783 58.080 115.5308
15021.713187 57.830 114.6033
15130.566713 57.546 113.6017
15240.209036 57.232 112.6012
15350.645874 56.892 111.6381
15461.882981 56.531 110.7125
15573.926159 56.151 109.8094
15686.781248 55.753 108.9238
15800.454132 55.334 108.0754
15914.950735 54.897 107.3022
16030.277029 54.449 106.6351
16146.439024 53.999 106.0623
16263.442778 53.559 105.5067
16381.294388 53.131 104.8281
16500.000000 52.711 103.8594
16619.565802 52.280 102.4604
16739.998026 51.812 100.5568
16861.302953 51.281 98.1487
16983.486905 50.661 95.2876
17106.556252 49.932 92.0347
17230.517410 49.075 88.4202
17355.376842 48.070 84.4231
17481.141057 46.892 79.9585
17607.816611 45.503 74.8396
17735.410109 43.850 68.7507
17863.928201 41.864 61.1047
17993.377589 39.490 50.3651
18123.765020 36.820 32.1902
18255.097293 34.674 -3.9218
18387.381253 34.781 -50.7710
18520.623797 36.771 -77.4097
18654.831872 39.005 -90.5386
18790.012473 40.954 -98.2778
18926.172650 42.604 -103.6470
19063.319498 44.018 -107.8762
19201.460170 45.255 -111.5532
19340.601866 46.356 -114.9951
19480.751839 47.348 -118.3875
19621.917398 48.250 -121.8469
19764.105900 49.075 -125.4485
19907.324758 49.829 -129.2429
20051.581440 50.515 -133.2092
20196.883465 51.137 -137.1929
20343.238408 51.700 -141.3989
20490.653899 52.205 -145.8274
20639.137624 52.654 -150.4707
20788.697323 53.046 -155.3164
20939.340794 53.379 -160.3513
21091.075889 53.650 -165.5637
21243.910519 53.854 -170.9448
21397.852652 53.979 -176.4854
21552.910313 54.011 177.8276
21709.091586 53.926 172.0161
21866.404612 53.697 166.1138
22024.857594 53.285 160.1614
22184.458791 52.646 154.2073
22345.216524 51.726 148.2979
22507.139175 50.461 142.4768
22670.235183 48.777 136.7803
22834.513052 46.593 131.2368
22999.981347 43.816 125.8660
23166.648693 40.351 120.6790
23334.523779 36.107 115.6792
23503.615358 31.017 110.8657
23673.932243 25.053 106.2605
23845.483315 18.272 101.9229
24018.277517 11.564 97.7883
