* Measurement data measured by REW V5.40 beta 133
* Source: Vector average
* Format: Vector average
* Dated: Aug 31, 2026, 1:54:02 PM
* REW Settings:
*  C-weighting compensation: Off
*  Target level: 75.0 dB
* Note: ; Vector average of L MPM.3, R MPM.3
* Measurement: LR.3
* Smoothing: 1/48 octave
* Frequency Step: 96 ppo
* Start Frequency: 16.113281 Hz
*
* Freq(Hz) SPL(dB) Phase(degrees)
16.113281 70.342 -171.7072
16.230045 70.444 -173.0643
16.347654 70.566 -174.4519
16.466116 70.692 -175.8638
16.585436 70.816 -177.3046
16.705621 70.938 -178.7787
16.826677 71.058 179.7401
16.948610 71.178 178.2623
17.071427 71.298 176.7758
17.195133 71.419 175.2973
17.319736 71.542 173.8411
17.445242 71.666 172.3960
17.571658 71.794 170.9482
17.698989 71.926 169.5031
17.827243 72.062 168.0561
17.956427 72.203 166.5739
18.086547 72.349 165.0589
18.217609 72.499 163.5113
18.349622 72.652 161.9100
18.482590 72.809 160.2560
18.616523 72.968 158.5601
18.751426 73.126 156.8216
18.887307 73.285 155.0356
19.024172 73.440 153.2281
19.162029 73.590 151.3994
19.300885 73.734 149.5459
19.440747 73.870 147.7004
19.581622 73.997 145.8447
19.723519 74.117 143.9955
19.866444 74.230 142.1740
20.010404 74.336 140.3614
20.155408 74.438 138.5881
20.301462 74.537 136.8536
20.448575 74.634 135.1563
20.596754 74.731 133.5121
20.746006 74.829 131.9146
20.896340 74.929 130.3493
21.047764 75.032 128.8217
21.200285 75.138 127.3088
21.353911 75.247 125.7849
21.508650 75.359 124.2551
21.664511 75.474 122.6785
21.821501 75.592 121.0578
21.979628 75.713 119.3836
22.138902 75.836 117.6420
22.299329 75.960 115.8472
22.460919 76.083 113.9993
22.623680 76.205 112.1015
22.787621 76.325 110.1740
22.952749 76.442 108.2092
23.119074 76.555 106.2233
23.286605 76.664 104.2094
23.455349 76.767 102.1725
23.625316 76.867 100.1070
23.796515 76.963 98.0126
23.968954 77.056 95.8837
24.142643 77.146 93.7187
24.317591 77.233 91.5118
24.493806 77.317 89.2601
24.671298 77.397 86.9563
24.850077 77.473 84.5954
25.030151 77.541 82.1689
25.211529 77.602 79.6700
25.394223 77.654 77.0958
25.578240 77.696 74.4381
25.763590 77.727 71.7087
25.950284 77.744 68.8974
26.138330 77.747 66.0286
26.327739 77.732 63.0899
26.518521 77.698 60.1063
26.710685 77.641 57.0651
26.904242 77.560 53.9817
27.099201 77.452 50.8528
27.295573 77.316 47.6807
27.493368 77.149 44.4896
27.692596 76.950 41.2729
27.893268 76.717 38.0948
28.095394 76.448 34.9474
28.298985 76.138 31.9254
28.504051 75.787 29.0288
28.710603 75.390 26.3577
28.918652 74.950 23.9318
29.128209 74.468 21.8440
29.339284 73.950 20.1346
29.551888 73.404 18.9031
29.766033 72.846 18.1781
29.981730 72.289 18.0609
30.198990 71.758 18.5319
30.417825 71.273 19.6057
30.638245 70.858 21.2227
30.860262 70.533 23.2147
31.083888 70.310 25.4771
31.309135 70.197 27.7646
31.536014 70.187 29.9475
31.764537 70.270 31.8837
31.994716 70.426 33.4786
32.226563 70.639 34.6928
32.460089 70.889 35.5005
32.695309 71.160 35.8901
32.932232 71.439 35.8711
33.170873 71.715 35.4377
33.411243 71.981 34.6117
33.653354 72.231 33.4100
33.897220 72.460 31.8643
34.142854 72.661 30.0174
34.390267 72.830 27.8922
34.639473 72.961 25.5359
34.890485 73.048 22.9867
35.143316 73.090 20.2632
35.397979 73.085 17.4371
35.654487 73.031 14.5692
35.912854 72.930 11.6976
36.173093 72.781 8.8864
36.435218 72.584 6.2037
36.699243 72.343 3.6791
36.965181 72.059 1.3525
37.233046 71.741 -0.7352
37.502852 71.395 -2.5571
37.774613 71.029 -4.0852
38.048343 70.652 -5.2937
38.324057 70.270 -6.1934
38.601769 69.888 -6.8097
38.881494 69.511 -7.1741
39.163245 69.143 -7.3320
39.447038 68.791 -7.3322
39.732888 68.454 -7.1887
40.020808 68.132 -6.9069
40.310816 67.826 -6.4875
40.602924 67.533 -5.9322
40.897150 67.258 -5.2457
41.193508 67.008 -4.4306
41.492013 66.793 -3.4921
41.792681 66.621 -2.4435
42.095528 66.500 -1.3132
42.400570 66.432 -0.1628
42.707822 66.413 0.9199
43.017300 66.440 1.8474
43.329021 66.505 2.5525
43.643001 66.596 2.9980
43.959256 66.699 3.1786
44.277803 66.797 3.1062
44.598658 66.873 2.7933
44.921839 66.914 2.2559
45.247361 66.910 1.5262
45.575242 66.856 0.6630
45.905499 66.747 -0.2524
46.238149 66.581 -1.1270
46.573210 66.360 -1.8722
46.910698 66.091 -2.4081
47.250633 65.792 -2.6555
47.593030 65.489 -2.5314
47.937909 65.215 -1.9702
48.285287 65.002 -0.9688
48.635182 64.881 0.3770
48.987612 64.876 1.8766
49.342597 64.996 3.2966
49.700154 65.231 4.4226
50.060301 65.556 5.0958
50.423059 65.935 5.2151
50.788445 66.331 4.7263
51.156479 66.718 3.6188
51.527180 67.075 1.9285
51.900567 67.389 -0.2759
52.276660 67.649 -2.9224
52.655478 67.847 -5.9584
53.037042 67.980 -9.3481
53.421370 68.050 -13.0515
53.808483 68.058 -17.0188
54.198402 68.003 -21.2106
54.591146 67.885 -25.6196
54.986736 67.706 -30.2689
55.385192 67.469 -35.1860
55.786536 67.178 -40.3968
56.190788 66.835 -45.9505
56.597970 66.443 -51.9468
57.008102 66.008 -58.5240
57.421206 65.543 -65.8279
57.837304 65.063 -74.0161
58.256417 64.589 -83.2931
58.678567 64.158 -93.8953
59.103776 63.825 -105.9764
59.532067 63.656 -119.4768
59.963460 63.709 -134.0787
60.397980 64.014 -149.2209
60.835649 64.557 -164.1902
61.276489 65.282 -178.3796
61.720524 66.114 168.5023
62.167776 66.985 156.4682
62.618270 67.846 145.4261
63.072027 68.663 135.2451
63.529073 69.413 125.7713
63.989431 70.085 116.8754
64.453125 70.674 108.4749
64.920179 71.178 100.5046
65.390617 71.594 92.8993
65.864465 71.923 85.6149
66.341746 72.167 78.6298
66.822485 72.325 71.9225
67.306709 72.397 65.4843
67.794441 72.384 59.3148
68.285707 72.285 53.4243
68.780534 72.098 47.8524
69.278946 71.820 42.6443
69.780970 71.449 37.8526
70.286631 70.980 33.5873
70.795957 70.409 29.9941
71.308974 69.736 27.2597
71.825708 68.966 25.6645
72.346187 68.124 25.6112
72.870437 67.264 27.5996
73.398486 66.501 32.0909
73.930362 66.018 39.1381
74.466092 66.000 47.7797
75.005704 66.498 56.1149
75.549226 67.384 62.4133
76.096687 68.462 66.1133
76.648115 69.573 67.4835
77.203539 70.629 67.0638
77.762987 71.588 65.3390
78.326490 72.439 62.6967
78.894076 73.179 59.4249
79.465775 73.814 55.7198
80.041617 74.352 51.7278
80.621631 74.800 47.5668
81.205849 75.167 43.3145
81.794300 75.460 39.0334
82.387015 75.686 34.7690
82.984025 75.850 30.5599
83.585362 75.958 26.4267
84.191056 76.013 22.3885
84.801139 76.019 18.4667
85.415643 75.978 14.6720
86.034600 75.892 11.0220
86.658042 75.762 7.5453
87.286002 75.591 4.2670
87.918512 75.381 1.2189
88.555606 75.138 -1.5584
89.197317 74.866 -4.0330
89.843677 74.573 -6.1785
90.494721 74.267 -7.9735
91.150484 73.957 -9.4149
91.810997 73.650 -10.5129
92.476298 73.354 -11.2803
93.146419 73.075 -11.7416
93.821397 72.819 -11.9229
94.501265 72.590 -11.8456
95.186060 72.394 -11.5407
95.875818 72.236 -11.0452
96.570573 72.120 -10.4014
97.270363 72.052 -9.6743
97.975225 72.031 -8.9395
98.685194 72.056 -8.2757
99.400307 72.122 -7.7651
100.120603 72.216 -7.4691
100.846118 72.327 -7.4208
101.576890 72.440 -7.6231
102.312958 72.542 -8.0333
103.054360 72.620 -8.5721
103.801135 72.672 -9.1310
104.553320 72.697 -9.5756
105.310957 72.707 -9.7759
106.074084 72.722 -9.6292
106.842740 72.770 -9.0963
107.616967 72.880 -8.2442
108.396804 73.077 -7.2475
109.182291 73.369 -6.3614
109.973471 73.748 -5.8535
110.770384 74.191 -5.9262
111.573072 74.667 -6.6848
112.381577 75.144 -8.1325
113.195940 75.598 -10.2044
114.016204 76.008 -12.7988
114.842413 76.364 -15.7989
115.674608 76.657 -19.0917
116.512834 76.887 -22.5712
117.357134 77.052 -26.1482
118.207552 77.157 -29.7451
119.064133 77.208 -33.2987
119.926921 77.211 -36.7640
120.795961 77.173 -40.1100
121.671298 77.101 -43.3230
122.552979 77.002 -46.4016
123.441048 76.880 -49.3566
124.335553 76.737 -52.2017
125.236539 76.576 -54.9508
126.144055 76.395 -57.6099
127.058147 76.193 -60.1732
127.978862 75.967 -62.6206
128.906250 75.717 -64.9175
129.840358 75.444 -67.0184
130.781235 75.151 -68.8695
131.728929 74.844 -70.4169
132.683491 74.534 -71.6122
133.644971 74.234 -72.4268
134.613417 73.960 -72.8622
135.588882 73.732 -72.9667
136.571415 73.564 -72.8387
137.561067 73.466 -72.6256
138.557891 73.439 -72.4980
139.561939 73.474 -72.6183
140.573262 73.553 -73.1068
141.591914 73.655 -74.0245
142.617948 73.759 -75.3699
143.651416 73.847 -77.0936
144.692373 73.907 -79.1160
145.740874 73.933 -81.3461
146.796972 73.924 -83.6961
147.860724 73.881 -86.0945
148.932184 73.812 -88.4918
150.011408 73.722 -90.8644
151.098452 73.618 -93.2111
152.193374 73.504 -95.5475
153.296230 73.383 -97.9002
154.407077 73.255 -100.3008
155.525975 73.119 -102.7819
156.652980 72.973 -105.3738
157.788152 72.812 -108.1030
158.931550 72.631 -110.9897
160.083234 72.423 -114.0463
161.243263 72.181 -117.2761
162.411698 71.898 -120.6704
163.588600 71.567 -124.2097
164.774030 71.180 -127.8650
165.968051 70.731 -131.5996
167.170724 70.215 -135.3730
168.382112 69.628 -139.1450
169.602278 68.965 -142.8843
170.831286 68.224 -146.5764
172.069200 67.402 -150.2373
173.316084 66.494 -153.9271
174.572004 65.489 -157.7715
175.837025 64.371 -161.9901
177.111212 63.112 -166.9457
178.394633 61.676 -173.2622
179.687354 60.035 177.8821
180.989443 58.260 163.9509
182.300967 56.802 139.3713
183.621995 56.715 99.8284
184.952596 58.362 63.2197
186.292838 60.706 40.8579
187.642793 62.983 26.4113
189.002530 64.985 15.4545
190.372120 66.703 6.1346
191.751635 68.171 -2.3394
193.141147 69.422 -10.3278
194.540727 70.484 -17.9999
195.950449 71.381 -25.4335
197.370387 72.132 -32.6587
198.800614 72.751 -39.6805
200.241205 73.252 -46.4883
201.692236 73.646 -53.0623
203.153781 73.942 -59.3763
204.625917 74.154 -65.4001
206.108721 74.291 -71.1024
207.602269 74.365 -76.4583
209.106641 74.392 -81.4526
210.621914 74.383 -86.0881
212.148167 74.353 -90.3894
213.685480 74.313 -94.4047
215.233933 74.272 -98.2023
216.793607 74.235 -101.8617
218.364583 74.202 -105.4630
219.946943 74.170 -109.0759
221.540769 74.133 -112.7501
223.146145 74.082 -116.5132
224.763154 74.009 -120.3682
226.391880 73.906 -124.2957
228.032409 73.767 -128.2599
229.684826 73.588 -132.2119
231.349217 73.367 -136.0953
233.025668 73.103 -139.8511
234.714269 72.801 -143.4222
236.415105 72.463 -146.7572
238.128266 72.096 -149.8105
239.853842 71.708 -152.5458
241.591922 71.306 -154.9364
243.342596 70.902 -156.9692
245.105957 70.508 -158.6492
246.882096 70.135 -160.0067
248.671105 69.794 -161.1035
250.473079 69.494 -162.0294
252.288110 69.237 -162.8931
254.116293 69.021 -163.7991
255.957725 68.835 -164.8280
257.812500 68.670 -166.0209
259.680716 68.513 -167.3773
261.562469 68.354 -168.8638
263.457859 68.187 -170.4296
265.366983 68.012 -172.0222
267.289941 67.829 -173.6024
269.226835 67.643 -175.1511
271.177763 67.455 -176.6708
273.142829 67.269 -178.1785
275.122135 67.083 -179.6931
277.115783 66.895 178.7773
279.123878 66.702 177.2456
281.146525 66.500 175.7469
283.183828 66.293 174.3333
285.235895 66.084 173.0555
287.302832 65.884 171.9426
289.384747 65.706 170.9806
291.481748 65.562 170.1002
293.593945 65.457 169.1837
295.721448 65.390 168.0923
297.864367 65.351 166.7059
300.022815 65.324 164.9525
302.196904 65.290 162.8214
304.386747 65.233 160.3533
306.592459 65.143 157.6171
308.814155 65.013 154.6838
311.051949 64.841 151.6056
313.305960 64.628 148.4032
315.576304 64.370 145.0684
317.863100 64.062 141.5760
320.166467 63.693 137.9065
322.486525 63.248 134.0677
324.823396 62.707 130.1156
327.177200 62.050 126.1653
329.548061 61.257 122.3999
331.936102 60.314 119.0754
334.341448 59.211 116.5272
336.764224 57.953 115.1693
339.204556 56.561 115.4677
341.662572 55.081 117.8529
344.138400 53.579 122.5493
346.632169 52.129 129.4456
349.144008 50.786 138.3348
351.674050 49.621 149.6938
354.222425 48.877 165.3660
356.789266 49.082 -173.1348
359.374709 50.537 -150.6516
361.978886 52.766 -135.2438
364.601934 55.142 -127.7817
367.243990 57.364 -125.5897
369.905191 59.351 -126.5659
372.585677 61.101 -129.4943
375.285586 62.636 -133.6852
378.005060 63.981 -138.7289
380.744241 65.158 -144.3649
383.503270 66.185 -150.4172
386.282293 67.078 -156.7593
389.081454 67.851 -163.2960
391.900899 68.515 -169.9556
394.740774 69.081 -176.6860
397.601228 69.558 176.5476
400.482411 69.952 169.7686
403.384471 70.269 162.9902
406.307562 70.512 156.2239
409.251834 70.684 149.4822
412.217441 70.787 142.7849
415.204539 70.820 136.1592
418.213282 70.787 129.6360
421.243828 70.689 123.2462
424.296334 70.529 117.0159
427.370960 70.311 110.9645
430.467867 70.036 105.1068
433.587214 69.707 99.4550
436.729166 69.327 94.0189
439.893885 68.896 88.8099
443.081538 68.418 83.8354
446.292289 67.892 79.0912
449.526307 67.319 74.5552
452.783760 66.695 70.1846
456.064818 66.010 65.9209
459.369652 65.246 61.7048
462.698433 64.372 57.4998
466.051337 63.345 53.3237
469.428537 62.100 49.3007
472.830210 60.551 45.7693
476.256532 58.592 43.6088
479.707684 56.180 45.5576
483.183843 53.892 63.6970
486.685192 53.917 124.8411
490.211914 56.495 152.4680
493.764192 59.342 155.7499
497.342210 61.718 152.9551
500.946157 63.629 147.9963
504.576220 65.170 142.0872
508.232587 66.423 135.7356
511.915450 67.448 129.1969
515.625000 68.291 122.6096
519.361431 68.985 116.0477
523.124938 69.555 109.5468
526.915717 70.019 103.1198
530.733966 70.392 96.7701
534.579883 70.682 90.4993
538.453669 70.895 84.3114
542.355526 71.037 78.2180
546.285658 71.110 72.2374
550.244269 71.118 66.3956
554.231566 71.063 60.7233
558.247756 70.951 55.2527
562.293050 70.787 50.0134
566.367657 70.575 45.0277
570.471790 70.322 40.3105
574.605664 70.032 35.8705
578.769494 69.710 31.7142
582.963496 69.360 27.8497
587.187890 68.985 24.2865
591.442895 68.588 21.0364
595.728734 68.173 18.1121
600.045630 67.742 15.5304
604.393808 67.296 13.3218
608.773495 66.839 11.5439
613.184919 66.377 10.2917
617.628309 65.928 9.6913
622.103899 65.523 9.8640
626.611920 65.207 10.8500
631.152608 65.036 12.5061
635.726200 65.056 14.4458
640.332934 65.278 16.1029
644.973051 65.674 16.9229
649.646791 66.184 16.5437
654.354400 66.740 14.8459
659.096122 67.284 11.8926
663.872204 67.771 7.8441
668.682895 68.173 2.8953
673.528447 68.468 -2.7560
678.409112 68.646 -8.9174
683.325144 68.698 -15.4034
688.276800 68.622 -22.0328
693.264337 68.421 -28.6241
698.288016 68.099 -34.9934
703.348099 67.671 -40.9564
708.444849 67.158 -46.3396
713.578533 66.590 -51.0087
718.749417 66.010 -54.9131
723.957772 65.462 -58.1392
729.203868 64.985 -60.9384
734.487980 64.600 -63.6832
739.810383 64.299 -66.7506
745.171354 64.051 -70.3988
750.571172 63.815 -74.7107
756.010121 63.555 -79.6184
761.488482 63.248 -84.9637
767.006541 62.888 -90.5581
772.564587 62.482 -96.2277
778.162908 62.052 -101.8503
783.801797 61.634 -107.3870
789.481548 61.267 -112.9111
795.202457 60.989 -118.6199
800.964822 60.827 -124.8075
806.768943 60.785 -131.7917
812.615123 60.847 -139.8196
818.503667 60.983 -148.9969
824.434882 61.155 -159.2709
830.409077 61.333 -170.4543
836.426564 61.491 177.7291
842.487656 61.613 165.6007
848.592668 61.689 153.4873
854.741921 61.720 141.6912
860.935733 61.712 130.4624
867.174428 61.680 119.9766
873.458332 61.641 110.3130
879.787771 61.615 101.4426
886.163076 61.616 93.2374
892.584579 61.650 85.5048
899.052614 61.707 78.0400
905.567520 61.772 70.6730
912.129636 61.822 63.2944
918.739303 61.835 55.8545
925.396867 61.792 48.3477
932.102674 61.674 40.7965
938.857074 61.469 33.2429
945.660420 61.167 25.7439
952.513065 60.759 18.3737
959.415367 60.240 11.2239
966.367686 59.612 4.4000
973.370385 58.881 -1.9901
980.423828 58.064 -7.8643
987.528383 57.187 -13.2168
994.684421 56.285 -18.1958
1001.892314 55.391 -23.1742
1009.152439 54.524 -28.7661
1016.465174 53.681 -35.7599
1023.830899 52.845 -45.0311
1031.250000 52.018 -57.5336
1038.722863 51.276 -74.3066
1046.249877 50.817 -96.0356
1053.831435 50.892 -121.5356
1061.467932 51.577 -146.9382
1069.159766 52.666 -168.7622
1076.907338 53.874 173.6831
1084.711053 55.017 159.6162
1092.571316 56.020 148.1709
1100.488538 56.869 138.7393
1108.463132 57.585 130.9224
1116.495513 58.197 124.4363
1124.586099 58.737 119.0356
1132.735314 59.235 114.4775
1140.943581 59.707 110.5168
1149.211328 60.159 106.9316
1157.538987 60.587 103.5596
1165.926992 60.982 100.3228
1174.375780 61.336 97.2312
1182.885791 61.648 94.3628
1191.457469 61.927 91.8250
1200.091261 62.192 89.7058
1208.787617 62.470 88.0244
1217.546990 62.791 86.6951
1226.369837 63.172 85.5254
1235.256619 63.620 84.2595
1244.207797 64.120 82.6550
1253.223840 64.646 80.5481
1262.305217 65.168 77.8765
1271.452400 65.658 74.6721
1280.665869 66.093 71.0291
1289.946102 66.459 67.0750
1299.293583 66.747 62.9517
1308.708800 66.958 58.7991
1318.192243 67.096 54.7471
1327.744407 67.170 50.9089
1337.365791 67.193 47.3716
1347.056895 67.184 44.1882
1356.818224 67.162 41.3672
1366.650288 67.146 38.8633
1376.553600 67.150 36.5784
1386.528674 67.181 34.3767
1396.576033 67.236 32.1121
1406.696198 67.304 29.6628
1416.889699 67.368 26.9568
1427.157066 67.406 23.9827
1437.498834 67.399 20.7869
1447.915543 67.330 17.4604
1458.407736 67.189 14.1296
1468.975960 66.970 10.9448
1479.620765 66.673 8.0691
1490.342707 66.307 5.6677
1501.142345 65.886 3.8948
1512.020241 65.433 2.8762
1522.976963 64.978 2.6943
1534.013082 64.553 3.3716
1545.129173 64.196 4.8608
1556.325816 63.942 7.0391
1567.603594 63.821 9.7029
1578.963096 63.854 12.5728
1590.404914 64.043 15.3213
1601.929643 64.370 17.6284
1613.537886 64.803 19.2485
1625.230247 65.300 20.0513
1637.007335 65.821 20.0239
1648.869765 66.333 19.2449
1660.818155 66.812 17.8494
1672.853128 67.244 15.9976
1684.975311 67.624 13.8513
1697.185337 67.955 11.5508
1709.483841 68.249 9.1970
1721.871466 68.516 6.8406
1734.348856 68.769 4.4780
1746.916663 69.015 2.0645
1759.575541 69.256 -0.4639
1772.326151 69.489 -3.1606
1785.169157 69.707 -6.0522
1798.105229 69.902 -9.1306
1811.135040 70.068 -12.3640
1824.259271 70.203 -15.7107
1837.478606 70.306 -19.1326
1850.793734 70.378 -22.6035
1864.205348 70.420 -26.1086
1877.714148 70.432 -29.6394
1891.320839 70.415 -33.1899
1905.026130 70.368 -36.7498
1918.830734 70.290 -40.3044
1932.735373 70.179 -43.8352
1946.740770 70.036 -47.3186
1960.847656 69.860 -50.7297
1975.056766 69.651 -54.0449
1989.368842 69.412 -57.2419
2003.784629 69.142 -60.2998
2018.304878 68.842 -63.1936
2032.930347 68.513 -65.8904
2047.661799 68.158 -68.3455
2062.500000 67.780 -70.5037
2077.445725 67.389 -72.3088
2092.499753 66.998 -73.7190
2107.662869 66.621 -74.7251
2122.935863 66.277 -75.3618
2138.319531 65.982 -75.7119
2153.814676 65.745 -75.8967
2169.422105 65.572 -76.0588
2185.142632 65.458 -76.3384
2200.977076 65.392 -76.8496
2216.926264 65.359 -77.6658
2232.991025 65.342 -78.8115
2249.172199 65.327 -80.2725
2265.470628 65.302 -82.0078
2281.887162 65.261 -83.9680
2298.422657 65.201 -86.1064
2315.077975 65.121 -88.3916
2331.853984 65.023 -90.8149
2348.751559 64.908 -93.3940
2365.771581 64.773 -96.1665
2382.914937 64.613 -99.1785
2400.182521 64.416 -102.4668
2417.575233 64.167 -106.0449
2435.093980 63.851 -109.8933
2452.739675 63.449 -113.9561
2470.513237 62.942 -118.1399
2488.415595 62.315 -122.3149
2506.447680 61.552 -126.3108
2524.610433 60.640 -129.9041
2542.904801 59.568 -132.8005
2561.331737 58.337 -134.6006
2579.892203 56.962 -134.7598
2598.587165 55.496 -132.5767
2617.417599 54.064 -127.3450
2636.384486 52.881 -118.9509
2655.488815 52.184 -108.7886
2674.731581 52.038 -99.4661
2694.113789 52.266 -92.8225
2713.636448 52.610 -89.0361
2733.300577 52.888 -87.4045
2753.107199 53.002 -87.1047
2773.057349 52.912 -87.4412
2793.152066 52.601 -87.8457
2813.392397 52.061 -87.8000
2833.779398 51.288 -86.7085
2854.314132 50.295 -83.6995
2874.997668 49.163 -77.3071
2895.831087 48.173 -65.2959
2916.815472 47.936 -46.4810
2937.951920 48.931 -25.9580
2959.241530 50.804 -11.4280
2980.685414 52.904 -3.9009
3002.284690 54.893 -1.0745
3024.040482 56.673 -1.0698
3045.953926 58.241 -2.7864
3068.026164 59.616 -5.5942
3090.258346 60.822 -9.1218
3112.651632 61.881 -13.1387
3135.207189 62.810 -17.4951
3157.926192 63.625 -22.0903
3180.809827 64.336 -26.8516
3203.859287 64.952 -31.7256
3227.075772 65.481 -36.6692
3250.460493 65.928 -41.6445
3274.014670 66.296 -46.6128
3297.739530 66.589 -51.5325
3321.636310 66.810 -56.3569
3345.706256 66.964 -61.0354
3369.950622 67.056 -65.5127
3394.370674 67.093 -69.7402
3418.967683 67.083 -73.6741
3443.742932 67.035 -77.2795
3468.697713 66.959 -80.5295
3493.833326 66.865 -83.4033
3519.151083 66.767 -85.8853
3544.652302 66.678 -87.9717
3570.338314 66.615 -89.6819
3596.210457 66.596 -91.0696
3622.270081 66.636 -92.2366
3648.518543 66.747 -93.3337
3674.957212 66.930 -94.5452
3701.587467 67.177 -96.0564
3728.410696 67.470 -98.0186
3755.428297 67.785 -100.5237
3782.641678 68.096 -103.5974
3810.052259 68.382 -107.2104
3837.661468 68.622 -111.2959
3865.470745 68.803 -115.7649
3893.481540 68.915 -120.5208
3921.695312 68.952 -125.4641
3950.113533 68.912 -130.4978
3978.737684 68.794 -135.5288
4007.569257 68.602 -140.4714
4036.609756 68.339 -145.2471
4065.860694 68.013 -149.7864
4095.323597 67.632 -154.0334
4125.000000 67.208 -157.9500
4154.891450 66.751 -161.5222
4184.999507 66.276 -164.7678
4215.325738 65.792 -167.7419
4245.871726 65.306 -170.5359
4276.639063 64.818 -173.2610
4307.629353 64.319 -176.0251
4338.844211 63.794 -178.9016
4370.285264 63.221 178.0886
4401.954153 62.579 174.9822
4433.852527 61.848 171.8569
4465.982050 61.011 168.8030
4498.344397 60.050 165.8933
4530.941255 58.942 163.1672
4563.774323 57.646 160.6396
4596.845313 56.097 158.3625
4630.155949 54.183 156.5686
4663.707968 51.755 156.1069
4697.503118 48.791 160.7058
4731.543162 46.684 -155.5266
4765.829875 48.435 -74.6228
4800.365042 51.809 -65.6394
4835.150466 54.729 -66.2275
4870.187960 57.061 -69.2820
4905.479349 58.939 -73.4067
4941.026475 60.472 -78.1418
4976.831190 61.729 -83.2688
5012.895360 62.754 -88.6333
5049.220866 63.575 -94.0889
5085.809602 64.216 -99.4812
5122.663475 64.697 -104.6462
5159.784406 65.042 -109.4192
5197.174331 65.281 -113.6511
5234.835198 65.448 -117.2327
5272.768972 65.584 -120.1233
5310.977630 65.729 -122.3823
5349.463163 65.921 -124.1833
5388.227578 66.180 -125.7981
5427.272896 66.506 -127.5320
5466.601153 66.883 -129.6482
5506.214398 67.281 -132.3064
5546.114698 67.666 -135.5498
5586.304131 68.010 -139.3289
5626.784794 68.293 -143.5330
5667.558796 68.504 -148.0312
5708.628263 68.638 -152.6948
5749.995337 68.700 -157.4177
5791.662173 68.694 -162.1262
5833.630945 68.628 -166.7827
5875.903839 68.510 -171.3855
5918.483061 68.343 -175.9578
5961.370829 68.129 179.4619
6004.569379 67.864 174.8323
6048.080964 67.540 170.1179
6091.907852 67.148 165.2954
6136.052328 66.674 160.3521
6180.516692 66.102 155.2856
6225.303264 65.412 150.1030
6270.414377 64.580 144.8167
6315.852385 63.573 139.4429
6361.619655 62.349 133.9944
6407.718573 60.844 128.4753
6454.151543 58.962 122.8733
6500.920986 56.562 117.1348
6548.029339 53.504 111.0457
6595.479059 50.334 102.5371
6643.272619 50.278 -74.2422
6691.412511 53.329 -82.3276
6739.901245 56.269 -88.0464
6788.741347 58.559 -93.1924
6837.935366 60.350 -97.9292
6887.485864 61.798 -102.3049
6937.395426 63.014 -106.3879
6987.666653 64.072 -110.2971
7038.302166 65.018 -114.1895
7089.304605 65.875 -118.2280
7140.676628 66.649 -122.5378
7192.420915 67.337 -127.1780
7244.540162 67.930 -132.1335
7297.037086 68.423 -137.3328
7349.914425 68.816 -142.6741
7403.174934 69.113 -148.0579
7456.821392 69.323 -153.4082
7510.856593 69.459 -158.6924
7565.283356 69.531 -163.9250
7620.104518 69.543 -169.1587
7675.322937 69.495 -174.4651
7730.941491 69.380 -179.9077
7786.963080 69.184 174.4783
7843.390624 68.890 168.7007
7900.227066 68.481 162.8037
7957.475368 67.940 156.8577
8015.138515 67.251 150.9419
8073.219512 66.396 145.1287
8131.721389 65.352 139.4714
8190.647194 64.084 133.9983
8250.000000 62.533 128.7207
8309.782901 60.605 123.6587
8369.999013 58.155 118.9128
8430.651476 55.064 115.0093
8491.743452 52.160 118.4631
8553.278126 52.942 -86.4365
8615.258705 56.322 -87.4783
8677.688421 59.380 -92.0767
8740.570528 61.799 -97.4514
8803.908306 63.725 -103.2449
8867.705054 65.287 -109.3555
8931.964101 66.564 -115.7231
8996.688794 67.607 -122.2874
9061.882510 68.453 -128.9805
9127.548646 69.126 -135.7368
9193.690626 69.650 -142.5076
9260.311899 70.041 -149.2710
9327.415936 70.312 -156.0352
9395.006237 70.469 -162.8306
9463.086325 70.514 -169.6899
9531.659749 70.439 -176.6294
9600.730085 70.236 176.3630
9670.300933 69.894 169.3281
9740.375920 69.399 162.3247
9810.958699 68.739 155.4133
9882.052950 67.895 148.6414
9953.662379 66.840 142.0381
10025.790720 65.530 135.6243
10098.441732 63.890 129.4463
10171.619204 61.804 123.6638
10245.326950 59.112 118.8616
10319.568812 55.852 118.1538
10394.348662 53.950 -159.2715
10469.670397 56.177 -99.5691
10545.537944 59.414 -101.2644
10621.955259 62.030 -106.5776
10698.926326 64.033 -112.8579
10776.455156 65.582 -119.5239
10854.545793 66.793 -126.3694
10933.202306 67.741 -133.3113
11012.428797 68.477 -140.3271
11092.229396 69.032 -147.4312
11172.608262 69.425 -154.6489
11253.569587 69.662 -162.0010
11335.117592 69.744 -169.4871
11417.256526 69.664 -177.0806
11499.990673 69.416 175.2620
11583.324346 68.987 167.5884
11667.261890 68.363 159.9385
11751.807679 67.517 152.3401
11836.966122 66.409 144.8171
11922.741658 64.972 137.4153
12009.138758 63.102 130.2637
12096.161928 60.644 123.7720
12183.815704 57.516 119.7400
12272.104655 54.864 144.2849
12361.033384 56.113 -100.6072
12450.606528 59.349 -101.0908
12540.828755 62.093 -107.3018
12631.704770 64.167 -114.7441
12723.239310 65.728 -122.6455
12815.437146 66.903 -130.7722
12908.303087 67.773 -139.0449
13001.841972 68.388 -147.4429
13096.058679 68.776 -155.9636
13190.958118 68.949 -164.6028
13286.545239 68.911 -173.3457
13382.825022 68.653 177.8342
13479.802489 68.160 168.9729
13577.482695 67.402 160.1228
13675.870731 66.333 151.3616
13774.971728 64.882 142.8271
13874.790852 62.936 134.8181
13975.333306 60.342 128.2012
14076.604332 57.128 127.0938
14178.609210 55.078 -166.6196
14281.353257 57.058 -105.8447
14384.841829 60.162 -107.3992
14489.080323 62.642 -114.2124
14594.074172 64.473 -122.4160
14699.828849 65.807 -131.1875
14806.349869 66.755 -140.2549
14913.642783 67.384 -149.5085
15021.713187 67.733 -158.9004
15130.566713 67.820 -168.4041
15240.209036 67.646 -177.9973
15350.645874 67.198 172.3501
15461.882981 66.441 162.6929
15573.926159 65.320 153.1384
15686.781248 63.742 143.9158
15800.454132 61.571 135.6091
15914.950735 58.690 130.3091
16030.277029 55.772 144.0972
16146.439024 56.071 -117.1458
16263.442778 59.138 -108.8613
16381.294388 61.951 -115.2432
16500.000000 64.044 -124.4519
16619.565802 65.545 -134.7434
16739.998026 66.576 -145.6052
16861.302953 67.211 -156.8210
16983.486905 67.491 -168.2737
17106.556252 67.428 -179.8845
17230.517410 67.012 168.4165
17355.376842 66.205 156.7246
17481.141057 64.935 145.2219
17607.816611 63.083 134.3169
17735.410109 60.504 125.3455
17863.928201 57.431 125.8447
17993.377589 56.404 -147.1838
18123.765020 59.046 -121.4656
18255.097293 62.017 -128.1484
18387.381253 64.253 -139.0854
18520.623797 65.820 -151.4189
18654.831872 66.852 -164.4380
18790.012473 67.431 -177.8721
18926.172650 67.596 168.4272
19063.319498 67.352 154.5845
19201.460170 66.671 140.7610
19340.601866 65.490 127.2363
19480.751839 63.699 114.6475
19621.917398 61.173 104.9578
19764.105900 58.200 108.1064
19907.324758 57.299 173.6282
20051.581440 59.838 -163.3096
20196.883465 62.644 -170.5532
20343.238408 64.702 176.4739
20490.653899 66.062 161.4712
20639.137624 66.839 145.4448
20788.697323 67.098 128.8057
20939.340794 66.859 111.8035
21091.075889 66.100 94.6819
21243.910519 64.752 77.8184
21397.852652 62.698 62.0425
21552.910313 59.812 50.0112
21709.091586 56.453 57.2026
21866.404612 55.219 126.2725
22024.857594 57.017 133.7317
22184.458791 58.740 121.5408
22345.216524 59.465 105.4702
22507.139175 59.197 88.2302
22670.235183 57.995 70.6899
22834.513052 55.875 53.2786
22999.981347 52.817 36.3140
23166.648693 48.790 20.1492
23334.523779 43.776 5.3245
23503.615358 37.792 -7.1082
23673.932243 30.909 -14.9009
23845.483315 23.250 -16.2502
24018.277517 15.572 -15.9241
