* Measurement data measured by REW V5.40 beta 133
* Source: Vector average
* Format: Vector average
* Dated: Aug 31, 2026, 1:54:15 PM
* REW Settings:
*  C-weighting compensation: Off
*  Target level: 75.0 dB
* Note: ; Vector average of L MPM.4, R MPM.4
* Measurement: LR.4
* Smoothing: 1/48 octave
* Frequency Step: 96 ppo
* Start Frequency: 16.113281 Hz
*
* Freq(Hz) SPL(dB) Phase(degrees)
16.113281 70.820 -171.4052
16.230045 70.956 -172.9500
16.347654 71.121 -174.5128
16.466116 71.291 -176.0582
16.585436 71.466 -177.5767
16.705621 71.643 -179.0818
16.826677 71.818 179.4465
16.948610 71.989 178.0178
17.071427 72.156 176.6180
17.195133 72.321 175.2414
17.319736 72.483 173.8912
17.445242 72.642 172.5602
17.571658 72.801 171.2224
17.698989 72.958 169.8767
17.827243 73.115 168.5206
17.956427 73.271 167.1201
18.086547 73.428 165.6764
18.217609 73.583 164.1862
18.349622 73.737 162.6224
18.482590 73.889 160.9857
18.616523 74.037 159.2798
18.751426 74.182 157.4952
18.887307 74.324 155.6265
19.024172 74.461 153.7027
19.162029 74.593 151.7220
19.300885 74.720 149.6842
19.440747 74.842 147.6426
19.581622 74.957 145.5749
19.723519 75.066 143.5103
19.866444 75.168 141.4871
20.010404 75.263 139.4790
20.155408 75.351 137.5220
20.301462 75.432 135.6164
20.448575 75.508 133.7533
20.596754 75.581 131.9426
20.746006 75.652 130.1760
20.896340 75.723 128.4394
21.047764 75.797 126.7343
21.200285 75.873 125.0460
21.353911 75.954 123.3577
21.508650 76.039 121.6729
21.664511 76.127 119.9623
21.821501 76.217 118.2281
21.979628 76.307 116.4554
22.138902 76.395 114.6287
22.299329 76.481 112.7526
22.460919 76.562 110.8139
22.623680 76.638 108.8143
22.787621 76.709 106.7706
22.952749 76.776 104.6703
23.119074 76.839 102.5519
23.286605 76.897 100.4052
23.455349 76.952 98.2591
23.625316 77.004 96.1175
23.796515 77.051 93.9839
23.968954 77.095 91.8636
24.142643 77.136 89.7462
24.317591 77.172 87.6232
24.493806 77.205 85.4866
24.671298 77.236 83.3189
24.850077 77.265 81.1173
25.030151 77.291 78.8708
25.211529 77.313 76.5767
25.394223 77.331 74.2345
25.578240 77.342 71.8383
25.763590 77.344 69.3913
25.950284 77.334 66.8835
26.138330 77.311 64.3177
26.327739 77.271 61.6825
26.518521 77.214 58.9841
26.710685 77.138 56.2167
26.904242 77.042 53.3929
27.099201 76.923 50.5194
27.295573 76.779 47.6068
27.493368 76.607 44.6799
27.692596 76.403 41.7362
27.893268 76.163 38.8220
28.095394 75.884 35.9247
28.298985 75.564 33.1163
28.504051 75.201 30.3931
28.710603 74.796 27.8511
28.918652 74.349 25.5176
29.128209 73.864 23.5009
29.339284 73.347 21.8575
29.551888 72.802 20.7007
29.766033 72.245 20.0717
29.981730 71.687 20.0773
30.198990 71.153 20.7042
30.417825 70.664 21.9746
30.638245 70.246 23.8352
30.860262 69.921 26.1249
31.083888 69.703 28.7339
31.309135 69.597 31.4032
31.536014 69.595 33.9724
31.764537 69.685 36.2751
31.994716 69.844 38.1753
32.226563 70.058 39.6254
32.460089 70.308 40.5862
32.695309 70.581 41.0713
32.932232 70.866 41.1046
33.170873 71.151 40.7190
33.411243 71.426 39.9497
33.653354 71.684 38.8227
33.897220 71.917 37.3602
34.142854 72.120 35.5909
34.390267 72.288 33.5283
34.639473 72.419 31.2166
34.890485 72.509 28.7052
35.143316 72.557 26.0213
35.397979 72.557 23.2446
35.654487 72.508 20.4240
35.912854 72.410 17.5849
36.173093 72.262 14.7709
36.435218 72.068 12.0457
36.699243 71.830 9.4481
36.965181 71.551 7.0311
37.233046 71.233 4.8558
37.502852 70.882 2.9465
37.774613 70.500 1.3221
38.048343 70.095 -0.0062
38.324057 69.676 -1.0508
38.601769 69.251 -1.8125
38.881494 68.828 -2.2916
39.163245 68.411 -2.4960
39.447038 68.004 -2.4575
39.732888 67.606 -2.2062
40.020808 67.221 -1.7668
40.310816 66.849 -1.1566
40.602924 66.493 -0.3748
40.897150 66.157 0.6078
41.193508 65.840 1.8181
41.492013 65.546 3.2648
41.792681 65.277 4.9352
42.095528 65.040 6.7917
42.400570 64.844 8.7810
42.707822 64.695 10.8516
43.017300 64.596 12.9460
43.329021 64.542 14.9962
43.643001 64.525 16.9257
43.959256 64.537 18.6585
44.277803 64.570 20.1405
44.598658 64.620 21.3695
44.921839 64.682 22.3959
45.247361 64.752 23.2954
45.575242 64.827 24.1454
45.905499 64.912 25.0110
46.238149 65.014 25.9432
46.573210 65.150 26.9820
46.910698 65.335 28.1485
47.250633 65.580 29.4235
47.593030 65.889 30.7255
47.937909 66.260 31.9162
48.285287 66.688 32.8429
48.635182 67.162 33.3815
48.987612 67.664 33.4558
49.342597 68.175 33.0284
49.700154 68.674 32.0798
50.060301 69.146 30.6012
50.423059 69.580 28.6031
50.788445 69.971 26.1210
51.156479 70.312 23.2052
51.527180 70.600 19.9009
51.900567 70.832 16.2385
52.276660 71.008 12.2438
52.655478 71.131 7.9534
53.037042 71.202 3.4143
53.421370 71.221 -1.3351
53.808483 71.187 -6.2778
54.198402 71.103 -11.4088
54.591146 70.974 -16.7170
54.986736 70.801 -22.1902
55.385192 70.586 -27.8354
55.786536 70.332 -33.6926
56.190788 70.045 -39.8214
56.597970 69.730 -46.2837
57.008102 69.394 -53.1555
57.421206 69.045 -60.5505
57.837304 68.695 -68.6143
58.256417 68.365 -77.4821
58.678567 68.078 -87.2518
59.103776 67.862 -97.9854
59.532067 67.748 -109.6895
59.963460 67.768 -122.2419
60.397980 67.942 -135.3619
60.835649 68.270 -148.6942
61.276489 68.732 -161.9113
61.720524 69.298 -174.7278
62.167776 69.926 173.0607
62.618270 70.576 161.5352
63.072027 71.216 150.6710
63.529073 71.823 140.4153
63.989431 72.379 130.7273
64.453125 72.871 121.5507
64.920179 73.293 112.8113
65.390617 73.642 104.4571
65.864465 73.913 96.4696
66.341746 74.107 88.8233
66.822485 74.221 81.4772
67.306709 74.258 74.4279
67.794441 74.215 67.6872
68.285707 74.093 61.2468
68.780534 73.890 55.1165
69.278946 73.605 49.3302
69.780970 73.235 43.9221
70.286631 72.776 38.9426
70.795957 72.222 34.4619
71.308974 71.569 30.5952
71.825708 70.809 27.5146
72.346187 69.939 25.4575
72.870437 68.968 24.7902
73.398486 67.928 26.0556
73.930362 66.904 29.9340
74.466092 66.071 36.9458
75.005704 65.677 46.7420
75.549226 65.901 57.3477
76.096687 66.680 66.2082
76.648115 67.769 71.9920
77.203539 68.952 74.8566
77.762987 70.095 75.4834
78.326490 71.143 74.5248
78.894076 72.077 72.4599
79.465775 72.899 69.6343
80.041617 73.612 66.2856
80.621631 74.225 62.5703
81.205849 74.747 58.5980
81.794300 75.185 54.4586
82.387015 75.543 50.2026
82.984025 75.827 45.8704
83.585362 76.042 41.4985
84.191056 76.188 37.1089
84.801139 76.270 32.7228
85.415643 76.289 28.3652
86.034600 76.245 24.0623
86.658042 76.137 19.8451
87.286002 75.967 15.7573
87.918512 75.733 11.8507
88.555606 75.435 8.1842
89.197317 75.075 4.8337
89.843677 74.655 1.8830
90.494721 74.180 -0.5828
91.150484 73.657 -2.4684
91.810997 73.100 -3.6824
92.476298 72.525 -4.1541
93.146419 71.956 -3.8342
93.821397 71.419 -2.7191
94.501265 70.942 -0.8767
95.186060 70.551 1.5643
95.875818 70.265 4.4207
96.570573 70.090 7.4789
97.270363 70.024 10.5475
97.975225 70.057 13.4778
98.685194 70.171 16.1682
99.400307 70.351 18.5746
100.120603 70.583 20.6873
100.846118 70.855 22.5140
101.576890 71.159 24.0823
102.312958 71.492 25.4186
103.054360 71.851 26.5433
103.801135 72.239 27.4697
104.553320 72.657 28.1851
105.310957 73.108 28.6556
106.074084 73.590 28.8292
106.842740 74.099 28.6385
107.616967 74.627 28.0253
108.396804 75.163 26.9464
109.182291 75.693 25.3858
109.973471 76.205 23.3567
110.770384 76.687 20.8912
111.573072 77.128 18.0396
112.381577 77.520 14.8596
113.195940 77.859 11.4114
114.016204 78.141 7.7570
114.842413 78.362 3.9561
115.674608 78.522 0.0709
116.512834 78.622 -3.8384
117.357134 78.664 -7.7129
118.207552 78.649 -11.4938
119.064133 78.584 -15.1260
119.926921 78.474 -18.5607
120.795961 78.326 -21.7596
121.671298 78.148 -24.6957
122.552979 77.949 -27.3587
123.441048 77.737 -29.7538
124.335553 77.520 -31.9016
125.236539 77.302 -33.8336
126.144055 77.087 -35.5870
127.058147 76.877 -37.1976
127.978862 76.671 -38.6924
128.906250 76.468 -40.0872
129.840358 76.267 -41.3831
130.781235 76.066 -42.5702
131.728929 75.867 -43.6276
132.683491 75.671 -44.5321
133.644971 75.484 -45.2609
134.613417 75.311 -45.8016
135.588882 75.161 -46.1570
136.571415 75.041 -46.3522
137.561067 74.959 -46.4356
138.557891 74.919 -46.4778
139.561939 74.922 -46.5593
140.573262 74.962 -46.7592
141.591914 75.034 -47.1379
142.617948 75.127 -47.7300
143.651416 75.233 -48.5418
144.692373 75.344 -49.5591
145.740874 75.455 -50.7559
146.796972 75.565 -52.1075
147.860724 75.672 -53.5981
148.932184 75.779 -55.2264
150.011408 75.884 -57.0043
151.098452 75.988 -58.9520
152.193374 76.087 -61.0919
153.296230 76.178 -63.4424
154.407077 76.255 -66.0156
155.525975 76.313 -68.8132
156.652980 76.345 -71.8275
157.788152 76.344 -75.0386
158.931550 76.305 -78.4168
160.083234 76.223 -81.9223
161.243263 76.094 -85.5073
162.411698 75.915 -89.1178
163.588600 75.687 -92.6970
164.774030 75.411 -96.1898
165.968051 75.091 -99.5455
167.170724 74.732 -102.7213
168.382112 74.343 -105.6861
169.602278 73.931 -108.4274
170.831286 73.508 -110.9572
172.069200 73.083 -113.3174
173.316084 72.664 -115.5845
174.572004 72.252 -117.8654
175.837025 71.846 -120.2867
177.111212 71.432 -122.9749
178.394633 70.994 -126.0415
179.687354 70.505 -129.5685
180.989443 69.934 -133.6033
182.300967 69.248 -138.1617
183.621995 68.404 -143.2346
184.952596 67.354 -148.8027
186.292838 66.037 -154.8533
187.642793 64.370 -161.4186
189.002530 62.247 -168.6785
190.372120 59.572 -177.3923
191.751635 56.638 167.4438
193.141147 55.471 37.5857
194.540727 57.475 0.6913
195.950449 60.149 -9.5034
197.370387 62.345 -16.8583
198.800614 64.036 -23.1506
200.241205 65.339 -28.7800
201.692236 66.355 -33.8735
203.153781 67.159 -38.4828
204.625917 67.807 -42.6399
206.108721 68.344 -46.3826
207.602269 68.805 -49.7672
209.106641 69.218 -52.8735
210.621914 69.604 -55.8041
212.148167 69.975 -58.6736
213.685480 70.336 -61.5963
215.233933 70.686 -64.6698
216.793607 71.018 -67.9657
218.364583 71.325 -71.5255
219.946943 71.597 -75.3636
221.540769 71.824 -79.4734
223.146145 71.998 -83.8328
224.763154 72.113 -88.4088
226.391880 72.160 -93.1589
228.032409 72.135 -98.0342
229.684826 72.032 -102.9786
231.349217 71.847 -107.9297
233.025668 71.576 -112.8170
234.714269 71.214 -117.5614
236.415105 70.759 -122.0695
238.128266 70.205 -126.2249
239.853842 69.551 -129.8771
241.591922 68.799 -132.8269
243.342596 67.958 -134.8090
245.105957 67.054 -135.4883
246.882096 66.140 -134.4934
248.671105 65.311 -131.5555
250.473079 64.696 -126.7950
252.288110 64.417 -121.0133
254.116293 64.513 -115.5383
255.957725 64.910 -111.5317
257.812500 65.473 -109.4792
259.680716 66.081 -109.2861
261.562469 66.655 -110.6082
263.457859 67.152 -113.0768
265.366983 67.551 -116.3829
267.289941 67.847 -120.2919
269.226835 68.040 -124.6321
271.177763 68.131 -129.2795
273.142829 68.123 -134.1450
275.122135 68.016 -139.1615
277.115783 67.810 -144.2762
279.123878 67.502 -149.4437
281.146525 67.090 -154.6210
283.183828 66.566 -159.7627
285.235895 65.924 -164.8212
287.302832 65.153 -169.7451
289.384747 64.238 -174.4775
291.481748 63.160 -178.9536
293.593945 61.889 176.9117
295.721448 60.377 173.2555
297.864367 58.554 170.3579
300.022815 56.326 168.9280
302.196904 53.639 171.3187
304.386747 51.005 -170.2629
306.592459 50.661 -95.6681
308.814155 53.108 -66.6633
311.051949 55.920 -62.8816
313.305960 58.275 -64.5027
315.576304 60.173 -68.1097
317.863100 61.705 -72.7098
320.166467 62.946 -77.8892
322.486525 63.947 -83.4236
324.823396 64.741 -89.1632
327.177200 65.355 -94.9907
329.548061 65.806 -100.8062
331.936102 66.107 -106.5154
334.341448 66.270 -112.0256
336.764224 66.304 -117.2371
339.204556 66.220 -122.0400
341.662572 66.027 -126.3080
344.138400 65.740 -129.8962
346.632169 65.379 -132.6456
349.144008 64.976 -134.4015
351.674050 64.571 -135.0524
354.222425 64.217 -134.5974
356.789266 63.969 -133.2169
359.374709 63.866 -131.2863
361.978886 63.918 -129.2815
364.601934 64.103 -127.6147
367.243990 64.378 -126.5106
369.905191 64.703 -125.9969
372.585677 65.044 -125.9724
375.285586 65.387 -126.2888
378.005060 65.728 -126.8109
380.744241 66.073 -127.4514
383.503270 66.431 -128.1824
386.282293 66.810 -129.0342
389.081454 67.216 -130.0791
391.900899 67.647 -131.4091
394.740774 68.094 -133.1122
397.601228 68.546 -135.2544
400.482411 68.986 -137.8662
403.384471 69.399 -140.9424
406.307562 69.771 -144.4442
409.251834 70.088 -148.3071
412.217441 70.341 -152.4476
415.204539 70.523 -156.7725
418.213282 70.631 -161.1855
421.243828 70.664 -165.5930
424.296334 70.624 -169.9064
427.370960 70.514 -174.0419
430.467867 70.339 -177.9205
433.587214 70.106 178.5306
436.729166 69.824 175.3756
439.893885 69.505 172.6676
443.081538 69.161 170.4434
446.292289 68.805 168.7189
449.526307 68.453 167.4901
452.783760 68.116 166.7355
456.064818 67.808 166.4197
459.369652 67.540 166.4958
462.698433 67.322 166.9027
466.051337 67.160 167.5648
469.428537 67.060 168.3955
472.830210 67.023 169.3055
476.256532 67.045 170.2148
479.707684 67.122 171.0596
483.183843 67.248 171.7949
486.685192 67.416 172.3932
490.211914 67.620 172.8402
493.764192 67.856 173.1316
497.342210 68.120 173.2675
500.946157 68.412 173.2474
504.576220 68.731 173.0641
508.232587 69.078 172.6978
511.915450 69.453 172.1132
515.625000 69.856 171.2598
519.361431 70.281 170.0762
523.124938 70.722 168.4989
526.915717 71.166 166.4760
530.733966 71.600 163.9795
534.579883 72.010 161.0134
538.453669 72.381 157.6139
542.355526 72.701 153.8435
546.285658 72.963 149.7815
550.244269 73.161 145.5145
554.231566 73.293 141.1285
558.247756 73.360 136.7036
562.293050 73.364 132.3110
566.367657 73.310 128.0096
570.471790 73.205 123.8448
574.605664 73.055 119.8472
578.769494 72.866 116.0311
582.963496 72.646 112.3951
587.187890 72.397 108.9240
591.442895 72.124 105.5947
595.728734 71.825 102.3854
600.045630 71.498 99.2847
604.393808 71.139 96.2998
608.773495 70.744 93.4622
613.184919 70.310 90.8257
617.628309 69.837 88.4604
622.103899 69.328 86.4404
626.611920 68.792 84.8289
631.152608 68.240 83.6636
635.726200 67.684 82.9463
640.332934 67.134 82.6450
644.973051 66.597 82.7084
649.646791 66.075 83.0961
654.354400 65.567 83.8048
659.096122 65.072 84.8848
663.872204 64.595 86.4365
668.682895 64.156 88.5807
673.528447 63.785 91.3942
678.409112 63.526 94.8251
683.325144 63.418 98.6187
688.276800 63.482 102.3356
693.264337 63.701 105.4926
698.288016 64.030 107.7389
703.348099 64.412 108.9396
708.444849 64.794 109.1448
713.578533 65.136 108.5106
718.749417 65.410 107.2355
723.957772 65.600 105.5300
729.203868 65.699 103.6066
734.487980 65.705 101.6765
739.810383 65.628 99.9484
745.171354 65.484 98.6158
750.571172 65.298 97.8363
756.010121 65.107 97.7024
761.488482 64.948 98.2080
767.006541 64.863 99.2292
772.564587 64.880 100.5321
778.162908 65.013 101.8131
783.801797 65.258 102.7606
789.481548 65.592 103.1115
795.202457 65.984 102.6877
800.964822 66.398 101.4065
806.768943 66.798 99.2690
812.615123 67.157 96.3402
818.503667 67.452 92.7238
824.434882 67.666 88.5406
830.409077 67.791 83.9143
836.426564 67.819 78.9594
842.487656 67.750 73.7755
848.592668 67.584 68.4448
854.741921 67.320 63.0316
860.935733 66.962 57.5820
867.174428 66.508 52.1283
873.458332 65.959 46.6901
879.787771 65.313 41.2762
886.163076 64.563 35.8892
892.584579 63.702 30.5287
899.052614 62.720 25.1947
905.567520 61.599 19.8849
912.129636 60.321 14.5897
918.739303 58.858 9.2756
925.396867 57.172 3.8540
932.102674 55.205 -1.8761
938.857074 52.873 -8.3696
945.660420 50.068 -16.8322
952.513065 46.799 -31.9141
959.415367 44.018 -85.5684
966.367686 44.191 -162.5663
973.370385 46.381 177.9731
980.423828 48.444 169.5597
987.528383 49.999 164.7228
994.684421 51.159 162.0381
1001.892314 52.083 161.0745
1009.152439 52.914 161.4833
1016.465174 53.757 162.7278
1023.830899 54.665 164.1056
1031.250000 55.637 164.9547
1038.722863 56.634 164.8478
1046.249877 57.610 163.6318
1053.831435 58.523 161.3448
1061.467932 59.343 158.1180
1069.159766 60.050 154.1100
1076.907338 60.632 149.4779
1084.711053 61.080 144.3711
1092.571316 61.390 138.9346
1100.488538 61.558 133.3140
1108.463132 61.585 127.6616
1116.495513 61.477 122.1399
1124.586099 61.241 116.9133
1132.735314 60.896 112.1350
1140.943581 60.467 107.9210
1149.211328 59.985 104.3135
1157.538987 59.484 101.2456
1165.926992 58.994 98.5226
1174.375780 58.529 95.8496
1182.885791 58.083 92.9071
1191.457469 57.630 89.4358
1200.091261 57.131 85.2899
1208.787617 56.539 80.4475
1217.546990 55.810 74.9934
1226.369837 54.903 69.1030
1235.256619 53.779 63.0460
1244.207797 52.404 57.2288
1253.223840 50.753 52.2943
1262.305217 48.834 49.3098
1271.452400 46.746 49.9529
1280.665869 44.829 55.8473
1289.946102 43.724 65.0968
1299.293583 43.816 70.8354
1308.708800 44.701 69.1656
1318.192243 45.839 61.2946
1327.744407 46.990 49.5645
1337.365791 48.099 35.9589
1347.056895 49.154 21.9918
1356.818224 50.142 8.7070
1366.650288 51.047 -3.2848
1376.553600 51.861 -13.6969
1386.528674 52.588 -22.4470
1396.576033 53.244 -29.5854
1406.696198 53.856 -35.2660
1416.889699 54.449 -39.7375
1427.157066 55.041 -43.3149
1437.498834 55.633 -46.3262
1447.915543 56.215 -49.0450
1458.407736 56.766 -51.6394
1468.975960 57.266 -54.1570
1479.620765 57.701 -56.5422
1490.342707 58.063 -58.6692
1501.142345 58.359 -60.3813
1512.020241 58.607 -61.5343
1522.976963 58.836 -62.0396
1534.013082 59.076 -61.9019
1545.129173 59.359 -61.2318
1556.325816 59.703 -60.2179
1567.603594 60.115 -59.0691
1578.963096 60.591 -57.9611
1590.404914 61.122 -57.0146
1601.929643 61.696 -56.3101
1613.537886 62.304 -55.9098
1625.230247 62.935 -55.8716
1637.007335 63.575 -56.2483
1648.869765 64.211 -57.0782
1660.818155 64.827 -58.3757
1672.853128 65.409 -60.1252
1684.975311 65.940 -62.2812
1697.185337 66.411 -64.7725
1709.483841 66.813 -67.5089
1721.871466 67.141 -70.3887
1734.348856 67.394 -73.3091
1746.916663 67.575 -76.1729
1759.575541 67.691 -78.8958
1772.326151 67.749 -81.4087
1785.169157 67.758 -83.6599
1798.105229 67.731 -85.6187
1811.135040 67.679 -87.2776
1824.259271 67.612 -88.6572
1837.478606 67.539 -89.8035
1850.793734 67.465 -90.7783
1864.205348 67.391 -91.6445
1877.714148 67.314 -92.4531
1891.320839 67.227 -93.2324
1905.026130 67.126 -93.9912
1918.830734 67.004 -94.7241
1932.735373 66.854 -95.4189
1946.740770 66.672 -96.0527
1960.847656 66.448 -96.5869
1975.056766 66.178 -96.9541
1989.368842 65.855 -97.0483
2003.784629 65.479 -96.7241
2018.304878 65.060 -95.8066
2032.930347 64.616 -94.1167
2047.661799 64.179 -91.5088
2062.500000 63.793 -87.9192
2077.445725 63.508 -83.4177
2092.499753 63.373 -78.2361
2107.662869 63.417 -72.7495
2122.935863 63.646 -67.3990
2138.319531 64.035 -62.5845
2153.814676 64.543 -58.5800
2169.422105 65.122 -55.5048
2185.142632 65.728 -53.3472
2200.977076 66.328 -52.0115
2216.926264 66.899 -51.3640
2232.991025 67.427 -51.2662
2249.172199 67.907 -51.5950
2265.470628 68.336 -52.2516
2281.887162 68.713 -53.1625
2298.422657 69.040 -54.2739
2315.077975 69.318 -55.5430
2331.853984 69.545 -56.9290
2348.751559 69.723 -58.3920
2365.771581 69.852 -59.8912
2382.914937 69.933 -61.3904
2400.182521 69.967 -62.8588
2417.575233 69.956 -64.2693
2435.093980 69.899 -65.5929
2452.739675 69.796 -66.7899
2470.513237 69.648 -67.8044
2488.415595 69.458 -68.5669
2506.447680 69.232 -69.0010
2524.610433 68.983 -69.0393
2542.904801 68.725 -68.6392
2561.331737 68.477 -67.7990
2579.892203 68.258 -66.5690
2598.587165 68.081 -65.0490
2617.417599 67.957 -63.3740
2636.384486 67.885 -61.6874
2655.488815 67.857 -60.1108
2674.731581 67.861 -58.7255
2694.113789 67.881 -57.5656
2713.636448 67.905 -56.6239
2733.300577 67.921 -55.8641
2753.107199 67.922 -55.2329
2773.057349 67.904 -54.6718
2793.152066 67.867 -54.1244
2813.392397 67.814 -53.5465
2833.779398 67.751 -52.9111
2854.314132 67.682 -52.2134
2874.997668 67.613 -51.4695
2895.831087 67.547 -50.7118
2916.815472 67.484 -49.9786
2937.951920 67.421 -49.3032
2959.241530 67.355 -48.7046
2980.685414 67.278 -48.1835
3002.284690 67.187 -47.7216
3024.040482 67.079 -47.2849
3045.953926 66.952 -46.8319
3068.026164 66.810 -46.3223
3090.258346 66.658 -45.7299
3112.651632 66.504 -45.0540
3135.207189 66.356 -44.3251
3157.926192 66.220 -43.6057
3180.809827 66.097 -42.9840
3203.859287 65.986 -42.5603
3227.075772 65.876 -42.4314
3250.460493 65.753 -42.6708
3274.014670 65.598 -43.3174
3297.739530 65.392 -44.3707
3321.636310 65.115 -45.7957
3345.706256 64.748 -47.5278
3369.950622 64.274 -49.4811
3394.370674 63.677 -51.5532
3418.967683 62.941 -53.6238
3443.742932 62.051 -55.5475
3468.697713 60.990 -57.1456
3493.833326 59.741 -58.1832
3519.151083 58.284 -58.3237
3544.652302 56.605 -57.0428
3570.338314 54.704 -53.4563
3596.210457 52.646 -46.0653
3622.270081 50.669 -32.8602
3648.518543 49.285 -13.8126
3674.957212 48.941 5.0637
3701.587467 49.373 17.4996
3728.410696 49.960 23.2535
3755.428297 50.303 24.1873
3782.641678 50.223 21.4952
3810.052259 49.646 15.2758
3837.661468 48.601 3.9985
3865.470745 47.504 -17.7362
3893.481540 47.666 -59.8123
3921.695312 49.827 -103.2461
3950.113533 52.700 -126.7720
3978.737684 55.345 -140.1021
4007.569257 57.578 -149.2686
4036.609756 59.427 -156.4492
4065.860694 60.953 -162.5098
4095.323597 62.204 -167.8335
4125.000000 63.219 -172.5942
4154.891450 64.026 -176.8599
4184.999507 64.647 179.3674
4215.325738 65.100 176.1311
4245.871726 65.403 173.5090
4276.639063 65.575 171.6067
4307.629353 65.641 170.5454
4338.844211 65.631 170.4470
4370.285264 65.586 171.4004
4401.954153 65.555 173.4136
4433.852527 65.589 176.3540
4465.982050 65.732 179.9160
4498.344397 65.999 -176.3384
4530.941255 66.379 -172.8584
4563.774323 66.833 -169.9683
4596.845313 67.313 -167.8057
4630.155949 67.774 -166.3428
4663.707968 68.182 -165.4458
4697.503118 68.517 -164.9331
4731.543162 68.769 -164.6128
4765.829875 68.937 -164.3022
4800.365042 69.029 -163.8440
4835.150466 69.059 -163.1162
4870.187960 69.045 -162.0439
4905.479349 69.007 -160.6118
4941.026475 68.962 -158.8667
4976.831190 68.922 -156.9053
5012.895360 68.890 -154.8481
5049.220866 68.863 -152.8015
5085.809602 68.829 -150.8291
5122.663475 68.774 -148.9397
5159.784406 68.689 -147.0913
5197.174331 68.564 -145.2083
5234.835198 68.399 -143.2012
5272.768972 68.196 -140.9810
5310.977630 67.966 -138.4746
5349.463163 67.720 -135.6379
5388.227578 67.476 -132.4722
5427.272896 67.248 -129.0347
5466.601153 67.048 -125.4399
5506.214398 66.879 -121.8394
5546.114698 66.735 -118.3816
5586.304131 66.599 -115.1770
5626.784794 66.455 -112.2729
5667.558796 66.282 -109.6602
5708.628263 66.067 -107.2969
5749.995337 65.800 -105.1357
5791.662173 65.473 -103.1475
5833.630945 65.080 -101.3345
5875.903839 64.612 -99.7275
5918.483061 64.052 -98.3784
5961.370829 63.381 -97.3447
6004.569379 62.568 -96.6836
6048.080964 61.575 -96.4546
6091.907852 60.351 -96.7429
6136.052328 58.830 -97.7258
6180.516692 56.924 -99.8379
6225.303264 54.529 -104.2991
6270.414377 51.644 -115.3601
6315.852385 49.134 -151.5227
6361.619655 49.444 147.4670
6407.718573 51.938 125.7556
6454.151543 54.415 119.5942
6500.920986 56.416 118.3130
6548.029339 58.019 119.2935
6595.479059 59.343 121.6240
6643.272619 60.480 124.8533
6691.412511 61.496 128.6699
6739.901245 62.433 132.8110
6788.741347 63.312 137.0518
6837.935366 64.141 141.2212
6887.485864 64.917 145.2153
6937.395426 65.635 149.0015
6987.666653 66.288 152.6069
7038.302166 66.874 156.1006
7089.304605 67.395 159.5664
7140.676628 67.861 163.0747
7192.420915 68.281 166.6621
7244.540162 68.667 170.3179
7297.037086 69.026 173.9878
7349.914425 69.360 177.5923
7403.174934 69.664 -178.9448
7456.821392 69.928 -175.6709
7510.856593 70.139 -172.5864
7565.283356 70.286 -169.6421
7620.104518 70.359 -166.7480
7675.322937 70.358 -163.7922
7730.941491 70.286 -160.6660
7786.963080 70.152 -157.2886
7843.390624 69.971 -153.6287
7900.227066 69.754 -149.7163
7957.475368 69.509 -145.6318
8015.138515 69.236 -141.4800
8073.219512 68.927 -137.3496
8131.721389 68.570 -133.2903
8190.647194 68.149 -129.3047
8250.000000 67.647 -125.3599
8309.782901 67.052 -121.4077
8369.999013 66.350 -117.4097
8430.651476 65.524 -113.3477
8491.743452 64.554 -109.2280
8553.278126 63.405 -105.0754
8615.258705 62.026 -100.9209
8677.688421 60.338 -96.8037
8740.570528 58.221 -92.8003
8803.908306 55.514 -89.1709
8867.705054 52.247 -87.3232
8931.964101 50.345 -177.4683
8996.688794 52.682 113.1636
9061.882510 56.097 115.2231
9127.548646 58.921 118.9321
9193.690626 61.164 122.9268
9260.311899 62.978 126.9258
9327.415936 64.468 130.8638
9395.006237 65.703 134.7578
9463.086325 66.729 138.6587
9531.659749 67.581 142.6299
9600.730085 68.285 146.7273
9670.300933 68.865 150.9907
9740.375920 69.340 155.4387
9810.958699 69.727 160.0698
9882.052950 70.038 164.8628
9953.662379 70.282 169.7847
10025.790720 70.466 174.7939
10098.441732 70.591 179.8479
10171.619204 70.656 -175.0920
10245.326950 70.656 -170.0522
10319.568812 70.586 -165.0396
10394.348662 70.437 -160.0396
10469.670397 70.205 -155.0181
10545.537944 69.882 -149.9316
10621.955259 69.467 -144.7471
10698.926326 68.956 -139.4570
10776.455156 68.342 -134.0913
10854.545793 67.612 -128.7156
10933.202306 66.743 -123.4141
11012.428797 65.696 -118.2715
11092.229396 64.417 -113.3691
11172.608262 62.826 -108.8118
11253.569587 60.808 -104.8357
11335.117592 58.207 -102.1814
11417.256526 54.997 -104.2644
11499.990673 52.629 -154.7124
11583.324346 54.280 123.0935
11667.261890 57.510 118.7400
11751.807679 60.229 121.3110
11836.966122 62.344 125.6506
11922.741658 64.008 130.7334
12009.138758 65.343 136.2100
12096.161928 66.426 141.9170
12183.815704 67.307 147.7661
12272.104655 68.018 153.7126
12361.033384 68.582 159.7422
12450.606528 69.013 165.8589
12540.828755 69.324 172.0737
12631.704770 69.524 178.3896
12723.239310 69.620 -175.2021
12815.437146 69.616 -168.7229
12908.303087 69.512 -162.2031
13001.841972 69.303 -155.6758
13096.058679 68.980 -149.1714
13190.958118 68.530 -142.7134
13286.545239 67.934 -136.3149
13382.825022 67.167 -129.9819
13479.802489 66.195 -123.7195
13577.482695 64.971 -117.5508
13675.870731 63.426 -111.5535
13774.971728 61.453 -105.9363
13874.790852 58.903 -101.3101
13975.333306 55.705 -100.2507
14076.604332 53.063 -135.5464
14178.609210 54.361 125.5986
14281.353257 57.582 122.5269
14384.841829 60.323 126.6101
14489.080323 62.423 132.3657
14594.074172 64.037 138.8196
14699.828849 65.294 145.6648
14806.349869 66.276 152.7629
14913.642783 67.037 160.0239
15021.713187 67.612 167.3735
15130.566713 68.020 174.7495
15240.209036 68.270 -177.8892
15350.645874 68.365 -170.5615
15461.882981 68.301 -163.2676
15573.926159 68.072 -155.9985
15686.781248 67.666 -148.7471
15800.454132 67.066 -141.5176
15914.950735 66.244 -134.3328
16030.277029 65.157 -127.2405
16146.439024 63.739 -120.3367
16263.442778 61.887 -113.8291
16381.294388 59.453 -108.2852
16500.000000 56.345 -105.9968
16619.565802 53.601 -132.3921
16739.998026 54.649 123.0481
16861.302953 57.871 119.2214
16983.486905 60.658 123.8186
17106.556252 62.784 130.2227
17230.517410 64.401 137.3081
17355.376842 65.634 144.7148
17481.141057 66.565 152.2830
17607.816611 67.242 159.9041
17735.410109 67.693 167.5142
17863.928201 67.934 175.1240
17993.377589 67.971 -177.2876
18123.765020 67.801 -169.7598
18255.097293 67.412 -162.3206
18387.381253 66.780 -155.0107
18520.623797 65.863 -147.8931
18654.831872 64.595 -141.0703
18790.012473 62.872 -134.7432
18926.172650 60.546 -129.4307
19063.319498 57.526 -127.2129
19201.460170 54.861 -152.1506
19340.601866 55.962 97.3127
19480.751839 59.184 93.3215
19621.917398 61.938 97.0232
19764.105900 63.996 102.2234
19907.324758 65.505 107.8833
20051.581440 66.583 113.7246
20196.883465 67.305 119.7744
20343.238408 67.715 125.7583
20490.653899 67.835 131.6289
20639.137624 67.667 137.3535
20788.697323 67.200 142.9089
20939.340794 66.402 148.2720
21091.075889 65.220 153.4133
21243.910519 63.567 158.2681
21397.852652 61.313 162.6558
21552.910313 58.297 165.8979
21709.091586 54.698 162.9548
21866.404612 52.855 24.1597
22024.857594 54.563 13.5029
22184.458791 56.555 16.3682
22345.216524 57.609 20.9678
22507.139175 57.717 26.2385
22670.235183 56.953 31.9038
22834.513052 55.342 37.8420
22999.981347 52.872 43.9661
23166.648693 49.505 50.1860
23334.523779 45.206 56.3857
23503.615358 39.958 62.3782
23673.932243 33.785 67.6282
23845.483315 26.783 70.8831
24018.277517 19.816 71.9929
