* Measurement data measured by REW V5.40 beta 133
* Source: U18dB [plughw:2,0], Mic (Mic), R, Volume: 1.000. Timing signal peak level -28.1 dBFS, measurement signal peak level -17.2 dBFS
* Format: 512k Log Swept Sine, 1 sweep at -12.0 dBFS using an acoustic timing reference
* Dated: Aug 28, 2026, 2:59:07 PM
* REW Settings:
*  C-weighting compensation: Off
*  Target level: 75.0 dB
* Note: ; 28 aug 2026 Multi point measurement Position 4: +20cm to the RIGHT 4.51m from front wall (re-verified) 3.68m from R and 3.55cm from L speaker 2 screen panels prolongation - new setup DAC level -28dB MIC HEIGHT: 1.060m mic boom arm height: 1.040 PICTURES: 2026.08.25_ROOM.png measurement starts from 16Hz (REW LF tail starts from 16) -12dBFS OKTO -28dB DELAY -0.3948 ms (-135 mm, -5.33 in) using estimated IR delay relative to Acoustic reference played from DAC8STEREO L with no timing offset Clock adjustment: -17.5 ppm
* Measurement: R MPM.4
* Smoothing: 1/48 octave
* Frequency Step: 96 ppo
* Start Frequency: 16.113281 Hz
*
* Freq(Hz) SPL(dB) Phase(degrees)
16.113281 70.343 -172.3950
16.230045 70.429 -174.1656
16.347654 70.536 -176.0139
16.466116 70.648 -177.8582
16.585436 70.766 -179.6798
16.705621 70.888 178.5007
16.826677 71.010 176.7564
16.948610 71.131 175.1189
17.071427 71.250 173.5552
17.195133 71.363 172.0752
17.319736 71.469 170.6935
17.445242 71.567 169.3876
17.571658 71.658 168.1019
17.698989 71.741 166.8319
17.827243 71.817 165.5674
17.956427 71.889 164.2292
18.086547 71.960 162.8129
18.217609 72.031 161.3145
18.349622 72.104 159.6907
18.482590 72.183 157.9372
18.616523 72.269 156.0798
18.751426 72.362 154.1301
18.887307 72.465 152.0781
19.024172 72.574 149.9956
19.162029 72.688 147.9044
19.300885 72.807 145.8021
19.440747 72.924 143.7694
19.581622 73.038 141.7892
19.723519 73.146 139.8819
19.866444 73.245 138.0822
20.010404 73.335 136.3643
20.155408 73.414 134.7371
20.301462 73.483 133.2002
20.448575 73.544 131.7338
20.596754 73.600 130.3250
20.746006 73.652 128.9732
20.896340 73.704 127.6434
21.047764 73.760 126.3372
21.200285 73.820 125.0349
21.353911 73.886 123.7095
21.508650 73.960 122.3697
21.664511 74.040 120.9781
21.821501 74.127 119.5406
21.979628 74.218 118.0420
22.138902 74.313 116.4690
22.299329 74.411 114.8305
22.460919 74.509 113.1166
22.623680 74.607 111.3338
22.787621 74.706 109.5007
22.952749 74.805 107.6106
23.119074 74.903 105.6994
23.286605 75.002 103.7621
23.455349 75.102 101.8251
23.625316 75.202 99.8943
23.796515 75.303 97.9742
23.968954 75.406 96.0713
24.142643 75.508 94.1776
24.317591 75.613 92.2858
24.493806 75.718 90.3893
24.671298 75.825 88.4674
24.850077 75.933 86.5179
25.030151 76.043 84.5168
25.211529 76.154 82.4639
25.394223 76.265 80.3380
25.578240 76.376 78.1386
25.763590 76.484 75.8486
25.950284 76.590 73.4660
26.138330 76.691 70.9768
26.327739 76.787 68.3788
26.518521 76.874 65.6625
26.710685 76.950 62.8289
26.904242 77.014 59.8741
27.099201 77.063 56.8078
27.295573 77.093 53.6245
27.493368 77.100 50.3511
27.692596 77.081 46.9692
27.893268 77.033 43.5280
28.095394 76.953 39.9945
28.298985 76.840 36.4381
28.504051 76.692 32.8231
28.710603 76.510 29.2281
28.918652 76.296 25.6394
29.128209 76.052 22.1249
29.339284 75.781 18.7135
29.551888 75.482 15.4468
29.766033 75.162 12.3815
29.981730 74.818 9.5440
30.198990 74.455 6.9792
30.417825 74.074 4.6985
30.638245 73.677 2.7322
30.860262 73.269 1.0578
31.083888 72.853 -0.2971
31.309135 72.438 -1.3788
31.536014 72.028 -2.1918
31.764537 71.630 -2.7529
31.994716 71.252 -3.1266
32.226563 70.901 -3.3237
32.460089 70.582 -3.4095
32.695309 70.298 -3.4417
32.932232 70.051 -3.4585
33.170873 69.838 -3.5389
33.411243 69.657 -3.7256
33.653354 69.501 -4.0586
33.897220 69.363 -4.5798
34.142854 69.235 -5.2958
34.390267 69.108 -6.2159
34.639473 68.973 -7.3241
34.890485 68.823 -8.5883
35.143316 68.650 -9.9846
35.397979 68.450 -11.4402
35.654487 68.220 -12.8956
35.912854 67.961 -14.3016
36.173093 67.675 -15.5900
36.435218 67.370 -16.6919
36.699243 67.051 -17.5645
36.965181 66.729 -18.1619
37.233046 66.418 -18.4745
37.502852 66.130 -18.5328
37.774613 65.877 -18.3859
38.048343 65.669 -18.1175
38.324057 65.509 -17.8633
38.601769 65.394 -17.7347
38.881494 65.316 -17.8275
39.163245 65.265 -18.2220
39.447038 65.226 -18.9642
39.732888 65.184 -20.0441
40.020808 65.129 -21.4290
40.310816 65.051 -23.0685
40.602924 64.944 -24.8920
40.897150 64.806 -26.8071
41.193508 64.639 -28.7401
41.492013 64.445 -30.6297
41.792681 64.229 -32.4286
42.095528 64.001 -34.1106
42.400570 63.769 -35.6833
42.707822 63.545 -37.1887
43.017300 63.340 -38.6929
43.329021 63.167 -40.2836
43.643001 63.038 -42.0647
43.959256 62.967 -44.1478
44.277803 62.966 -46.6424
44.598658 63.043 -49.6467
44.921839 63.203 -53.2283
45.247361 63.442 -57.4255
45.575242 63.753 -62.2491
45.905499 64.123 -67.6902
46.238149 64.534 -73.7299
46.573210 64.971 -80.3491
46.910698 65.419 -87.5339
47.250633 65.867 -95.2734
47.593030 66.308 -103.5543
47.937909 66.741 -112.3492
48.285287 67.169 -121.6091
48.635182 67.597 -131.2571
48.987612 68.032 -141.1870
49.342597 68.472 -151.2703
49.700154 68.915 -161.3702
50.060301 69.352 -171.3591
50.423059 69.769 178.8694
50.788445 70.151 169.3918
51.156479 70.482 160.2552
51.527180 70.747 151.4829
51.900567 70.933 143.0826
52.276660 71.032 135.0555
52.655478 71.037 127.4048
53.037042 70.946 120.1414
53.421370 70.757 113.2891
53.808483 70.472 106.8868
54.198402 70.092 100.9918
54.591146 69.624 95.6831
54.986736 69.069 91.0640
55.385192 68.437 87.2685
55.786536 67.737 84.4659
56.190788 66.987 82.8649
56.597970 66.215 82.7083
57.008102 65.472 84.2413
57.421206 64.834 87.6241
57.837304 64.408 92.7650
58.256417 64.299 99.1377
58.678567 64.561 105.7996
59.103776 65.164 111.7217
59.532067 66.014 116.2116
59.963460 66.999 119.0368
60.397980 68.032 120.2795
60.835649 69.056 120.1544
61.276489 70.034 118.8985
61.720524 70.947 116.7183
62.167776 71.783 113.7894
62.618270 72.534 110.2607
63.072027 73.200 106.2571
63.529073 73.779 101.8816
63.989431 74.272 97.2276
64.453125 74.680 92.3774
64.920179 75.005 87.3959
65.390617 75.250 82.3378
65.864465 75.415 77.2595
66.341746 75.502 72.2109
66.822485 75.513 67.2279
67.306709 75.447 62.3587
67.794441 75.305 57.6565
68.285707 75.087 53.1690
68.780534 74.794 48.9627
69.278946 74.424 45.1193
69.780970 73.977 41.7302
70.286631 73.455 38.9235
70.795957 72.864 36.8604
71.308974 72.214 35.7476
71.825708 71.534 35.8351
72.346187 70.871 37.3883
72.870437 70.307 40.5752
73.398486 69.955 45.2758
73.930362 69.917 50.8843
74.466092 70.235 56.3496
75.005704 70.855 60.6613
75.549226 71.664 63.2234
76.096687 72.547 63.9655
76.648115 73.419 63.0822
77.203539 74.227 60.8757
77.762987 74.942 57.6328
78.326490 75.549 53.5992
78.894076 76.040 48.9849
79.465775 76.412 43.9600
80.041617 76.664 38.6748
80.621631 76.797 33.2645
81.205849 76.815 27.8402
81.794300 76.721 22.5190
82.387015 76.521 17.3875
82.984025 76.221 12.5350
83.585362 75.828 8.0325
84.191056 75.351 3.9410
84.801139 74.797 0.3170
85.415643 74.175 -2.7892
86.034600 73.489 -5.3168
86.658042 72.748 -7.1882
87.286002 71.957 -8.2919
87.918512 71.130 -8.4705
88.555606 70.291 -7.5239
89.197317 69.482 -5.2480
89.843677 68.769 -1.5265
90.494721 68.240 3.5083
91.150484 67.970 9.3428
91.810997 67.987 15.1620
92.476298 68.248 20.1907
93.146419 68.665 23.9945
93.821397 69.147 26.5198
94.501265 69.627 27.9507
95.186060 70.064 28.5599
95.875818 70.440 28.6210
96.570573 70.749 28.3743
97.270363 70.997 28.0186
97.975225 71.195 27.7122
98.685194 71.359 27.5743
99.400307 71.508 27.6811
100.120603 71.661 28.0611
100.846118 71.840 28.6919
101.576890 72.062 29.5018
102.312958 72.339 30.3817
103.054360 72.675 31.2033
103.801135 73.071 31.8402
104.553320 73.519 32.1847
105.310957 74.008 32.1562
106.074084 74.526 31.7021
106.842740 75.063 30.7928
107.616967 75.605 29.4167
108.396804 76.144 27.5745
109.182291 76.670 25.2789
109.973471 77.174 22.5501
110.770384 77.647 19.4149
111.573072 78.084 15.9055
112.381577 78.477 12.0574
113.195940 78.819 7.9083
114.016204 79.107 3.4969
114.842413 79.334 -1.1351
115.674608 79.498 -5.9419
116.512834 79.594 -10.8732
117.357134 79.620 -15.8763
118.207552 79.576 -20.8918
119.064133 79.461 -25.8557
119.926921 79.277 -30.7042
120.795961 79.025 -35.3707
121.671298 78.709 -39.7890
122.552979 78.335 -43.8975
123.441048 77.910 -47.6401
124.335553 77.445 -50.9726
125.236539 76.949 -53.8683
126.144055 76.436 -56.3218
127.058147 75.916 -58.3506
127.978862 75.399 -59.9919
128.906250 74.891 -61.2937
129.840358 74.397 -62.3038
130.781235 73.917 -63.0573
131.728929 73.450 -63.5659
132.683491 72.995 -63.8152
133.644971 72.552 -63.7643
134.613417 72.128 -63.3575
135.588882 71.734 -62.5403
136.571415 71.389 -61.2858
137.561067 71.113 -59.6255
138.557891 70.931 -57.6706
139.561939 70.856 -55.6093
140.573262 70.891 -53.6710
141.591914 71.024 -52.0717
142.617948 71.234 -50.9653
143.651416 71.496 -50.4269
144.692373 71.785 -50.4634
145.740874 72.084 -51.0379
146.796972 72.378 -52.0947
147.860724 72.658 -53.5779
148.932184 72.922 -55.4410
150.011408 73.165 -57.6514
151.098452 73.386 -60.1890
152.193374 73.582 -63.0433
153.296230 73.750 -66.2094
154.407077 73.886 -69.6838
155.525975 73.986 -73.4603
156.652980 74.045 -77.5258
157.788152 74.056 -81.8598
158.931550 74.015 -86.4336
160.083234 73.919 -91.2127
161.243263 73.763 -96.1600
162.411698 73.548 -101.2373
163.588600 73.271 -106.4104
164.774030 72.936 -111.6511
165.968051 72.543 -116.9402
167.170724 72.097 -122.2670
168.382112 71.600 -127.6302
169.602278 71.058 -133.0405
170.831286 70.476 -138.5226
172.069200 69.860 -144.1196
173.316084 69.219 -149.9011
174.572004 68.562 -155.9707
175.837025 67.900 -162.4731
177.111212 67.246 -169.5931
178.394633 66.617 -177.5515
179.687354 66.036 173.4214
180.989443 65.532 163.1276
182.300967 65.145 151.4722
183.621995 64.917 138.5415
184.952596 64.883 124.6537
186.292838 65.052 110.3212
187.642793 65.400 96.1118
189.002530 65.871 82.4879
190.372120 66.405 69.7249
191.751635 66.946 57.9330
193.141147 67.454 47.1191
194.540727 67.903 37.2441
195.950449 68.281 28.2585
197.370387 68.585 20.1156
198.800614 68.818 12.7750
200.241205 68.990 6.1991
201.692236 69.112 0.3490
203.153781 69.195 -4.8214
204.625917 69.255 -9.3689
206.108721 69.307 -13.3662
207.602269 69.364 -16.9053
209.106641 69.436 -20.0930
210.621914 69.529 -23.0444
212.148167 69.646 -25.8710
213.685480 69.782 -28.6709
215.233933 69.932 -31.5223
216.793607 70.087 -34.4835
218.364583 70.238 -37.5950
219.946943 70.376 -40.8844
221.540769 70.490 -44.3688
223.146145 70.570 -48.0549
224.763154 70.604 -51.9351
226.391880 70.579 -55.9822
228.032409 70.484 -60.1473
229.684826 70.306 -64.3525
231.349217 70.035 -68.4871
233.025668 69.662 -72.3993
234.714269 69.180 -75.8890
236.415105 68.592 -78.6932
238.128266 67.912 -80.4755
239.853842 67.179 -80.8369
241.591922 66.470 -79.3964
243.342596 65.911 -76.0153
245.105957 65.651 -71.1525
246.882096 65.780 -65.9940
248.671105 66.263 -61.9287
250.473079 66.964 -59.7930
252.288110 67.739 -59.6935
254.116293 68.482 -61.3196
255.957725 69.138 -64.2533
257.812500 69.682 -68.1172
259.680716 70.105 -72.6130
261.562469 70.411 -77.5179
263.457859 70.604 -82.6729
265.366983 70.694 -87.9663
267.289941 70.685 -93.3219
269.226835 70.581 -98.6849
271.177763 70.387 -104.0088
273.142829 70.101 -109.2435
275.122135 69.723 -114.3269
277.115783 69.250 -119.1808
279.123878 68.684 -123.7106
281.146525 68.025 -127.8086
283.183828 67.277 -131.3550
285.235895 66.447 -134.2211
287.302832 65.547 -136.2657
289.384747 64.593 -137.3323
291.481748 63.612 -137.2559
293.593945 62.646 -135.8982
295.721448 61.752 -133.2238
297.864367 60.994 -129.3976
300.022815 60.422 -124.8231
302.196904 60.048 -120.0209
304.386747 59.848 -115.3997
306.592459 59.781 -111.1075
308.814155 59.820 -107.0820
311.051949 59.962 -103.2275
313.305960 60.224 -99.5903
315.576304 60.616 -96.4158
317.863100 61.122 -94.0521
320.166467 61.699 -92.7784
322.486525 62.289 -92.6957
324.823396 62.839 -93.7278
327.177200 63.304 -95.6860
329.548061 63.657 -98.3306
331.936102 63.877 -101.4061
334.341448 63.956 -104.6519
336.764224 63.891 -107.7979
339.204556 63.688 -110.5592
341.662572 63.362 -112.6344
344.138400 62.946 -113.7183
346.632169 62.490 -113.5471
349.144008 62.066 -111.9875
351.674050 61.758 -109.1549
354.222425 61.635 -105.4819
356.789266 61.725 -101.6157
359.374709 62.003 -98.1525
361.978886 62.413 -95.4229
364.601934 62.894 -93.4733
367.243990 63.407 -92.1848
369.905191 63.933 -91.4019
372.585677 64.467 -91.0083
375.285586 65.011 -90.9519
378.005060 65.567 -91.2325
380.744241 66.134 -91.8778
383.503270 66.706 -92.9174
386.282293 67.277 -94.3699
389.081454 67.835 -96.2400
391.900899 68.375 -98.5204
394.740774 68.885 -101.1975
397.601228 69.358 -104.2507
400.482411 69.784 -107.6481
403.384471 70.155 -111.3455
406.307562 70.463 -115.2814
409.251834 70.703 -119.3795
412.217441 70.871 -123.5496
415.204539 70.966 -127.6924
418.213282 70.991 -131.7070
421.243828 70.952 -135.4973
424.296334 70.860 -138.9805
427.370960 70.727 -142.0966
430.467867 70.571 -144.8197
433.587214 70.406 -147.1704
436.729166 70.246 -149.2201
439.893885 70.097 -151.0750
443.081538 69.955 -152.8446
446.292289 69.809 -154.6012
449.526307 69.640 -156.3409
452.783760 69.435 -157.9712
456.064818 69.185 -159.3223
459.369652 68.898 -160.1852
462.698433 68.601 -160.3718
466.051337 68.333 -159.7920
469.428537 68.143 -158.5271
472.830210 68.065 -156.8478
476.256532 68.111 -155.1368
479.707684 68.259 -153.7397
483.183843 68.468 -152.8375
486.685192 68.695 -152.4136
490.211914 68.908 -152.2997
493.764192 69.098 -152.2562
497.342210 69.275 -152.0530
500.946157 69.467 -151.5438
504.576220 69.711 -150.7257
508.232587 70.039 -149.7562
511.915450 70.468 -148.9111
515.625000 70.992 -148.4916
519.361431 71.583 -148.7345
523.124938 72.209 -149.7662
526.915717 72.833 -151.6072
530.733966 73.426 -154.1989
534.579883 73.964 -157.4373
538.453669 74.432 -161.1975
542.355526 74.820 -165.3502
546.285658 75.123 -169.7725
550.244269 75.340 -174.3534
554.231566 75.471 -178.9954
558.247756 75.519 176.3892
562.293050 75.487 171.8810
566.367657 75.380 167.5579
570.471790 75.204 163.4977
574.605664 74.967 159.7759
578.769494 74.681 156.4579
582.963496 74.360 153.5892
587.187890 74.021 151.1852
591.442895 73.678 149.2263
595.728734 73.347 147.6605
600.045630 73.036 146.4116
604.393808 72.751 145.3922
608.773495 72.492 144.5182
613.184919 72.254 143.7213
617.628309 72.031 142.9598
622.103899 71.814 142.2209
626.611920 71.597 141.5170
631.152608 71.375 140.8762
635.726200 71.145 140.3339
640.332934 70.909 139.9271
644.973051 70.667 139.6948
649.646791 70.424 139.6785
654.354400 70.186 139.9149
659.096122 69.964 140.4269
663.872204 69.770 141.2090
668.682895 69.616 142.2218
673.528447 69.514 143.3884
678.409112 69.469 144.6056
683.325144 69.480 145.7539
688.276800 69.542 146.7167
693.264337 69.640 147.4012
698.288016 69.756 147.7594
703.348099 69.871 147.7998
708.444849 69.970 147.5883
713.578533 70.043 147.2352
718.749417 70.088 146.8743
723.957772 70.115 146.6337
729.203868 70.143 146.5956
734.487980 70.195 146.7576
739.810383 70.295 147.0089
745.171354 70.451 147.1500
750.571172 70.657 146.9567
756.010121 70.890 146.2604
761.488482 71.119 144.9983
767.006541 71.316 143.2168
772.564587 71.460 141.0396
778.162908 71.541 138.6206
783.801797 71.559 136.1028
789.481548 71.520 133.5886
795.202457 71.437 131.1282
800.964822 71.317 128.7228
806.768943 71.167 126.3427
812.615123 70.987 123.9502
818.503667 70.775 121.5198
824.434882 70.525 119.0494
830.409077 70.233 116.5582
836.426564 69.898 114.0740
842.487656 69.518 111.6138
848.592668 69.097 109.1650
854.741921 68.636 106.6718
860.935733 68.128 104.0367
867.174428 67.559 101.1396
873.458332 66.902 97.8624
879.787771 66.118 94.1128
886.163076 65.156 89.8315
892.584579 63.946 84.9812
899.052614 62.395 79.4972
905.567520 60.362 73.1688
912.129636 57.607 65.2673
918.739303 53.726 52.7278
925.396867 49.066 11.8329
932.102674 50.413 -83.6486
938.857074 54.900 -106.1309
945.660420 58.145 -115.5483
952.513065 60.443 -121.8506
959.415367 62.140 -126.7908
966.367686 63.436 -130.8463
973.370385 64.450 -134.1523
980.423828 65.270 -136.7441
987.528383 65.965 -138.6611
994.684421 66.593 -140.0057
1001.892314 67.195 -140.9570
1009.152439 67.797 -141.7432
1016.465174 68.405 -142.5851
1023.830899 69.011 -143.6449
1031.250000 69.604 -145.0068
1038.722863 70.167 -146.6887
1046.249877 70.689 -148.6667
1053.831435 71.165 -150.8975
1061.467932 71.586 -153.3325
1069.159766 71.951 -155.9240
1076.907338 72.257 -158.6237
1084.711053 72.501 -161.3810
1092.571316 72.683 -164.1372
1100.488538 72.803 -166.8245
1108.463132 72.863 -169.3647
1116.495513 72.871 -171.6731
1124.586099 72.835 -173.6726
1132.735314 72.772 -175.3099
1140.943581 72.701 -176.5739
1149.211328 72.639 -177.5061
1157.538987 72.600 -178.1980
1165.926992 72.592 -178.7734
1174.375780 72.613 -179.3591
1182.885791 72.657 179.9440
1191.457469 72.710 179.0767
1200.091261 72.760 178.0208
1208.787617 72.795 176.7908
1217.546990 72.808 175.4205
1226.369837 72.794 173.9509
1235.256619 72.748 172.4221
1244.207797 72.672 170.8706
1253.223840 72.564 169.3280
1262.305217 72.425 167.8219
1271.452400 72.257 166.3755
1280.665869 72.062 165.0076
1289.946102 71.841 163.7303
1299.293583 71.597 162.5497
1308.708800 71.330 161.4677
1318.192243 71.040 160.4867
1327.744407 70.726 159.6146
1337.365791 70.390 158.8633
1347.056895 70.031 158.2450
1356.818224 69.650 157.7675
1366.650288 69.248 157.4296
1376.553600 68.825 157.2217
1386.528674 68.379 157.1292
1396.576033 67.904 157.1417
1406.696198 67.393 157.2640
1416.889699 66.837 157.5220
1427.157066 66.227 157.9661
1437.498834 65.550 158.6680
1447.915543 64.796 159.7247
1458.407736 63.948 161.2712
1468.975960 62.989 163.5155
1479.620765 61.895 166.8123
1490.342707 60.653 171.8088
1501.142345 59.298 179.6703
1512.020241 58.029 -167.8387
1522.976963 57.364 -149.6895
1534.013082 57.882 -129.3959
1545.129173 59.411 -113.4618
1556.325816 61.283 -103.8286
1567.603594 63.080 -98.8568
1578.963096 64.668 -96.7593
1590.404914 66.034 -96.3752
1601.929643 67.200 -97.0168
1613.537886 68.196 -98.2783
1625.230247 69.049 -99.9167
1637.007335 69.783 -101.7836
1648.869765 70.415 -103.7854
1660.818155 70.962 -105.8647
1672.853128 71.437 -107.9874
1684.975311 71.849 -110.1375
1697.185337 72.207 -112.3119
1709.483841 72.515 -114.5150
1721.871466 72.776 -116.7533
1734.348856 72.991 -119.0302
1746.916663 73.160 -121.3434
1759.575541 73.281 -123.6840
1772.326151 73.353 -126.0338
1785.169157 73.374 -128.3652
1798.105229 73.344 -130.6423
1811.135040 73.264 -132.8263
1824.259271 73.138 -134.8805
1837.478606 72.969 -136.7792
1850.793734 72.762 -138.5117
1864.205348 72.521 -140.0790
1877.714148 72.246 -141.4890
1891.320839 71.939 -142.7478
1905.026130 71.598 -143.8512
1918.830734 71.222 -144.7856
1932.735373 70.808 -145.5295
1946.740770 70.356 -146.0563
1960.847656 69.863 -146.3383
1975.056766 69.329 -146.3427
1989.368842 68.749 -146.0232
2003.784629 68.122 -145.3085
2018.304878 67.444 -144.0909
2032.930347 66.718 -142.2255
2047.661799 65.953 -139.5327
2062.500000 65.172 -135.8132
2077.445725 64.410 -130.8735
2092.499753 63.726 -124.5782
2107.662869 63.195 -116.9431
2122.935863 62.904 -108.2590
2138.319531 62.914 -99.1548
2153.814676 63.233 -90.4603
2169.422105 63.802 -82.8979
2185.142632 64.528 -76.8506
2200.977076 65.322 -72.3604
2216.926264 66.115 -69.2611
2232.991025 66.862 -67.3053
2249.172199 67.540 -66.2407
2265.470628 68.137 -65.8433
2281.887162 68.648 -65.9269
2298.422657 69.076 -66.3452
2315.077975 69.423 -66.9846
2331.853984 69.695 -67.7565
2348.751559 69.895 -68.5876
2365.771581 70.028 -69.4127
2382.914937 70.099 -70.1727
2400.182521 70.114 -70.8149
2417.575233 70.080 -71.2949
2435.093980 70.002 -71.5771
2452.739675 69.889 -71.6362
2470.513237 69.748 -71.4564
2488.415595 69.585 -71.0330
2506.447680 69.408 -70.3704
2524.610433 69.221 -69.4802
2542.904801 69.031 -68.3787
2561.331737 68.838 -67.0852
2579.892203 68.646 -65.6224
2598.587165 68.454 -64.0115
2617.417599 68.261 -62.2656
2636.384486 68.064 -60.3818
2655.488815 67.861 -58.3381
2674.731581 67.652 -56.0942
2694.113789 67.440 -53.5969
2713.636448 67.230 -50.7900
2733.300577 67.036 -47.6265
2753.107199 66.875 -44.0857
2773.057349 66.765 -40.1953
2793.152066 66.726 -36.0449
2813.392397 66.771 -31.7874
2833.779398 66.905 -27.6156
2854.314132 67.119 -23.7219
2874.997668 67.395 -20.2566
2895.831087 67.709 -17.3040
2916.815472 68.036 -14.8832
2937.951920 68.354 -12.9629
2959.241530 68.647 -11.4769
2980.685414 68.903 -10.3413
3002.284690 69.112 -9.4648
3024.040482 69.272 -8.7559
3045.953926 69.380 -8.1287
3068.026164 69.439 -7.5065
3090.258346 69.453 -6.8271
3112.651632 69.428 -6.0459
3135.207189 69.368 -5.1351
3157.926192 69.279 -4.0817
3180.809827 69.163 -2.8799
3203.859287 69.023 -1.5245
3227.075772 68.859 -0.0037
3250.460493 68.670 1.7097
3274.014670 68.457 3.6636
3297.739530 68.223 5.9259
3321.636310 67.973 8.5773
3345.706256 67.725 11.6970
3369.950622 67.499 15.3359
3394.370674 67.321 19.4816
3418.967683 67.219 24.0325
3443.742932 67.215 28.7941
3468.697713 67.314 33.5111
3493.833326 67.506 37.9298
3519.151083 67.765 41.8604
3544.652302 68.061 45.2056
3570.338314 68.364 47.9573
3596.210457 68.645 50.1708
3622.270081 68.887 51.9402
3648.518543 69.074 53.3759
3674.957212 69.198 54.5931
3701.587467 69.254 55.7063
3728.410696 69.240 56.8269
3755.428297 69.156 58.0653
3782.641678 69.007 59.5339
3810.052259 68.798 61.3477
3837.661468 68.540 63.6227
3865.470745 68.250 66.4708
3893.481540 67.948 69.9869
3921.695312 67.667 74.2283
3950.113533 67.441 79.1833
3978.737684 67.310 84.7361
4007.569257 67.306 90.6459
4036.609756 67.442 96.5698
4065.860694 67.710 102.1365
4095.323597 68.076 107.0442
4125.000000 68.497 111.1252
4154.891450 68.925 114.3545
4184.999507 69.320 116.8157
4215.325738 69.654 118.6564
4245.871726 69.906 120.0522
4276.639063 70.064 121.1866
4307.629353 70.125 122.2393
4338.844211 70.088 123.3854
4370.285264 69.960 124.7932
4401.954153 69.752 126.6260
4433.852527 69.482 129.0347
4465.982050 69.176 132.1472
4498.344397 68.868 136.0400
4530.941255 68.600 140.6992
4563.774323 68.409 145.9829
4596.845313 68.328 151.6161
4630.155949 68.362 157.2456
4663.707968 68.493 162.5396
4697.503118 68.687 167.2769
4731.543162 68.899 171.3843
4765.829875 69.091 174.9138
4800.365042 69.234 177.9985
4835.150466 69.308 -179.1904
4870.187960 69.305 -176.4692
4905.479349 69.223 -173.6583
4941.026475 69.067 -170.5870
4976.831190 68.850 -167.1001
5012.895360 68.592 -163.0637
5049.220866 68.318 -158.3835
5085.809602 68.062 -153.0281
5122.663475 67.859 -147.0623
5159.784406 67.740 -140.6655
5197.174331 67.720 -134.1160
5234.835198 67.794 -127.7223
5272.768972 67.935 -121.7288
5310.977630 68.105 -116.2476
5349.463163 68.265 -111.2472
5388.227578 68.385 -106.5851
5427.272896 68.450 -102.0563
5466.601153 68.459 -97.4418
5506.214398 68.423 -92.5496
5546.114698 68.366 -87.2504
5586.304131 68.319 -81.5099
5626.784794 68.309 -75.4029
5667.558796 68.356 -69.0989
5708.628263 68.465 -62.8153
5749.995337 68.625 -56.7498
5791.662173 68.813 -51.0281
5833.630945 69.001 -45.6831
5875.903839 69.166 -40.6627
5918.483061 69.290 -35.8541
5961.370829 69.362 -31.1105
6004.569379 69.383 -26.2769
6048.080964 69.363 -21.2129
6091.907852 69.317 -15.8172
6136.052328 69.267 -10.0530
6180.516692 69.237 -3.9636
6225.303264 69.241 2.3329
6270.414377 69.284 8.6760
6315.852385 69.360 14.9146
6361.619655 69.452 20.9503
6407.718573 69.539 26.7585
6454.151543 69.603 32.3834
6500.920986 69.630 37.9191
6548.029339 69.613 43.4884
6595.479059 69.554 49.2235
6643.272619 69.461 55.2440
6691.412511 69.352 61.6337
6739.901245 69.245 68.4159
6788.741347 69.160 75.5439
6837.935366 69.110 82.9131
6887.485864 69.098 90.3969
6937.395426 69.118 97.8912
6987.666653 69.161 105.3445
7038.302166 69.216 112.7606
7089.304605 69.279 120.1780
7140.676628 69.350 127.6379
7192.420915 69.434 135.1572
7244.540162 69.538 142.7095
7297.037086 69.665 150.2258
7349.914425 69.813 157.6152
7403.174934 69.969 164.7978
7456.821392 70.118 171.7379
7510.856593 70.242 178.4593
7565.283356 70.325 -174.9546
7620.104518 70.360 -168.3777
7675.322937 70.346 -161.6648
7730.941491 70.291 -154.6790
7786.963080 70.212 -147.3219
7843.390624 70.133 -139.5623
7900.227066 70.073 -131.4519
7957.475368 70.049 -123.1149
8015.138515 70.062 -114.7041
8073.219512 70.103 -106.3435
8131.721389 70.158 -98.0898
8190.647194 70.212 -89.9290
8250.000000 70.256 -81.7988
8309.782901 70.287 -73.6261
8369.999013 70.308 -65.3569
8430.651476 70.327 -56.9722
8491.743452 70.346 -48.4833
8553.278126 70.368 -39.9154
8615.258705 70.391 -31.2850
8677.688421 70.412 -22.5840
8740.570528 70.433 -13.7815
8803.908306 70.457 -4.8442
8867.705054 70.492 4.2378
8931.964101 70.546 13.4296
8996.688794 70.624 22.6544
9061.882510 70.724 31.8156
9127.548646 70.836 40.8342
9193.690626 70.946 49.6778
9260.311899 71.040 58.3695
9327.415936 71.107 66.9749
9395.006237 71.142 75.5789
9463.086325 71.147 84.2622
9531.659749 71.124 93.0830
9600.730085 71.081 102.0725
9670.300933 71.023 111.2404
9740.375920 70.955 120.5885
9810.958699 70.879 130.1204
9882.052950 70.799 139.8441
9953.662379 70.719 149.7657
10025.790720 70.647 159.8777
10098.441732 70.584 170.1519
10171.619204 70.535 -179.4541
10245.326950 70.499 -168.9847
10319.568812 70.471 -158.4660
10394.348662 70.447 -147.9017
10469.670397 70.424 -137.2790
10545.537944 70.404 -126.5824
10621.955259 70.386 -115.8099
10698.926326 70.370 -104.9725
10776.455156 70.356 -94.0879
10854.545793 70.341 -83.1642
10933.202306 70.321 -72.1923
11012.428797 70.295 -61.1475
11092.229396 70.262 -50.0020
11172.608262 70.227 -38.7373
11253.569587 70.191 -27.3528
11335.117592 70.157 -15.8624
11417.256526 70.125 -4.2836
11499.990673 70.095 7.3705
11583.324346 70.065 19.0961
11667.261890 70.034 30.8948
11751.807679 70.000 42.7725
11836.966122 69.964 54.7352
11922.741658 69.925 66.7910
12009.138758 69.883 78.9508
12096.161928 69.840 91.2264
12183.815704 69.798 103.6260
12272.104655 69.760 116.1467
12361.033384 69.728 128.7719
12450.606528 69.703 141.4772
12540.828755 69.683 154.2385
12631.704770 69.668 167.0403
12723.239310 69.652 179.8792
12815.437146 69.634 -167.2368
12908.303087 69.611 -154.2944
13001.841972 69.583 -141.2792
13096.058679 69.551 -128.1805
13190.958118 69.515 -114.9926
13286.545239 69.476 -101.7169
13382.825022 69.434 -88.3590
13479.802489 69.390 -74.9252
13577.482695 69.340 -61.4160
13675.870731 69.283 -47.8230
13774.971728 69.218 -34.1309
13874.790852 69.145 -20.3208
13975.333306 69.065 -6.3754
14076.604332 68.980 7.7155
14178.609210 68.891 21.9569
14281.353257 68.801 36.3517
14384.841829 68.711 50.9020
14489.080323 68.624 65.6083
14594.074172 68.542 80.4666
14699.828849 68.467 95.4653
14806.349869 68.402 110.5870
14913.642783 68.346 125.8097
15021.713187 68.299 141.1107
15130.566713 68.258 156.4759
15240.209036 68.221 171.9022
15350.645874 68.186 -172.6022
15461.882981 68.152 -157.0251
15573.926159 68.119 -141.3560
15686.781248 68.090 -125.5923
15800.454132 68.064 -109.7382
15914.950735 68.044 -93.8018
16030.277029 68.029 -77.7917
16146.439024 68.018 -61.7153
16263.442778 68.012 -45.5777
16381.294388 68.009 -29.3841
16500.000000 68.009 -13.1387
16619.565802 68.012 3.1548
16739.998026 68.016 19.4934
16861.302953 68.020 35.8764
16983.486905 68.023 52.3071
17106.556252 68.025 68.7893
17230.517410 68.025 85.3262
17355.376842 68.023 101.9221
17481.141057 68.021 118.5825
17607.816611 68.018 135.2920
17735.410109 68.013 152.0435
17863.928201 68.006 168.8796
17993.377589 68.002 -174.2056
18123.765020 68.003 -157.2432
18255.097293 68.010 -140.2542
18387.381253 68.021 -123.2588
18520.623797 68.037 -106.2749
18654.831872 68.052 -89.3147
18790.012473 68.067 -72.3818
18926.172650 68.079 -55.4733
19063.319498 68.085 -38.5823
19201.460170 68.087 -21.7021
19340.601866 68.083 -4.8285
19480.751839 68.075 12.0364
19621.917398 68.064 28.8833
19764.105900 68.049 45.6976
19907.324758 68.030 62.4586
20051.581440 68.000 79.1982
20196.883465 67.956 96.0721
20343.238408 67.902 112.8704
20490.653899 67.836 129.5823
20639.137624 67.755 146.2032
20788.697323 67.655 162.7324
20939.340794 67.528 179.1735
21091.075889 67.367 -164.4600
21243.910519 67.162 -148.1471
21397.852652 66.897 -131.8545
21552.910313 66.554 -115.5406
21709.091586 66.108 -99.1548
21866.404612 65.526 -82.6407
22024.857594 64.766 -65.9393
22184.458791 63.776 -48.9932
22345.216524 62.490 -31.7505
22507.139175 60.827 -14.1691
22670.235183 58.686 3.7831
22834.513052 55.944 22.1248
22999.981347 52.450 40.8636
23166.648693 48.028 59.9988
23334.523779 42.499 79.5199
23503.615358 35.749 99.4144
23673.932243 27.857 119.6644
23845.483315 19.544 140.2512
