* Measurement data measured by REW V5.40 beta 133
* Source: U18dB [plughw:2,0], Mic (Mic), R, Volume: 1.000. Timing signal peak level -27.0 dBFS, measurement signal peak level -16.4 dBFS
* Format: 512k Log Swept Sine, 1 sweep at -12.0 dBFS using an acoustic timing reference
* Dated: Aug 28, 2026, 2:52:25 PM
* REW Settings:
*  C-weighting compensation: Off
*  Target level: 75.0 dB
* Note: ; 28 aug 2026 Multi point measurement Position 3: +20cm to the LEFT 4.51m from front wall (re-verified) 3.54m from L and 3.7cm from R speaker 2 screen panels prolongation - new setup DAC level -28dB MIC HEIGHT: 1.060m mic boom arm height: 1.040 PICTURES: 2026.08.25_ROOM.png measurement starts from 16Hz (REW LF tail starts from 16) -12dBFS OKTO -28dB DELAY 0.5276 ms (181 mm, 7.12 in) using estimated IR delay relative to Acoustic reference played from DAC8STEREO L with no timing offset Clock adjustment: -15.0 ppm
* Measurement: R MPM.3
* Smoothing: 1/48 octave
* Frequency Step: 96 ppo
* Start Frequency: 16.113281 Hz
*
* Freq(Hz) SPL(dB) Phase(degrees)
16.113281 70.413 -173.4786
16.230045 70.548 -175.1601
16.347654 70.704 -176.8415
16.466116 70.852 -178.5159
16.585436 70.989 179.8129
16.705621 71.116 178.1308
16.826677 71.233 176.4407
16.948610 71.342 174.7393
17.071427 71.443 173.0154
17.195133 71.541 171.2765
17.319736 71.637 169.5229
17.445242 71.731 167.7474
17.571658 71.828 165.9692
17.698989 71.930 164.1918
17.827243 72.035 162.4139
17.956427 72.146 160.6584
18.086547 72.263 158.9277
18.217609 72.384 157.2218
18.349622 72.506 155.5497
18.482590 72.631 153.9106
18.616523 72.754 152.2974
18.751426 72.873 150.7012
18.887307 72.988 149.1198
19.024172 73.098 147.5425
19.162029 73.202 145.9561
19.300885 73.300 144.3602
19.440747 73.392 142.7572
19.581622 73.479 141.1328
19.723519 73.563 139.5042
19.866444 73.645 137.8882
20.010404 73.727 136.2733
20.155408 73.809 134.6961
20.301462 73.892 133.1606
20.448575 73.977 131.6686
20.596754 74.065 130.2391
20.746006 74.156 128.8679
20.896340 74.251 127.5392
21.047764 74.350 126.2593
21.200285 74.453 125.0054
21.353911 74.560 123.7509
21.508650 74.672 122.5023
21.664511 74.789 121.2172
21.821501 74.910 119.9015
21.979628 75.036 118.5386
22.138902 75.166 117.1178
22.299329 75.301 115.6464
22.460919 75.439 114.1163
22.623680 75.580 112.5346
22.787621 75.724 110.9071
22.952749 75.872 109.2343
23.119074 76.021 107.5261
23.286605 76.172 105.7818
23.455349 76.325 104.0072
23.625316 76.479 102.2021
23.796515 76.633 100.3665
23.968954 76.788 98.4971
24.142643 76.944 96.5917
24.317591 77.099 94.6404
24.493806 77.253 92.6420
24.671298 77.406 90.5818
24.850077 77.559 88.4602
25.030151 77.709 86.2633
25.211529 77.858 83.9914
25.394223 78.003 81.6357
25.578240 78.145 79.1956
25.763590 78.281 76.6682
25.950284 78.412 74.0501
26.138330 78.535 71.3412
26.327739 78.650 68.5357
26.518521 78.755 65.6314
26.710685 78.849 62.6232
26.904242 78.932 59.5066
27.099201 79.002 56.2849
27.295573 79.059 52.9503
27.493368 79.100 49.5282
27.692596 79.125 46.0040
27.893268 79.131 42.4333
28.095394 79.116 38.7936
28.298985 79.076 35.1623
28.504051 79.008 31.5122
28.710603 78.910 27.9171
28.918652 78.781 24.3585
29.128209 78.618 20.8807
29.339284 78.422 17.4892
29.551888 78.192 14.1927
29.766033 77.932 11.0195
29.981730 77.640 7.9667
30.198990 77.322 5.0681
30.417825 76.979 2.3300
30.638245 76.614 -0.2172
30.860262 76.233 -2.5588
31.083888 75.836 -4.6637
31.309135 75.431 -6.5215
31.536014 75.021 -8.1182
31.764537 74.611 -9.4324
31.994716 74.210 -10.4955
32.226563 73.822 -11.2971
32.460089 73.456 -11.8776
32.695309 73.118 -12.2871
32.932232 72.813 -12.5507
33.170873 72.544 -12.7528
33.411243 72.313 -12.9423
33.653354 72.119 -13.1653
33.897220 71.958 -13.4869
34.142854 71.822 -13.9308
34.390267 71.705 -14.5212
34.639473 71.597 -15.2704
34.890485 71.488 -16.1660
35.143316 71.372 -17.1987
35.397979 71.239 -18.3211
35.654487 71.086 -19.4902
35.912854 70.910 -20.6709
36.173093 70.712 -21.8131
36.435218 70.493 -22.8586
36.699243 70.259 -23.7701
36.965181 70.017 -24.5068
37.233046 69.776 -25.0433
37.502852 69.548 -25.3844
37.774613 69.340 -25.5483
38.048343 69.162 -25.5757
38.324057 69.018 -25.5485
38.601769 68.907 -25.5399
38.881494 68.826 -25.6163
39.163245 68.764 -25.8379
39.447038 68.713 -26.2411
39.732888 68.660 -26.8155
40.020808 68.596 -27.5304
40.310816 68.517 -28.3378
40.602924 68.420 -29.1708
40.897150 68.311 -29.9509
41.193508 68.197 -30.6219
41.492013 68.092 -31.1494
41.792681 68.012 -31.5255
42.095528 67.972 -31.7776
42.400570 67.988 -31.9780
42.707822 68.067 -32.2224
43.017300 68.210 -32.6113
43.329021 68.414 -33.2393
43.643001 68.671 -34.1868
43.959256 68.969 -35.5171
44.277803 69.298 -37.2801
44.598658 69.645 -39.5194
44.921839 70.001 -42.2694
45.247361 70.357 -45.5609
45.575242 70.705 -49.4185
45.905499 71.038 -53.8586
46.238149 71.350 -58.8850
46.573210 71.639 -64.4855
46.910698 71.900 -70.6302
47.250633 72.132 -77.2706
47.593030 72.332 -84.3413
47.937909 72.497 -91.7668
48.285287 72.624 -99.4740
48.635182 72.709 -107.4030
48.987612 72.746 -115.5140
49.342597 72.732 -123.7890
49.700154 72.664 -132.2268
50.060301 72.543 -140.8337
50.423059 72.371 -149.6097
50.788445 72.153 -158.5377
51.156479 71.894 -167.5778
51.527180 71.600 -176.6673
51.900567 71.272 174.2739
52.276660 70.913 165.3361
52.655478 70.523 156.6138
53.037042 70.101 148.2019
53.421370 69.647 140.1953
53.808483 69.160 132.6896
54.198402 68.642 125.7824
54.591146 68.095 119.5765
54.986736 67.522 114.1793
55.385192 66.931 109.7029
55.786536 66.334 106.2615
56.190788 65.752 103.9644
56.597970 65.212 102.8975
57.008102 64.753 103.0894
57.421206 64.425 104.4631
57.837304 64.278 106.7864
58.256417 64.348 109.6639
58.678567 64.645 112.6041
59.103776 65.150 115.1276
59.532067 65.816 116.8812
59.963460 66.592 117.6780
60.397980 67.427 117.4724
60.835649 68.281 116.3130
61.276489 69.123 114.2981
61.720524 69.932 111.5379
62.167776 70.691 108.1478
62.618270 71.390 104.2416
63.072027 72.023 99.9247
63.529073 72.585 95.2900
63.989431 73.076 90.4235
64.453125 73.493 85.4006
64.920179 73.838 80.2793
65.390617 74.110 75.1055
65.864465 74.311 69.9253
66.341746 74.442 64.7776
66.822485 74.502 59.6891
67.306709 74.491 54.6989
67.794441 74.409 49.8538
68.285707 74.255 45.1996
68.780534 74.030 40.8052
69.278946 73.731 36.7606
69.780970 73.359 33.1682
70.286631 72.916 30.1718
70.795957 72.411 27.9492
71.308974 71.859 26.7170
71.825708 71.293 26.7221
72.346187 70.772 28.1918
72.870437 70.382 31.2008
73.398486 70.230 35.4873
73.930362 70.396 40.3355
74.466092 70.891 44.7286
75.005704 71.644 47.8285
75.549226 72.547 49.2106
76.096687 73.498 48.8887
76.648115 74.427 47.0643
77.203539 75.290 44.0155
77.762987 76.063 39.9965
78.326490 76.732 35.2263
78.894076 77.292 29.8922
79.465775 77.740 24.1479
80.041617 78.078 18.1300
80.621631 78.308 11.9625
81.205849 78.434 5.7456
81.794300 78.462 -0.4142
82.387015 78.400 -6.4437
82.984025 78.257 -12.2697
83.585362 78.041 -17.8428
84.191056 77.765 -23.1335
84.801139 77.438 -28.1280
85.415643 77.069 -32.8362
86.034600 76.666 -37.2803
86.658042 76.233 -41.4927
87.286002 75.771 -45.5071
87.918512 75.278 -49.3485
88.555606 74.752 -53.0274
89.197317 74.185 -56.5375
89.843677 73.573 -59.8551
90.494721 72.911 -62.9454
91.150484 72.194 -65.7672
91.810997 71.421 -68.2811
92.476298 70.592 -70.4526
93.146419 69.706 -72.2542
93.821397 68.758 -73.6644
94.501265 67.745 -74.6624
95.186060 66.653 -75.2145
95.875818 65.462 -75.2530
96.570573 64.139 -74.6343
97.270363 62.634 -73.0601
97.975225 60.879 -69.8932
98.685194 58.803 -63.6923
99.400307 56.459 -51.0419
100.120603 54.635 -25.5853
100.846118 55.198 8.9684
101.576890 57.797 31.9122
102.312958 60.621 42.4224
103.054360 63.106 46.6791
103.801135 65.238 47.7744
104.553320 67.086 47.0473
105.310957 68.708 45.1312
106.074084 70.147 42.3617
106.842740 71.432 38.9384
107.616967 72.583 34.9936
108.396804 73.614 30.6242
109.182291 74.537 25.9077
109.973471 75.360 20.9074
110.770384 76.090 15.6776
111.573072 76.733 10.2655
112.381577 77.293 4.7128
113.195940 77.774 -0.9435
114.016204 78.177 -6.6708
114.842413 78.504 -12.4365
115.674608 78.757 -18.2078
116.512834 78.935 -23.9495
117.357134 79.042 -29.6267
118.207552 79.079 -35.1989
119.064133 79.050 -40.6226
119.926921 78.959 -45.8547
120.795961 78.813 -50.8519
121.671298 78.618 -55.5739
122.552979 78.383 -59.9895
123.441048 78.119 -64.0791
124.335553 77.834 -67.8406
125.236539 77.541 -71.2939
126.144055 77.247 -74.4804
127.058147 76.958 -77.4591
127.978862 76.676 -80.2980
128.906250 76.399 -83.0617
129.840358 76.121 -85.8004
130.781235 75.833 -88.5396
131.728929 75.525 -91.2736
132.683491 75.185 -93.9615
133.644971 74.804 -96.5283
134.613417 74.379 -98.8643
135.588882 73.910 -100.8337
136.571415 73.407 -102.2857
137.561067 72.889 -103.0773
138.557891 72.387 -103.1123
139.561939 71.940 -102.3856
140.573262 71.590 -101.0238
141.591914 71.368 -99.2867
142.617948 71.286 -97.5089
143.651416 71.332 -96.0073
144.692373 71.481 -95.0043
145.740874 71.701 -94.6050
146.796972 71.961 -94.8204
147.860724 72.240 -95.6094
148.932184 72.523 -96.9126
150.011408 72.799 -98.6733
151.098452 73.063 -100.8458
152.193374 73.309 -103.3972
153.296230 73.533 -106.3050
154.407077 73.730 -109.5549
155.525975 73.895 -113.1360
156.652980 74.025 -117.0362
157.788152 74.113 -121.2391
158.931550 74.153 -125.7217
160.083234 74.141 -130.4529
161.243263 74.073 -135.3945
162.411698 73.944 -140.5018
163.588600 73.753 -145.7246
164.774030 73.498 -151.0117
165.968051 73.180 -156.3126
167.170724 72.803 -161.5813
168.382112 72.369 -166.7795
169.602278 71.887 -171.8843
170.831286 71.365 -176.8933
172.069200 70.811 178.1689
173.316084 70.235 173.2452
174.572004 69.648 168.2422
175.837025 69.055 163.0312
177.111212 68.461 157.4543
178.394633 67.866 151.3262
179.687354 67.272 144.4441
180.989443 66.680 136.5922
182.300967 66.097 127.5531
183.621995 65.540 117.1234
184.952596 65.043 105.1533
186.292838 64.658 91.6206
187.642793 64.448 76.7318
189.002530 64.465 60.9832
190.372120 64.722 45.0806
191.751635 65.183 29.7180
193.141147 65.780 15.3665
194.540727 66.437 2.2203
195.950449 67.093 -9.7255
197.370387 67.707 -20.5706
198.800614 68.255 -30.4381
200.241205 68.727 -39.4382
201.692236 69.119 -47.6571
203.153781 69.437 -55.1572
204.625917 69.691 -61.9846
206.108721 69.894 -68.1808
207.602269 70.062 -73.7976
209.106641 70.213 -78.9066
210.621914 70.361 -83.6052
212.148167 70.515 -88.0111
213.685480 70.679 -92.2500
215.233933 70.851 -96.4360
216.793607 71.024 -100.6581
218.364583 71.186 -104.9709
219.946943 71.328 -109.3961
221.540769 71.440 -113.9281
223.146145 71.514 -118.5424
224.763154 71.545 -123.2040
226.391880 71.530 -127.8711
228.032409 71.466 -132.5022
229.684826 71.354 -137.0548
231.349217 71.195 -141.4871
233.025668 70.991 -145.7567
234.714269 70.745 -149.8224
236.415105 70.460 -153.6418
238.128266 70.141 -157.1715
239.853842 69.795 -160.3684
241.591922 69.431 -163.1936
243.342596 69.062 -165.6221
245.105957 68.701 -167.6586
246.882096 68.366 -169.3562
248.671105 68.067 -170.8262
250.473079 67.809 -172.2219
252.288110 67.582 -173.6985
254.116293 67.365 -175.3567
255.957725 67.133 -177.1996
257.812500 66.859 -179.1165
259.680716 66.526 179.1056
261.562469 66.135 177.7526
263.457859 65.708 177.1306
265.366983 65.293 177.4869
267.289941 64.957 178.8899
269.226835 64.778 -178.8864
271.177763 64.804 -176.3684
273.142829 65.038 -174.2087
275.122135 65.434 -172.9241
277.115783 65.925 -172.7600
279.123878 66.446 -173.7247
281.146525 66.951 -175.6930
283.183828 67.409 -178.4916
285.235895 67.800 178.0543
287.302832 68.115 174.1041
289.384747 68.347 169.8002
291.481748 68.497 165.2675
293.593945 68.564 160.6158
295.721448 68.552 155.9435
297.864367 68.466 151.3392
300.022815 68.313 146.8833
302.196904 68.099 142.6499
304.386747 67.835 138.7068
306.592459 67.534 135.1128
308.814155 67.213 131.9070
311.051949 66.890 129.0929
313.305960 66.589 126.6167
315.576304 66.326 124.3500
317.863100 66.112 122.0974
320.166467 65.942 119.6328
322.486525 65.795 116.7557
324.823396 65.638 113.3389
327.177200 65.433 109.3503
329.548061 65.140 104.8456
331.936102 64.723 99.9504
334.341448 64.147 94.8459
336.764224 63.379 89.7700
339.204556 62.383 85.0376
341.662572 61.125 81.0947
344.138400 59.567 78.6335
346.632169 57.690 78.8252
349.144008 55.557 83.7217
351.674050 53.521 96.2769
354.222425 52.458 116.6500
356.789266 52.960 136.4734
359.374709 54.355 149.2494
361.978886 55.886 156.4392
364.601934 57.314 160.6624
367.243990 58.644 163.3309
369.905191 59.925 164.9368
372.585677 61.187 165.5209
375.285586 62.429 165.0040
378.005060 63.631 163.3628
380.744241 64.767 160.6733
383.503270 65.816 157.0845
386.282293 66.766 152.7749
389.081454 67.610 147.9243
391.900899 68.350 142.6946
394.740774 68.988 137.2224
397.601228 69.533 131.6171
400.482411 69.992 125.9612
403.384471 70.376 120.3103
406.307562 70.693 114.7004
409.251834 70.949 109.1536
412.217441 71.149 103.6902
415.204539 71.297 98.3347
418.213282 71.396 93.1154
421.243828 71.454 88.0591
424.296334 71.476 83.1832
427.370960 71.468 78.4926
430.467867 71.436 73.9790
433.587214 71.385 69.6266
436.729166 71.319 65.4152
439.893885 71.239 61.3259
443.081538 71.148 57.3390
446.292289 71.047 53.4271
449.526307 70.935 49.5548
452.783760 70.809 45.6794
456.064818 70.664 41.7612
459.369652 70.488 37.7766
462.698433 70.267 33.7308
466.051337 69.989 29.6665
469.428537 69.637 25.6681
472.830210 69.197 21.8636
476.256532 68.657 18.4312
479.707684 68.010 15.6116
483.183843 67.255 13.7352
486.685192 66.411 13.2532
490.211914 65.533 14.7363
493.764192 64.746 18.7343
497.342210 64.253 25.2948
500.946157 64.263 33.2845
504.576220 64.820 40.5757
508.232587 65.757 45.4995
511.915450 66.850 47.6833
515.625000 67.938 47.5698
519.361431 68.943 45.7760
523.124938 69.836 42.8229
526.915717 70.613 39.0924
530.733966 71.278 34.8561
534.579883 71.845 30.3046
538.453669 72.324 25.5693
542.355526 72.728 20.7347
546.285658 73.070 15.8469
550.244269 73.358 10.9232
554.231566 73.598 5.9625
558.247756 73.793 0.9565
562.293050 73.944 -4.1017
566.367657 74.050 -9.2134
570.471790 74.107 -14.3690
574.605664 74.111 -19.5466
578.769494 74.060 -24.7101
582.963496 73.950 -29.8091
587.187890 73.781 -34.7841
591.442895 73.552 -39.5710
595.728734 73.269 -44.1101
600.045630 72.934 -48.3513
604.393808 72.552 -52.2568
608.773495 72.128 -55.7950
613.184919 71.662 -58.9281
617.628309 71.154 -61.5897
622.103899 70.604 -63.6616
626.611920 70.021 -64.9562
631.152608 69.428 -65.2241
635.726200 68.876 -64.2152
640.332934 68.449 -61.8206
644.973051 68.250 -58.2867
649.646791 68.357 -54.3389
654.354400 68.773 -50.9834
659.096122 69.423 -49.0502
663.872204 70.190 -48.9020
668.682895 70.972 -50.4873
673.528447 71.697 -53.5419
678.409112 72.318 -57.7358
683.325144 72.810 -62.7490
688.276800 73.162 -68.2897
693.264337 73.369 -74.0947
698.288016 73.436 -79.9185
703.348099 73.370 -85.5258
708.444849 73.190 -90.6896
713.578533 72.921 -95.2039
718.749417 72.600 -98.9141
723.957772 72.277 -101.7677
729.203868 71.999 -103.8689
734.487980 71.807 -105.4912
739.810383 71.713 -107.0096
745.171354 71.704 -108.7695
750.571172 71.743 -110.9741
756.010121 71.792 -113.6527
761.488482 71.821 -116.7013
767.006541 71.813 -119.9482
772.564587 71.768 -123.2147
778.162908 71.699 -126.3605
783.801797 71.626 -129.3184
789.481548 71.573 -132.1171
795.202457 71.563 -134.8853
800.964822 71.602 -137.8313
806.768943 71.685 -141.1932
812.615123 71.789 -145.1780
818.503667 71.880 -149.9121
824.434882 71.919 -155.4216
830.409077 71.869 -161.6409
836.426564 71.700 -168.4344
842.487656 71.388 -175.6223
848.592668 70.915 176.9996
854.741921 70.275 169.6440
860.935733 69.462 162.5173
867.174428 68.479 155.8074
873.458332 67.333 149.6653
879.787771 66.026 144.1912
886.163076 64.557 139.4290
892.584579 62.907 135.3806
899.052614 61.031 132.0532
905.567520 58.833 129.5571
912.129636 56.135 128.3535
918.739303 52.606 130.1898
925.396867 47.946 144.7734
932.102674 46.120 -132.5507
938.857074 50.523 -98.2860
945.660420 54.386 -94.2222
952.513065 57.165 -95.5562
959.415367 59.236 -98.8125
966.367686 60.819 -102.9709
973.370385 62.032 -107.5211
980.423828 62.950 -112.0898
987.528383 63.634 -116.3469
994.684421 64.140 -119.9927
1001.892314 64.533 -122.7897
1009.152439 64.890 -124.6364
1016.465174 65.288 -125.6580
1023.830899 65.785 -126.2416
1031.250000 66.401 -126.9354
1038.722863 67.108 -128.2332
1046.249877 67.856 -130.4025
1053.831435 68.591 -133.4618
1061.467932 69.273 -137.2660
1069.159766 69.879 -141.6063
1076.907338 70.404 -146.2802
1084.711053 70.851 -151.1239
1092.571316 71.227 -156.0222
1100.488538 71.545 -160.9060
1108.463132 71.814 -165.7395
1116.495513 72.042 -170.5094
1124.586099 72.236 -175.2159
1132.735314 72.399 -179.8662
1140.943581 72.536 175.5325
1149.211328 72.647 170.9788
1157.538987 72.732 166.4810
1165.926992 72.794 162.0564
1174.375780 72.834 157.7257
1182.885791 72.859 153.5048
1191.457469 72.875 149.3939
1200.091261 72.889 145.3696
1208.787617 72.905 141.3851
1217.546990 72.925 137.3805
1226.369837 72.945 133.2985
1235.256619 72.960 129.0995
1244.207797 72.960 124.7722
1253.223840 72.941 120.3317
1262.305217 72.894 115.8134
1271.452400 72.817 111.2615
1280.665869 72.711 106.7203
1289.946102 72.576 102.2269
1299.293583 72.417 97.8059
1308.708800 72.236 93.4678
1318.192243 72.036 89.2126
1327.744407 71.820 85.0356
1337.365791 71.588 80.9333
1347.056895 71.340 76.9087
1356.818224 71.079 72.9685
1366.650288 70.807 69.1158
1376.553600 70.527 65.3367
1386.528674 70.242 61.5916
1396.576033 69.951 57.8173
1406.696198 69.646 53.9417
1416.889699 69.315 49.9089
1427.157066 68.938 45.7053
1437.498834 68.492 41.3748
1447.915543 67.953 37.0281
1458.407736 67.302 32.8486
1468.975960 66.523 29.0969
1479.620765 65.610 26.1174
1490.342707 64.573 24.3440
1501.142345 63.452 24.2859
1512.020241 62.326 26.4482
1522.976963 61.332 31.1042
1534.013082 60.646 37.9209
1545.129173 60.406 45.7688
1556.325816 60.622 53.1840
1567.603594 61.193 59.1289
1578.963096 61.983 63.2322
1590.404914 62.880 65.5344
1601.929643 63.809 66.2251
1613.537886 64.722 65.5262
1625.230247 65.587 63.6622
1637.007335 66.381 60.8522
1648.869765 67.093 57.3071
1660.818155 67.718 53.2245
1672.853128 68.257 48.7832
1684.975311 68.718 44.1335
1697.185337 69.114 39.3882
1709.483841 69.457 34.6125
1721.871466 69.763 29.8235
1734.348856 70.041 24.9937
1746.916663 70.296 20.0703
1759.575541 70.528 14.9998
1772.326151 70.730 9.7542
1785.169157 70.892 4.3440
1798.105229 71.009 -1.1832
1811.135040 71.078 -6.7600
1824.259271 71.100 -12.3169
1837.478606 71.078 -17.8003
1850.793734 71.020 -23.1781
1864.205348 70.930 -28.4375
1877.714148 70.813 -33.5764
1891.320839 70.672 -38.5913
1905.026130 70.510 -43.4730
1918.830734 70.330 -48.2078
1932.735373 70.137 -52.7850
1946.740770 69.935 -57.2029
1960.847656 69.731 -61.4764
1975.056766 69.528 -65.6404
1989.368842 69.329 -69.7439
2003.784629 69.130 -73.8401
2018.304878 68.924 -77.9673
2032.930347 68.701 -82.1318
2047.661799 68.451 -86.2983
2062.500000 68.166 -90.3901
2077.445725 67.844 -94.3052
2092.499753 67.488 -97.9360
2107.662869 67.108 -101.1870
2122.935863 66.717 -103.9851
2138.319531 66.332 -106.2786
2153.814676 65.974 -108.0408
2169.422105 65.667 -109.2830
2185.142632 65.437 -110.0801
2200.977076 65.306 -110.5884
2216.926264 65.285 -111.0317
2232.991025 65.371 -111.6450
2249.172199 65.545 -112.6128
2265.470628 65.785 -114.0337
2281.887162 66.068 -115.9285
2298.422657 66.376 -118.2668
2315.077975 66.699 -121.0012
2331.853984 67.030 -124.0898
2348.751559 67.367 -127.5093
2365.771581 67.708 -131.2561
2382.914937 68.051 -135.3420
2400.182521 68.389 -139.7849
2417.575233 68.717 -144.5981
2435.093980 69.025 -149.7822
2452.739675 69.305 -155.3228
2470.513237 69.546 -161.1892
2488.415595 69.743 -167.3379
2506.447680 69.887 -173.7148
2524.610433 69.976 179.7417
2542.904801 70.004 173.0991
2561.331737 69.970 166.4304
2579.892203 69.876 159.8088
2598.587165 69.722 153.3076
2617.417599 69.515 146.9949
2636.384486 69.259 140.9353
2655.488815 68.962 135.1899
2674.731581 68.634 129.8167
2694.113789 68.286 124.8640
2713.636448 67.934 120.3613
2733.300577 67.595 116.3098
2753.107199 67.284 112.6782
2773.057349 67.015 109.4092
2793.152066 66.802 106.4282
2813.392397 66.653 103.6470
2833.779398 66.575 100.9644
2854.314132 66.572 98.2625
2874.997668 66.640 95.4124
2895.831087 66.773 92.2876
2916.815472 66.955 88.7844
2937.951920 67.167 84.8408
2959.241530 67.390 80.4468
2980.685414 67.606 75.6387
3002.284690 67.804 70.4849
3024.040482 67.974 65.0691
3045.953926 68.113 59.4722
3068.026164 68.224 53.7637
3090.258346 68.309 47.9937
3112.651632 68.373 42.1936
3135.207189 68.420 36.3779
3157.926192 68.454 30.5491
3180.809827 68.477 24.7017
3203.859287 68.490 18.8279
3227.075772 68.493 12.9229
3250.460493 68.485 6.9868
3274.014670 68.466 1.0278
3297.739530 68.432 -4.9363
3321.636310 68.384 -10.8823
3345.706256 68.325 -16.7844
3369.950622 68.257 -22.6211
3394.370674 68.184 -28.3833
3418.967683 68.110 -34.0745
3443.742932 68.037 -39.7036
3468.697713 67.966 -45.2798
3493.833326 67.899 -50.8071
3519.151083 67.836 -56.2815
3544.652302 67.781 -61.6963
3570.338314 67.736 -67.0476
3596.210457 67.706 -72.3391
3622.270081 67.697 -77.5879
3648.518543 67.713 -82.8276
3674.957212 67.758 -88.1094
3701.587467 67.832 -93.4976
3728.410696 67.933 -99.0596
3755.428297 68.052 -104.8530
3782.641678 68.182 -110.9155
3810.052259 68.309 -117.2585
3837.661468 68.422 -123.8701
3865.470745 68.513 -130.7163
3893.481540 68.572 -137.7429
3921.695312 68.593 -144.8804
3950.113533 68.574 -152.0459
3978.737684 68.515 -159.1509
4007.569257 68.422 -166.1067
4036.609756 68.304 -172.8359
4065.860694 68.173 -179.2820
4095.323597 68.048 174.5808
4125.000000 67.945 168.7390
4154.891450 67.881 163.1367
4184.999507 67.871 157.6738
4215.325738 67.923 152.2158
4245.871726 68.037 146.6069
4276.639063 68.205 140.6963
4307.629353 68.408 134.3652
4338.844211 68.626 127.5481
4370.285264 68.835 120.2432
4401.954153 69.013 112.5073
4433.852527 69.146 104.4417
4465.982050 69.225 96.1724
4498.344397 69.247 87.8291
4530.941255 69.218 79.5259
4563.774323 69.144 71.3496
4596.845313 69.038 63.3569
4630.155949 68.911 55.5762
4663.707968 68.772 48.0159
4697.503118 68.633 40.6714
4731.543162 68.503 33.5269
4765.829875 68.392 26.5522
4800.365042 68.308 19.6934
4835.150466 68.257 12.8682
4870.187960 68.241 5.9741
4905.479349 68.252 -1.0938
4941.026475 68.276 -8.4116
4976.831190 68.298 -16.0032
5012.895360 68.299 -23.8301
5049.220866 68.268 -31.8027
5085.809602 68.198 -39.8008
5122.663475 68.093 -47.7007
5159.784406 67.963 -55.4004
5197.174331 67.823 -62.8413
5234.835198 67.692 -70.0166
5272.768972 67.583 -76.9692
5310.977630 67.509 -83.7773
5349.463163 67.477 -90.5364
5388.227578 67.485 -97.3418
5427.272896 67.529 -104.2759
5466.601153 67.601 -111.3997
5506.214398 67.690 -118.7461
5546.114698 67.786 -126.3164
5586.304131 67.879 -134.0835
5626.784794 67.964 -141.9956
5667.558796 68.038 -149.9868
5708.628263 68.106 -157.9978
5749.995337 68.175 -165.9922
5791.662173 68.257 -173.9741
5833.630945 68.359 178.0059
5875.903839 68.484 169.8645
5918.483061 68.630 161.5112
5961.370829 68.787 152.8757
6004.569379 68.941 143.9268
6048.080964 69.078 134.6772
6091.907852 69.186 125.1794
6136.052328 69.257 115.5088
6180.516692 69.289 105.7524
6225.303264 69.281 96.0000
6270.414377 69.239 86.3301
6315.852385 69.174 76.8052
6361.619655 69.096 67.4602
6407.718573 69.018 58.2935
6454.151543 68.953 49.2651
6500.920986 68.907 40.3042
6548.029339 68.883 31.3262
6595.479059 68.876 22.2595
6643.272619 68.878 13.0645
6691.412511 68.879 3.7437
6739.901245 68.872 -5.6646
6788.741347 68.855 -15.0986
6837.935366 68.831 -24.4961
6887.485864 68.807 -33.8145
6937.395426 68.795 -43.0459
6987.666653 68.804 -52.2292
7038.302166 68.841 -61.4419
7089.304605 68.907 -70.7778
7140.676628 68.993 -80.3167
7192.420915 69.088 -90.0955
7244.540162 69.180 -100.0996
7297.037086 69.261 -110.2737
7349.914425 69.330 -120.5435
7403.174934 69.389 -130.8457
7456.821392 69.448 -141.1504
7510.856593 69.515 -151.4739
7565.283356 69.597 -161.8721
7620.104518 69.696 -172.4243
7675.322937 69.804 176.7964
7730.941491 69.912 165.7458
7786.963080 70.005 154.4248
7843.390624 70.073 142.8792
7900.227066 70.107 131.1897
7957.475368 70.108 119.4526
8015.138515 70.077 107.7598
8073.219512 70.026 96.1772
8131.721389 69.968 84.7339
8190.647194 69.913 73.4124
8250.000000 69.871 62.1631
8309.782901 69.846 50.9214
8369.999013 69.839 39.6299
8430.651476 69.845 28.2544
8491.743452 69.860 16.7881
8553.278126 69.882 5.2407
8615.258705 69.914 -6.3794
8677.688421 69.957 -18.0791
8740.570528 70.015 -29.8882
8803.908306 70.085 -41.8511
8867.705054 70.164 -54.0117
8931.964101 70.246 -66.3926
8996.688794 70.321 -78.9863
9061.882510 70.385 -91.7578
9127.548646 70.435 -104.6577
9193.690626 70.474 -117.6436
9260.311899 70.507 -130.6985
9327.415936 70.537 -143.8369
9395.006237 70.568 -157.0969
9463.086325 70.595 -170.5173
9531.659749 70.612 175.8831
9600.730085 70.613 162.1194
9670.300933 70.592 148.2397
9740.375920 70.547 134.3083
9810.958699 70.483 120.3872
9882.052950 70.406 106.5146
9953.662379 70.327 92.6968
10025.790720 70.252 78.9087
10098.441732 70.185 65.1099
10171.619204 70.128 51.2581
10245.326950 70.079 37.3235
10319.568812 70.037 23.2891
10394.348662 69.999 9.1470
10469.670397 69.963 -5.1045
10545.537944 69.927 -19.4673
10621.955259 69.891 -33.9365
10698.926326 69.852 -48.4998
10776.455156 69.811 -63.1379
10854.545793 69.771 -77.8333
10933.202306 69.736 -92.5820
11012.428797 69.711 -107.4045
11092.229396 69.697 -122.3442
11172.608262 69.695 -137.4514
11253.569587 69.697 -152.7661
11335.117592 69.697 -168.2974
11417.256526 69.688 175.9797
11499.990673 69.664 160.1135
11583.324346 69.627 144.1558
11667.261890 69.582 128.1445
11751.807679 69.533 112.0903
11836.966122 69.487 95.9812
11922.741658 69.446 79.7898
12009.138758 69.410 63.4854
12096.161928 69.380 47.0442
12183.815704 69.351 30.4487
12272.104655 69.322 13.6919
12361.033384 69.288 -3.2227
12450.606528 69.247 -20.2754
12540.828755 69.198 -37.4365
12631.704770 69.144 -54.6729
12723.239310 69.089 -71.9668
12815.437146 69.040 -89.3262
12908.303087 69.000 -106.7856
13001.841972 68.972 -124.3926
13096.058679 68.951 -142.1885
13190.958118 68.933 -160.1958
13286.545239 68.913 -178.4150
13382.825022 68.888 163.1670
13479.802489 68.854 144.5684
13577.482695 68.811 125.8076
13675.870731 68.757 106.9028
13774.971728 68.695 87.8672
13874.790852 68.623 68.7124
13975.333306 68.544 49.4443
14076.604332 68.459 30.0674
14178.609210 68.367 10.5854
14281.353257 68.269 -8.9902
14384.841829 68.168 -28.6465
14489.080323 68.065 -48.3701
14594.074172 67.965 -68.1582
14699.828849 67.872 -88.0210
14806.349869 67.789 -107.9775
14913.642783 67.719 -128.0527
15021.713187 67.662 -148.2734
15130.566713 67.617 -168.6636
15240.209036 67.584 170.7539
15350.645874 67.560 149.9609
15461.882981 67.543 128.9453
15573.926159 67.530 107.7041
15686.781248 67.518 86.2417
15800.454132 67.507 64.5693
15914.950735 67.495 42.6992
16030.277029 67.486 20.6377
16146.439024 67.480 -1.6191
16263.442778 67.478 -24.0859
16381.294388 67.482 -46.7842
16500.000000 67.489 -69.7324
16619.565802 67.498 -92.9375
16739.998026 67.505 -116.3955
16861.302953 67.509 -140.0967
16983.486905 67.511 -164.0283
17106.556252 67.512 171.8105
17230.517410 67.512 147.4111
17355.376842 67.513 122.7598
17481.141057 67.512 97.8467
17607.816611 67.509 72.6514
17735.410109 67.498 47.1729
17863.928201 67.479 21.4707
17993.377589 67.455 -4.4404
18123.765020 67.431 -30.5742
18255.097293 67.410 -56.9414
18387.381253 67.393 -83.5605
18520.623797 67.382 -110.4609
18654.831872 67.375 -137.6680
18790.012473 67.371 -165.2012
18926.172650 67.367 166.9268
19063.319498 67.361 138.7139
19201.460170 67.351 110.1626
19340.601866 67.337 81.2725
19480.751839 67.319 52.0415
19621.917398 67.297 22.4600
19764.105900 67.272 -7.4873
19907.324758 67.242 -37.8184
20051.581440 67.203 -68.5020
20196.883465 67.151 -99.3833
20343.238408 67.091 -130.6807
20490.653899 67.023 -162.4116
20639.137624 66.944 165.4023
20788.697323 66.848 132.7490
20939.340794 66.728 99.6240
21091.075889 66.575 66.0332
21243.910519 66.377 31.9966
21397.852652 66.119 -2.4541
21552.910313 65.781 -37.2764
21709.091586 65.340 -72.4204
21866.404612 64.761 -107.8311
22024.857594 64.004 -143.4521
22184.458791 63.015 -179.2290
22345.216524 61.731 144.8872
22507.139175 60.068 108.9380
22670.235183 57.926 72.9541
22834.513052 55.182 36.9541
22999.981347 51.686 0.9468
23166.648693 47.262 -35.0684
23334.523779 41.730 -71.0996
23503.615358 34.978 -107.1616
23673.932243 27.084 -143.2729
23845.483315 18.770 -179.4531
