* Measurement data measured by REW V5.40 beta 133
* Source: U18dB [plughw:2,0], Mic (Mic), R, Volume: 1.000. Timing signal peak level -26.8 dBFS, measurement signal peak level -16.3 dBFS
* Format: 512k Log Swept Sine, 1 sweep at -12.0 dBFS using an acoustic timing reference
* Dated: Aug 28, 2026, 2:32:58 PM
* REW Settings:
*  C-weighting compensation: Off
*  Target level: 75.0 dB
* Note: ; 28 aug 2026 Multi point measurement Position 3: Main Listener  4.51m from front wall 3.63m from L and R speakers 2 screen panels prolongation - new setup DAC level -28dB MIC HEIGHT: 1.060m mic boom arm height: 1.040 PICTURES: 2026.08.25_ROOM.png measurement starts from 16Hz (REW LF tail starts from 16) -12dBFS OKTO -28dB DELAY 0.0001 ms (0.02 mm, 0 in) using estimated IR delay relative to Acoustic reference played from DAC8STEREO L with no timing offset Clock adjustment: -15.1 ppm
* Measurement: R MPM.0
* Smoothing: 1/48 octave
* Frequency Step: 96 ppo
* Start Frequency: 16.113281 Hz
*
* Freq(Hz) SPL(dB) Phase(degrees)
16.113281 71.097 -173.7755
16.230045 71.236 -177.1911
16.347654 71.399 178.9624
16.466116 71.532 175.4204
16.585436 71.519 172.2839
16.705621 71.386 169.1949
16.826677 71.202 166.6993
16.948610 70.986 165.3490
17.071427 70.759 164.8575
17.195133 70.644 164.6678
17.319736 70.737 164.7021
17.445242 70.984 165.0568
17.571658 71.279 164.9255
17.698989 71.577 163.9183
17.827243 71.869 162.4517
17.956427 72.092 160.8209
18.086547 72.211 158.9160
18.217609 72.275 156.8607
18.349622 72.353 155.0657
18.482590 72.456 153.5358
18.616523 72.582 152.1314
18.751426 72.738 150.8129
18.887307 72.921 149.6175
19.024172 73.096 148.4376
19.162029 73.235 147.2260
19.300885 73.353 145.9964
19.440747 73.478 144.6343
19.581622 73.619 143.1699
19.723519 73.767 141.5317
19.866444 73.916 139.5507
20.010404 74.059 137.2535
20.155408 74.149 134.9218
20.301462 74.164 132.4194
20.448575 74.114 129.9651
20.596754 74.007 128.0599
20.746006 73.853 126.5622
20.896340 73.724 125.4783
21.047764 73.649 125.0480
21.200285 73.647 124.8390
21.353911 73.745 124.3805
21.508650 73.927 123.8153
21.664511 74.137 122.7987
21.821501 74.362 121.3152
21.979628 74.589 119.6379
22.138902 74.806 117.8218
22.299329 75.030 115.9404
22.460919 75.277 114.1180
22.623680 75.530 112.3289
22.787621 75.743 110.6175
22.952749 75.904 108.9366
23.119074 75.987 107.3698
23.286605 75.983 105.9147
23.455349 75.958 104.4547
23.625316 75.953 102.9813
23.796515 75.977 101.4040
23.968954 76.045 99.6296
24.142643 76.144 97.7472
24.317591 76.261 95.8530
24.493806 76.417 93.9456
24.671298 76.651 92.0026
24.850077 76.931 90.0465
25.030151 77.194 87.9489
25.211529 77.405 85.7641
25.394223 77.496 83.7164
25.578240 77.512 81.7044
25.763590 77.570 79.7529
25.950284 77.709 77.7569
26.138330 77.983 75.1945
26.327739 78.331 72.2835
26.518521 78.623 69.0337
26.710685 78.839 65.7129
26.904242 78.960 62.9148
27.099201 79.057 60.3253
27.295573 79.217 58.0150
27.493368 79.432 55.2797
27.692596 79.684 51.6033
27.893268 79.867 47.0624
28.095394 79.922 41.3280
28.298985 79.827 35.3934
28.504051 79.591 29.1131
28.710603 79.273 23.4788
28.918652 78.895 18.3279
29.128209 78.482 14.0603
29.339284 78.033 10.3768
29.551888 77.551 7.2761
29.766033 77.088 4.3087
29.981730 76.658 1.4291
30.198990 76.237 -1.5388
30.417825 75.760 -4.3809
30.638245 75.153 -6.8071
30.860262 74.493 -8.7042
31.083888 73.841 -9.9530
31.309135 73.266 -11.0559
31.536014 72.685 -11.9340
31.764537 72.004 -12.6289
31.994716 71.355 -12.5806
32.226563 70.877 -11.7465
32.460089 70.737 -10.4935
32.695309 70.705 -9.3704
32.932232 70.626 -8.5546
33.170873 70.427 -7.6161
33.411243 70.211 -6.4517
33.653354 70.062 -5.0162
33.897220 70.002 -4.0000
34.142854 70.035 -3.6356
34.390267 70.152 -4.0831
34.639473 70.313 -5.1245
34.890485 70.471 -6.7544
35.143316 70.589 -8.9913
35.397979 70.633 -12.0474
35.654487 70.561 -15.7547
35.912854 70.354 -19.9006
36.173093 70.015 -23.8875
36.435218 69.571 -26.9723
36.699243 69.058 -29.0039
36.965181 68.502 -29.8610
37.233046 67.884 -29.8265
37.502852 67.158 -28.7372
37.774613 66.452 -26.4421
38.048343 66.030 -22.9835
38.324057 66.027 -18.8867
38.601769 66.242 -14.4781
38.881494 66.621 -10.5008
39.163245 67.199 -7.8159
39.447038 67.735 -7.7924
39.732888 67.953 -10.5344
40.020808 67.985 -15.7440
40.310816 67.939 -22.9482
40.602924 67.874 -31.2698
40.897150 67.595 -39.2999
41.193508 67.042 -45.6734
41.492013 66.236 -49.1100
41.792681 65.301 -48.1207
42.095528 64.580 -42.3656
42.400570 64.662 -36.1578
42.707822 65.155 -33.4897
43.017300 65.560 -33.9363
43.329021 65.775 -35.7982
43.643001 65.933 -37.9934
43.959256 66.057 -40.7756
44.277803 66.113 -45.0526
44.598658 66.024 -50.4596
44.921839 65.697 -54.9695
45.247361 65.404 -55.7996
45.575242 65.675 -51.4918
45.905499 66.741 -45.1033
46.238149 68.287 -42.0695
46.573210 69.845 -44.4991
46.910698 71.140 -51.8177
47.250633 72.201 -62.7450
47.593030 73.084 -75.4691
47.937909 73.709 -88.0979
48.285287 74.080 -99.7416
48.635182 74.365 -110.7100
48.987612 74.677 -121.7103
49.342597 75.060 -132.9033
49.700154 75.516 -143.8256
50.060301 75.900 -154.2039
50.423059 76.069 -164.4886
50.788445 76.126 -175.5992
51.156479 76.239 171.9271
51.527180 76.350 158.6750
51.900567 76.325 145.7290
52.276660 76.127 133.3935
52.655478 75.739 121.1511
53.037042 75.138 108.7361
53.421370 74.341 96.8553
53.808483 73.358 86.5780
54.198402 72.167 78.3206
54.591146 70.763 71.8828
54.986736 69.230 67.1083
55.385192 67.743 64.0568
55.786536 66.354 62.8471
56.190788 64.932 63.8051
56.597970 63.460 67.1708
57.008102 62.019 72.4260
57.421206 60.640 79.4169
57.837304 59.557 89.5449
58.256417 59.334 101.8934
58.678567 60.116 111.1917
59.103776 61.323 116.4580
59.532067 62.466 121.4402
59.963460 63.577 128.3350
60.397980 64.890 135.9045
60.835649 66.543 141.7424
61.276489 68.526 144.4225
61.720524 70.655 143.2200
62.167776 72.646 138.1340
62.618270 74.306 130.0626
63.072027 75.544 120.5409
63.529073 76.306 111.1425
63.989431 76.715 102.7637
64.453125 76.964 95.2930
64.920179 77.167 88.3578
65.390617 77.425 81.8126
65.864465 77.714 75.2715
66.341746 77.944 68.0781
66.822485 78.042 60.0242
67.306709 77.949 51.7627
67.794441 77.659 44.2459
68.285707 77.224 37.8212
68.780534 76.743 32.1251
69.278946 76.243 26.5150
69.780970 75.636 20.6741
70.286631 74.803 14.8159
70.795957 73.732 9.5800
71.308974 72.495 5.6135
71.825708 71.154 3.0657
72.346187 69.654 1.9398
72.870437 67.909 2.8918
73.398486 65.900 8.1218
73.930362 64.139 26.1407
74.466092 64.444 71.3751
75.005704 67.068 98.9826
75.549226 70.056 103.0208
76.096687 72.640 99.9322
76.648115 74.783 94.7221
77.203539 76.608 88.5331
77.762987 78.223 81.4053
78.326490 79.697 73.1771
78.894076 81.024 63.3563
79.465775 82.103 51.4967
80.041617 82.808 37.6115
80.621631 83.048 22.6373
81.205849 82.774 7.8402
81.794300 82.012 -5.2330
82.387015 80.898 -15.6713
82.984025 79.640 -23.2640
83.585362 78.359 -28.5672
84.191056 77.111 -32.0580
84.801139 75.940 -33.9908
85.415643 74.936 -34.3329
86.034600 74.233 -33.5717
86.658042 73.850 -33.2326
87.286002 73.659 -34.6780
87.918512 73.510 -38.8027
88.555606 73.177 -45.8107
89.197317 72.366 -54.7806
89.843677 70.863 -63.8413
90.494721 68.634 -70.0240
91.150484 65.788 -67.3795
91.810997 63.222 -40.7240
92.476298 62.860 -6.3870
93.146419 64.124 2.7925
93.821397 65.279 -0.4418
94.501265 65.968 -6.4197
95.186060 66.276 -5.3890
95.875818 66.572 2.2615
96.570573 66.950 6.2044
97.270363 67.178 5.1237
97.975225 67.078 2.8707
98.685194 66.733 1.3526
99.400307 66.336 2.1600
100.120603 65.872 4.9231
100.846118 65.341 9.3162
101.576890 65.190 18.3520
102.312958 65.830 31.0859
103.054360 67.029 39.7906
103.801135 68.219 42.4191
104.553320 69.137 42.6529
105.310957 69.957 43.9207
106.074084 70.998 46.8251
106.842740 72.297 48.6083
107.616967 73.640 47.6169
108.396804 74.872 44.8765
109.182291 76.012 41.7629
109.973471 77.114 38.1320
110.770384 78.128 32.9162
111.573072 78.954 26.2038
112.381577 79.548 19.2742
113.195940 80.026 13.4650
114.016204 80.588 8.8630
114.842413 81.298 3.4883
115.674608 81.996 -4.1902
116.512834 82.450 -13.6202
117.357134 82.554 -23.7516
118.207552 82.343 -33.3633
119.064133 81.942 -41.3333
119.926921 81.498 -47.7280
120.795961 81.086 -53.9546
121.671298 80.629 -61.1815
122.552979 79.957 -69.0033
123.441048 78.955 -75.7242
124.335553 77.686 -79.2280
125.236539 76.424 -78.1259
126.144055 75.542 -73.8181
127.058147 75.176 -70.0623
127.978862 75.141 -68.6441
128.906250 75.202 -69.4883
129.840358 75.204 -71.7935
130.781235 75.101 -74.7170
131.728929 74.919 -77.2838
132.683491 74.757 -79.1971
133.644971 74.683 -82.0820
134.613417 74.557 -87.5582
135.588882 74.074 -95.5814
136.571415 72.963 -104.1685
137.561067 71.120 -108.8248
138.557891 68.940 -100.2834
139.561939 67.768 -75.0320
140.573262 68.418 -58.3300
141.591914 69.721 -54.5396
142.617948 70.838 -55.8330
143.651416 71.610 -58.8487
144.692373 72.025 -63.0664
145.740874 72.130 -67.0252
146.796972 72.116 -68.2092
147.860724 72.257 -67.4269
148.932184 72.591 -68.0240
150.011408 72.921 -70.5784
151.098452 73.157 -73.1036
152.193374 73.372 -74.7606
153.296230 73.679 -76.0412
154.407077 74.117 -77.6849
155.525975 74.670 -79.9793
156.652980 75.297 -83.0815
157.788152 75.926 -87.8574
158.931550 76.437 -95.1071
160.083234 76.708 -104.0892
161.243263 76.696 -113.2638
162.411698 76.463 -121.7557
163.588600 76.098 -129.6157
164.774030 75.652 -137.1045
165.968051 75.143 -144.3931
167.170724 74.549 -151.8149
168.382112 73.828 -159.3860
169.602278 72.939 -166.4316
170.831286 71.866 -172.3857
172.069200 70.695 -176.5366
173.316084 69.639 -178.9172
174.572004 68.821 178.6294
175.837025 68.118 175.3433
177.111212 67.452 173.3198
178.394633 67.103 174.9763
179.687354 67.471 177.1006
180.989443 68.427 174.1930
182.300967 69.560 165.9529
183.621995 70.656 153.7600
184.952596 71.618 138.7842
186.292838 72.399 122.1875
187.642793 73.066 105.5977
189.002530 73.735 89.1613
190.372120 74.344 71.9617
191.751635 74.707 54.0233
193.141147 74.759 36.2078
194.540727 74.515 19.3080
195.950449 73.956 4.1732
197.370387 73.190 -6.4814
198.800614 72.632 -11.5219
200.241205 72.630 -15.8716
201.692236 72.936 -23.7062
203.153781 73.029 -35.1835
204.625917 72.576 -48.3938
206.108721 71.463 -59.3008
207.602269 69.903 -61.8613
209.106641 68.755 -51.5059
210.621914 68.898 -40.5123
212.148167 69.793 -39.5959
213.685480 70.611 -43.4929
215.233933 71.147 -48.3054
216.793607 71.507 -52.6328
218.364583 71.823 -56.5198
219.946943 72.116 -60.4485
221.540769 72.363 -64.6328
223.146145 72.584 -68.5585
224.763154 72.923 -71.3672
226.391880 73.481 -74.6718
228.032409 74.096 -80.8330
229.684826 74.499 -89.8381
231.349217 74.538 -99.9492
233.025668 74.213 -110.0381
234.714269 73.569 -118.9965
236.415105 72.747 -125.0532
238.128266 71.982 -129.0389
239.853842 71.361 -134.5465
241.591922 70.684 -143.4254
243.342596 69.586 -155.8435
245.105957 67.735 -170.6023
246.882096 65.250 179.0890
248.671105 64.101 -64.8358
250.473079 66.240 -46.4850
252.288110 69.134 -56.2104
254.116293 71.315 -71.2178
255.957725 72.587 -88.7567
257.812500 72.996 -106.4611
259.680716 72.688 -121.9343
261.562469 71.824 -134.4667
263.457859 70.441 -144.6102
265.366983 68.774 -146.5927
267.289941 68.160 -121.9861
269.226835 69.484 -103.6541
271.177763 71.072 -112.0745
273.142829 71.870 -127.0973
275.122135 71.829 -141.2544
277.115783 71.110 -152.6858
279.123878 69.932 -159.4525
281.146525 68.633 -161.6884
283.183828 67.686 -158.9446
285.235895 67.850 -146.4501
287.302832 69.015 -142.6241
289.384747 69.896 -154.0958
291.481748 69.803 -169.6582
293.593945 68.780 179.1488
295.721448 67.322 176.1929
297.864367 66.060 176.4180
300.022815 65.119 173.5590
302.196904 64.556 179.1639
304.386747 65.187 -159.1901
306.592459 66.484 -163.6677
308.814155 67.130 175.9827
311.051949 66.621 150.3622
313.305960 64.878 122.7920
315.576304 62.593 71.3785
317.863100 62.069 -90.5255
320.166467 63.817 -105.7399
322.486525 65.768 -119.6682
324.823396 66.974 -136.0741
327.177200 67.271 -152.2252
329.548061 67.032 -161.9154
331.936102 67.142 -162.1932
334.341448 67.892 -167.0636
336.764224 68.507 177.8411
339.204556 68.500 158.7183
341.662572 67.872 137.1764
344.138400 66.640 109.6932
346.632169 64.711 70.9072
349.144008 62.458 3.5665
351.674050 61.237 -63.5459
354.222425 62.102 -88.8848
356.789266 64.192 -98.8057
359.374709 66.116 -113.1958
361.978886 67.241 -132.4651
364.601934 67.418 -153.2446
367.243990 66.553 -173.3286
369.905191 64.631 174.9316
372.585677 62.469 -168.0132
375.285586 62.548 -135.2734
378.005060 65.349 -90.9370
380.744241 68.368 -92.7847
383.503270 70.427 -110.5161
386.282293 71.488 -128.9766
389.081454 72.057 -141.9604
391.900899 72.780 -149.0986
394.740774 73.479 -161.9202
397.601228 73.317 177.3748
400.482411 72.038 160.3145
403.384471 70.773 173.7852
406.307562 71.417 -150.6689
409.251834 72.836 -160.4170
412.217441 73.448 -179.1035
415.204539 73.120 165.2471
418.213282 72.136 154.4390
421.243828 70.946 152.3438
424.296334 70.564 161.6792
427.370960 71.440 167.1216
430.467867 72.446 157.9409
433.587214 72.561 140.5918
436.729166 71.507 125.5566
439.893885 69.950 137.6184
443.081538 69.628 163.2896
446.292289 70.771 163.5723
449.526307 72.444 160.5806
452.783760 74.091 152.5298
456.064818 75.139 135.6035
459.369652 75.281 114.3525
462.698433 74.518 91.6545
466.051337 72.844 67.5867
469.428537 70.208 55.7747
472.830210 67.094 123.8123
476.256532 65.093 142.3604
479.707684 65.821 160.3608
483.183843 67.779 162.2808
486.685192 69.116 150.5073
490.211914 69.515 138.3115
493.764192 69.372 130.1902
497.342210 68.863 121.2163
500.946157 68.391 132.8057
504.576220 69.057 156.2703
508.232587 70.102 148.8230
511.915450 70.388 135.4829
515.625000 70.058 129.5435
519.361431 70.051 134.7935
523.124938 70.579 130.6641
526.915717 70.983 114.8315
530.733966 71.895 144.9158
534.579883 74.007 -159.4985
538.453669 76.257 -176.3291
542.355526 78.162 167.9282
546.285658 79.826 154.3367
550.244269 81.179 139.0957
554.231566 81.955 120.2561
558.247756 81.938 99.9990
562.293050 81.114 81.7893
566.367657 79.702 71.0488
570.471790 78.463 72.5806
574.605664 77.861 67.1804
578.769494 76.999 53.7197
582.963496 75.328 46.4636
587.187890 73.583 54.4561
591.442895 73.434 74.0034
595.728734 74.876 79.7368
600.045630 76.233 68.4778
604.393808 76.723 49.7302
608.773495 76.134 26.8423
613.184919 74.546 9.7341
617.628309 73.159 73.9065
622.103899 73.172 79.9883
626.611920 73.307 61.8701
631.152608 73.065 55.8865
635.726200 73.347 60.8601
640.332934 73.606 49.1633
644.973051 72.745 33.0605
649.646791 71.069 27.8420
654.354400 70.676 49.7791
659.096122 73.004 82.9319
663.872204 75.604 73.5371
668.682895 76.979 47.0811
673.528447 76.858 16.1929
678.409112 75.411 -13.0068
683.325144 73.524 -44.6025
688.276800 72.344 -112.5352
693.264337 71.814 161.6462
698.288016 71.685 123.6973
703.348099 72.343 107.7903
708.444849 74.276 106.2063
713.578533 77.116 112.3174
718.749417 79.574 99.0547
723.957772 80.851 74.6458
729.203868 80.838 50.6404
734.487980 79.992 34.3350
739.810383 78.961 22.4458
745.171354 77.920 11.9482
750.571172 76.936 4.0747
756.010121 75.968 -5.8110
761.488482 74.714 -17.6890
767.006541 72.949 -25.1858
772.564587 71.184 -24.6035
778.162908 69.870 -38.7178
783.801797 69.265 62.4492
789.481548 70.629 84.4629
795.202457 72.874 68.9829
800.964822 74.567 51.8308
806.768943 75.421 34.5518
812.615123 75.910 22.8564
818.503667 76.665 14.1431
824.434882 77.276 -4.0793
830.409077 77.008 -30.3892
836.426564 75.865 -57.3149
842.487656 74.689 11.0535
848.592668 74.486 22.4954
854.741921 74.291 -3.3806
860.935733 73.350 -20.7041
867.174428 72.594 -22.5469
873.458332 73.034 -23.1682
879.787771 73.821 -37.9846
886.163076 74.676 -49.9456
892.584579 76.362 -39.9575
899.052614 78.092 -59.5652
905.567520 78.743 -97.7959
912.129636 78.240 -137.4846
918.739303 76.961 -175.2712
925.396867 75.091 151.2834
932.102674 72.941 126.5159
938.857074 71.329 113.4688
945.660420 71.313 105.8921
952.513065 72.539 92.8335
959.415367 73.313 65.7627
966.367686 72.590 34.3491
973.370385 70.448 21.4961
980.423828 68.136 57.8127
987.528383 66.884 57.4146
994.684421 66.780 50.8142
1001.892314 68.044 70.8406
1009.152439 69.772 73.8772
1016.465174 70.599 61.0811
1023.830899 71.149 72.1895
1031.250000 71.596 52.1055
1038.722863 72.165 16.6584
1046.249877 74.019 177.1235
1053.831435 76.137 136.9585
1061.467932 77.571 105.8054
1069.159766 78.449 82.4731
1076.907338 78.822 60.8733
1084.711053 78.365 41.4084
1092.571316 77.397 29.3489
1100.488538 76.238 18.8237
1108.463132 75.023 15.3442
1116.495513 74.355 13.7700
1124.586099 73.919 2.5972
1132.735314 73.097 -7.5146
1140.943581 72.413 29.9036
1149.211328 72.725 39.5940
1157.538987 73.110 25.0876
1165.926992 73.028 18.7515
1174.375780 73.749 44.9211
1182.885791 75.424 44.6936
1191.457469 76.360 27.0867
1200.091261 76.149 13.1248
1208.787617 75.994 13.0864
1217.546990 76.667 9.8450
1226.369837 76.919 -6.8752
1235.256619 75.995 -20.1104
1244.207797 74.634 -17.3289
1253.223840 73.410 -21.0654
1262.305217 72.029 -22.0549
1271.452400 71.187 -10.8525
1280.665869 71.754 -0.4524
1289.946102 73.566 10.6619
1299.293583 75.393 3.9497
1308.708800 76.059 -14.1941
1318.192243 75.647 -25.4983
1327.744407 75.109 -30.5728
1337.365791 74.406 -42.1582
1347.056895 73.161 -51.3533
1356.818224 71.829 -48.9158
1366.650288 71.396 -37.4832
1376.553600 71.526 -39.4375
1386.528674 71.628 -46.6465
1396.576033 71.725 -56.3130
1406.696198 71.663 -64.0022
1416.889699 71.746 -33.0745
1427.157066 72.201 -36.8081
1437.498834 72.088 -54.7566
1447.915543 71.644 -69.1304
1458.407736 71.356 -87.5669
1468.975960 70.724 -114.9160
1479.620765 68.814 -143.3279
1490.342707 65.929 166.5894
1501.142345 63.767 43.9146
1512.020241 64.438 32.8582
1522.976963 67.131 33.2314
1534.013082 69.922 15.2463
1545.129173 71.871 -18.1560
1556.325816 72.427 -67.1936
1567.603594 71.952 -146.2837
1578.963096 71.512 119.8616
1590.404914 71.827 77.7449
1601.929643 72.050 48.6511
1613.537886 71.462 25.6433
1625.230247 70.729 21.1064
1637.007335 71.193 36.5686
1648.869765 72.697 32.4111
1660.818155 73.540 12.0105
1672.853128 72.925 -7.0452
1684.975311 71.833 5.3616
1697.185337 72.148 18.0898
1709.483841 73.213 8.9973
1721.871466 73.564 -7.5278
1734.348856 73.275 -3.2590
1746.916663 74.109 22.7351
1759.575541 75.661 14.5854
1772.326151 76.242 -4.3130
1785.169157 75.885 -16.6416
1798.105229 75.354 -25.8984
1811.135040 74.636 -35.1265
1824.259271 73.700 -39.3513
1837.478606 72.965 -38.0972
1850.793734 73.027 -30.1699
1864.205348 73.465 -33.7976
1877.714148 73.685 -36.6484
1891.320839 73.589 -43.2410
1905.026130 73.189 -45.4907
1918.830734 73.325 -44.7151
1932.735373 73.805 -51.3096
1946.740770 74.095 -61.4453
1960.847656 73.801 -73.9094
1975.056766 72.769 -81.1479
1989.368842 71.359 -87.9141
2003.784629 70.626 -80.7544
2018.304878 71.936 -40.5806
2032.930347 73.367 -54.4407
2047.661799 73.183 -83.2571
2062.500000 71.553 -106.3521
2077.445725 69.724 -124.8750
2092.499753 68.543 -33.6206
2107.662869 68.312 -31.6487
2122.935863 68.682 -29.7268
2138.319531 69.435 -29.1082
2153.814676 69.820 -50.3948
2169.422105 68.859 -72.2905
2185.142632 67.106 -72.7542
2200.977076 67.178 -4.3474
2216.926264 69.087 -6.1555
2232.991025 70.145 -28.7148
2249.172199 70.004 -42.4871
2265.470628 70.311 -24.1318
2281.887162 71.110 -28.1511
2298.422657 70.975 -42.2588
2315.077975 70.210 -53.4109
2331.853984 69.641 -54.9888
2348.751559 70.684 -17.2383
2365.771581 72.715 -15.8496
2382.914937 73.695 -37.0261
2400.182521 73.117 -53.8728
2417.575233 71.978 -55.3125
2435.093980 71.182 -55.2639
2452.739675 70.941 -54.2405
2470.513237 71.304 -56.2256
2488.415595 71.612 -64.7683
2506.447680 71.309 -74.9797
2524.610433 70.640 -72.4102
2542.904801 70.442 -69.5669
2561.331737 70.129 -78.1470
2579.892203 69.615 -73.4424
2598.587165 70.271 -59.5476
2617.417599 71.406 -66.7358
2636.384486 71.725 -82.8892
2655.488815 71.573 -75.9663
2674.731581 71.679 -64.8870
2694.113789 71.716 -78.4434
2713.636448 71.260 -90.0342
2733.300577 70.744 -77.0352
2753.107199 70.585 -80.8071
2773.057349 70.104 -89.0608
2793.152066 70.103 -84.6252
2813.392397 70.085 -97.3569
2833.779398 69.204 -103.6785
2854.314132 68.666 -67.9792
2874.997668 68.775 -73.0559
2895.831087 68.559 -84.9268
2916.815472 68.498 -62.6567
2937.951920 69.631 -44.5125
2959.241530 70.449 -61.7454
2980.685414 70.067 -74.3728
3002.284690 69.498 -70.0532
3024.040482 69.577 -63.7783
3045.953926 70.304 -62.4590
3068.026164 71.229 -68.2627
3090.258346 71.800 -73.7930
3112.651632 72.428 -73.4631
3135.207189 72.903 -84.7603
3157.926192 72.508 -99.0059
3180.809827 71.785 -97.9495
3203.859287 71.948 -94.3208
3227.075772 72.148 -105.3728
3250.460493 71.602 -111.8020
3274.014670 70.585 -113.3521
3297.739530 69.642 -115.1399
3321.636310 69.181 -110.6008
3345.706256 69.245 -105.1294
3369.950622 69.664 -100.6079
3394.370674 70.432 -97.4807
3418.967683 70.496 -103.4541
3443.742932 70.451 -98.8662
3468.697713 70.495 -110.8215
3493.833326 69.838 -123.3110
3519.151083 69.662 -95.2036
3544.652302 70.556 -86.3486
3570.338314 70.874 -104.0300
3596.210457 70.533 -112.7844
3622.270081 70.716 -85.0339
3648.518543 71.861 -84.7520
3674.957212 72.406 -102.2097
3701.587467 72.370 -100.0356
3728.410696 72.569 -99.5671
3755.428297 72.413 -113.7202
3782.641678 71.853 -122.3240
3810.052259 71.578 -119.5303
3837.661468 71.436 -123.0828
3865.470745 71.292 -120.1401
3893.481540 71.578 -120.7031
3921.695312 71.419 -132.3362
3950.113533 70.686 -138.9863
3978.737684 70.148 -130.6819
4007.569257 69.991 -132.1777
4036.609756 69.722 -138.9404
4065.860694 69.486 -142.5344
4095.323597 69.214 -157.0764
4125.000000 68.686 -155.9084
4154.891450 69.037 -69.0181
4184.999507 70.393 -81.2600
4215.325738 71.576 -92.0591
4245.871726 72.519 -90.8472
4276.639063 73.700 -95.4536
4307.629353 74.381 -111.2058
4338.844211 74.480 -122.1658
4370.285264 74.580 -132.1279
4401.954153 74.318 -146.5479
4433.852527 73.314 -158.7766
4465.982050 71.703 -157.3394
4498.344397 70.758 -145.4685
4530.941255 71.038 -145.3994
4563.774323 71.403 -150.8796
4596.845313 71.453 -150.7207
4630.155949 71.575 -149.3098
4663.707968 71.327 -165.6975
4697.503118 70.164 -176.0925
4731.543162 69.357 -145.4785
4765.829875 69.824 -110.2749
4800.365042 71.566 -100.1030
4835.150466 72.978 -116.4722
4870.187960 73.437 -133.5247
4905.479349 73.398 -144.1885
4941.026475 73.329 -153.4673
4976.831190 73.076 -160.3940
5012.895360 72.798 -160.8064
5049.220866 72.228 -168.6421
5085.809602 71.430 -175.2305
5122.663475 70.436 178.5559
5159.784406 69.542 -179.7729
5197.174331 68.546 179.2810
5234.835198 67.812 -151.7048
5272.768972 68.471 -131.9800
5310.977630 69.656 -121.5259
5349.463163 70.843 -118.0947
5388.227578 71.948 -128.5144
5427.272896 72.796 -139.5288
5466.601153 73.101 -141.4553
5506.214398 73.165 -144.0986
5546.114698 73.215 -152.2837
5586.304131 73.046 -164.6121
5626.784794 72.274 -178.2510
5667.558796 71.059 172.8184
5708.628263 70.333 170.7695
5749.995337 69.995 -156.7927
5791.662173 69.809 -133.5786
5833.630945 70.553 -125.6738
5875.903839 71.965 -127.3025
5918.483061 72.904 -135.0137
5961.370829 73.201 -144.2383
6004.569379 73.333 -152.5862
6048.080964 73.602 -162.0645
6091.907852 73.616 -174.1125
6136.052328 73.363 -174.1326
6180.516692 73.128 -175.9456
6225.303264 72.666 177.6265
6270.414377 72.104 177.0645
6315.852385 70.981 -164.8271
6361.619655 70.579 -135.0496
6407.718573 71.980 -130.7693
6454.151543 73.883 -134.8254
6500.920986 75.248 -147.7881
6548.029339 75.197 -166.2092
6595.479059 73.759 -172.2278
6643.272619 72.459 -168.4106
6691.412511 72.426 -164.9556
6739.901245 72.854 -173.0330
6788.741347 72.872 175.0142
6837.935366 72.659 164.4397
6887.485864 72.512 161.9209
6937.395426 72.483 -134.4648
6987.666653 72.826 -136.3267
7038.302166 73.330 -152.2605
7089.304605 73.166 -168.2961
7140.676628 72.383 -175.3772
7192.420915 71.807 -171.6558
7244.540162 71.930 -159.1003
7297.037086 72.364 -163.0979
7349.914425 72.388 -172.0586
7403.174934 72.244 -167.2815
7456.821392 72.590 -162.7646
7510.856593 73.029 -146.5623
7565.283356 73.785 -139.9724
7620.104518 74.668 -148.0076
7675.322937 74.882 -158.0283
7730.941491 74.942 -163.6760
7786.963080 74.929 -173.8296
7843.390624 74.592 177.1799
7900.227066 74.123 171.4055
7957.475368 73.749 165.8196
8015.138515 72.686 160.9658
8073.219512 71.483 -174.6995
8131.721389 72.223 -147.2639
8190.647194 74.178 -136.7031
8250.000000 75.173 -150.8967
8309.782901 75.155 -165.6101
8369.999013 74.523 -177.5603
8430.651476 73.635 173.4229
8491.743452 72.731 172.9814
8553.278126 72.065 -174.3374
8615.258705 71.706 -166.0701
8677.688421 71.878 -159.7637
8740.570528 72.693 -152.3840
8803.908306 73.737 -155.1980
8867.705054 74.498 -166.2007
8931.964101 74.413 177.8186
8996.688794 73.199 165.2361
9061.882510 71.474 163.2605
9127.548646 70.696 -168.2153
9193.690626 71.399 -150.9397
9260.311899 72.672 -148.9204
9327.415936 74.190 -149.3655
9395.006237 75.298 -157.8662
9463.086325 75.802 -171.4741
9531.659749 75.733 173.3777
9600.730085 74.906 160.3750
9670.300933 73.522 160.9761
9740.375920 72.757 -176.6333
9810.958699 72.936 -161.0933
9882.052950 73.424 -161.7603
9953.662379 73.730 -170.2659
10025.790720 73.790 -178.8066
10098.441732 73.691 172.7776
10171.619204 73.117 163.8611
10245.326950 72.207 166.1636
10319.568812 72.000 -164.3127
10394.348662 72.820 -153.7009
10469.670397 73.729 -162.2175
10545.537944 73.971 -174.2590
10621.955259 73.398 174.9944
10698.926326 72.145 171.5564
10776.455156 70.921 175.8020
10854.545793 70.741 -175.8513
10933.202306 72.088 -157.6160
11012.428797 73.865 -154.9563
11092.229396 74.637 -172.4724
11172.608262 74.136 171.9087
11253.569587 72.911 169.3442
11335.117592 71.861 175.3184
11417.256526 71.132 176.1377
11499.990673 70.839 -170.1692
11583.324346 71.567 -160.0146
11667.261890 72.389 -168.3713
11751.807679 72.385 179.3459
11836.966122 71.820 175.5928
11922.741658 71.262 178.7917
12009.138758 70.864 -174.1460
12096.161928 71.039 -165.3252
12183.815704 71.677 -164.7930
12272.104655 72.166 -172.1472
12361.033384 72.071 177.3169
12450.606528 71.317 174.5771
12540.828755 70.584 -177.2454
12631.704770 70.417 -171.5806
12723.239310 70.609 -169.3132
12815.437146 70.823 -171.3750
12908.303087 70.826 -176.8955
13001.841972 70.685 179.7546
13096.058679 70.791 -175.8801
13190.958118 71.099 -169.8367
13286.545239 71.290 -169.4070
13382.825022 71.255 -173.5601
13479.802489 70.975 -177.8630
13577.482695 70.581 -179.1650
13675.870731 70.448 -172.9316
13774.971728 70.793 -168.5645
13874.790852 71.239 -172.5891
13975.333306 71.101 -179.5828
14076.604332 70.540 179.1895
14178.609210 70.046 -177.5793
14281.353257 70.020 -172.8757
14384.841829 70.502 -172.1145
14489.080323 70.616 179.5295
14594.074172 69.810 173.9224
14699.828849 68.781 -178.4675
14806.349869 68.570 -169.6423
14913.642783 69.153 -166.0957
15021.713187 69.676 -171.6658
15130.566713 69.476 -179.0105
15240.209036 69.233 -169.8552
15350.645874 69.621 -165.1064
15461.882981 69.968 -169.5647
15573.926159 70.059 -175.7092
15686.781248 69.666 176.6465
15800.454132 69.007 178.9253
15914.950735 68.683 -171.7266
16030.277029 68.726 -168.9714
16146.439024 68.970 -169.6719
16263.442778 68.997 -173.8984
16381.294388 68.815 -173.3621
16500.000000 68.953 -169.6035
16619.565802 69.271 -171.9878
16739.998026 69.190 -178.9543
16861.302953 68.664 179.0596
16983.486905 68.598 -171.8911
17106.556252 69.429 -168.1248
17230.517410 69.924 -178.3901
17355.376842 69.336 171.2949
17481.141057 68.437 174.2729
17607.816611 68.520 -173.8499
17735.410109 69.110 -177.8040
17863.928201 69.042 172.7529
17993.377589 68.587 174.0393
18123.765020 68.815 -177.2349
18255.097293 69.358 177.6377
18387.381253 69.146 167.1145
18520.623797 68.330 164.3032
18654.831872 68.143 174.1870
18790.012473 68.815 175.5691
18926.172650 69.196 167.4167
19063.319498 68.969 160.3950
19201.460170 68.513 157.6611
19340.601866 68.323 157.9197
19480.751839 68.323 156.4944
19621.917398 68.348 154.2964
19764.105900 68.368 152.7183
19907.324758 68.640 151.6323
20051.581440 68.821 144.6882
20196.883465 68.584 136.9412
20343.238408 68.092 134.3865
20490.653899 68.001 136.6982
20639.137624 68.209 132.4436
20788.697323 68.191 126.2029
20939.340794 68.212 125.2703
21091.075889 68.613 121.7466
21243.910519 68.787 111.6807
21397.852652 68.487 103.2717
21552.910313 68.190 98.9294
21709.091586 68.090 92.2117
21866.404612 67.898 84.1499
22024.857594 67.798 78.8481
22184.458791 67.949 70.4749
22345.216524 67.891 57.8086
22507.139175 67.433 45.3162
22670.235183 66.816 34.8125
22834.513052 66.226 22.2646
22999.981347 65.371 5.4282
23166.648693 63.915 -14.2559
23334.523779 61.712 -34.6406
23503.615358 58.905 -54.4883
23673.932243 55.825 -72.7305
23845.483315 53.009 -84.7061
24018.277517 51.438 -90.8340
