* Measurement data measured by REW V5.40 beta 133
* Source: U18dB [plughw:2,0], Mic (Mic), R, Volume: 1.000. Timing signal peak level -26.9 dBFS, measurement signal peak level -16.8 dBFS
* Format: 512k Log Swept Sine, 1 sweep at -12.0 dBFS using an acoustic timing reference
* Dated: Aug 28, 2026, 2:35:06 PM
* REW Settings:
*  C-weighting compensation: Off
*  Target level: 75.0 dB
* Note: ; 28 aug 2026 Multi point measurement Position 3: Main Listener  4.51m from front wall 3.63m from L and R speakers 2 screen panels prolongation - new setup DAC level -28dB MIC HEIGHT: 1.060m mic boom arm height: 1.040 PICTURES: 2026.08.25_ROOM.png measurement starts from 16Hz (REW LF tail starts from 16) -12dBFS OKTO -28dB DELAY 0.0279 ms (9.6 mm, 0.38 in) using estimated IR delay relative to Acoustic reference played from DAC8STEREO L with no timing offset Clock adjustment: -15.2 ppm
* Measurement: R MPM.0.a
* Smoothing: 1/48 octave
* Frequency Step: 96 ppo
* Start Frequency: 16.113281 Hz
*
* Freq(Hz) SPL(dB) Phase(degrees)
16.113281 70.288 -166.3157
16.230045 70.399 -168.6625
16.347654 70.536 -171.3149
16.466116 70.691 -174.1251
16.585436 70.906 -177.1459
16.705621 71.157 179.6866
16.826677 71.382 176.7792
16.948610 71.546 174.2218
17.071427 71.660 171.8454
17.195133 71.731 169.8637
17.319736 71.755 168.4454
17.445242 71.747 167.4260
17.571658 71.759 166.5563
17.698989 71.822 165.8344
17.827243 71.921 165.2506
17.956427 72.035 164.4874
18.086547 72.156 163.5120
18.217609 72.291 162.3818
18.349622 72.446 161.0294
18.482590 72.623 159.4803
18.616523 72.825 157.7703
18.751426 73.061 155.8767
18.887307 73.325 153.7893
19.024172 73.560 151.6754
19.162029 73.722 149.5706
19.300885 73.828 147.4225
19.440747 73.903 145.3498
19.581622 73.950 143.4016
19.723519 74.007 141.4251
19.866444 74.126 139.2582
20.010404 74.293 136.9429
20.155408 74.425 134.6416
20.301462 74.486 132.2088
20.448575 74.479 129.8746
20.596754 74.390 128.1089
20.746006 74.238 126.7918
20.896340 74.147 125.7708
21.047764 74.174 125.2233
21.200285 74.279 124.7567
21.353911 74.429 123.8746
21.508650 74.607 122.7571
21.664511 74.759 121.3316
21.821501 74.877 119.5581
21.979628 75.012 117.7060
22.138902 75.199 115.8507
22.299329 75.406 114.0234
22.460919 75.593 112.3382
22.623680 75.756 110.7521
22.787621 75.881 109.2650
22.952749 75.971 107.8718
23.119074 76.076 106.4294
23.286605 76.209 104.8977
23.455349 76.326 103.3257
23.625316 76.400 101.6835
23.796515 76.455 100.0653
23.968954 76.509 98.6255
24.142643 76.608 97.2213
24.317591 76.809 95.7360
24.493806 77.060 94.1568
24.671298 77.274 92.2373
24.850077 77.435 90.0878
25.030151 77.521 87.8425
25.211529 77.563 85.4836
25.394223 77.636 83.2485
25.578240 77.749 81.0727
25.763590 77.903 78.9066
25.950284 78.097 76.7408
26.138330 78.331 74.3094
26.327739 78.581 71.7192
26.518521 78.803 68.9262
26.710685 78.952 66.0499
26.904242 78.962 63.4532
27.099201 78.918 60.8763
27.295573 78.930 58.4446
27.493368 79.083 55.4323
27.692596 79.432 51.3916
27.893268 79.786 46.4340
28.095394 80.033 40.2595
28.298985 80.056 34.1530
28.504051 79.842 27.8749
28.710603 79.466 22.6338
28.918652 78.993 18.0652
29.128209 78.521 14.4672
29.339284 78.080 11.2479
29.551888 77.690 8.0936
29.766033 77.332 4.7118
29.981730 76.979 1.0750
30.198990 76.566 -2.3994
30.417825 76.073 -5.5541
30.638245 75.494 -7.9883
30.860262 74.884 -9.8666
31.083888 74.263 -11.1418
31.309135 73.613 -12.1890
31.536014 72.933 -12.8915
31.764537 72.236 -13.1769
31.994716 71.636 -12.8071
32.226563 71.189 -11.7814
32.460089 70.924 -10.4183
32.695309 70.792 -9.1893
32.932232 70.733 -8.3104
33.170873 70.654 -7.7751
33.411243 70.533 -7.3531
33.653354 70.390 -6.9105
33.897220 70.326 -6.4286
34.142854 70.360 -6.1796
34.390267 70.489 -6.3737
34.639473 70.685 -7.3987
34.890485 70.905 -9.2651
35.143316 71.084 -11.9410
35.397979 71.099 -15.1388
35.654487 70.930 -18.4681
35.912854 70.602 -21.7933
36.173093 70.175 -24.9069
36.435218 69.642 -27.7246
36.699243 69.006 -30.0377
36.965181 68.290 -31.4995
37.233046 67.571 -31.5831
37.502852 66.896 -30.1909
37.774613 66.319 -27.3698
38.048343 65.907 -23.5017
38.324057 65.696 -18.9905
38.601769 65.773 -14.5269
38.881494 66.213 -11.1310
39.163245 66.982 -9.6594
39.447038 67.785 -10.2844
39.732888 68.481 -12.7136
40.020808 69.029 -16.7880
40.310816 69.357 -22.4529
40.602924 69.275 -29.6278
40.897150 68.634 -37.0890
41.193508 67.515 -43.3535
41.492013 66.146 -46.6376
41.792681 64.903 -44.9775
42.095528 64.283 -39.4791
42.400570 64.540 -35.4774
42.707822 65.081 -34.6353
43.017300 65.465 -35.1812
43.329021 65.723 -35.6356
43.643001 66.058 -35.8813
43.959256 66.411 -37.1802
44.277803 66.554 -40.3623
44.598658 66.517 -44.4528
44.921839 66.409 -47.7046
45.247361 66.391 -48.5873
45.575242 66.690 -46.8944
45.905499 67.459 -43.9053
46.238149 68.668 -43.4207
46.573210 70.107 -47.2755
46.910698 71.460 -55.1140
47.250633 72.528 -65.4169
47.593030 73.326 -76.8156
47.937909 73.859 -88.4178
48.285287 74.113 -99.6312
48.635182 74.261 -110.1624
48.987612 74.476 -120.1376
49.342597 74.652 -129.8992
49.700154 74.733 -139.8192
50.060301 74.974 -150.4058
50.423059 75.484 -162.0852
50.788445 76.010 -174.6976
51.156479 76.332 172.3114
51.527180 76.419 159.3279
51.900567 76.307 146.4937
52.276660 76.078 133.9116
52.655478 75.780 121.6509
53.037042 75.317 109.6813
53.421370 74.578 98.1251
53.808483 73.591 87.5947
54.198402 72.440 79.0065
54.591146 71.158 72.8368
54.986736 69.730 68.7098
55.385192 68.155 65.8002
55.786536 66.552 63.6169
56.190788 65.058 62.6057
56.597970 63.714 63.7916
57.008102 62.529 67.5987
57.421206 61.534 74.0852
57.837304 60.924 84.6250
58.256417 61.047 99.6270
58.678567 61.885 113.7264
59.103776 62.856 122.3069
59.532067 63.651 126.5760
59.963460 64.460 129.7078
60.397980 65.688 133.9703
60.835649 67.398 138.9976
61.276489 69.329 142.7029
61.720524 71.311 142.9122
62.167776 73.171 138.5955
62.618270 74.726 130.6909
63.072027 75.846 121.0341
63.529073 76.551 111.0710
63.989431 76.963 101.8230
64.453125 77.207 93.9719
64.920179 77.406 87.5306
65.390617 77.633 81.6912
65.864465 77.902 75.4036
66.341746 78.147 68.2548
66.822485 78.245 60.4692
67.306709 78.121 52.5456
67.794441 77.799 45.1306
68.285707 77.367 38.7435
68.780534 76.905 33.1390
69.278946 76.407 27.2879
69.780970 75.790 20.7574
70.286631 75.004 14.3702
70.795957 74.026 9.1414
71.308974 72.881 5.2421
71.825708 71.585 2.5331
72.346187 70.134 1.4334
72.870437 68.506 2.3888
73.398486 66.645 6.5745
73.930362 64.989 21.5534
74.466092 65.262 65.0810
75.005704 67.787 96.8459
75.549226 70.677 102.8741
76.096687 73.196 100.5115
76.648115 75.320 95.2745
77.203539 77.137 88.8952
77.762987 78.746 81.7059
78.326490 80.203 73.4708
78.894076 81.508 63.5958
79.465775 82.589 51.5975
80.041617 83.340 37.5947
80.621631 83.637 22.7072
81.205849 83.395 8.1620
81.794300 82.654 -4.7401
82.387015 81.556 -15.2484
82.984025 80.296 -23.1130
83.585362 79.005 -28.6988
84.191056 77.758 -32.1860
84.801139 76.618 -33.7150
85.415643 75.642 -33.7323
86.034600 74.907 -33.1030
86.658042 74.502 -33.0645
87.286002 74.418 -34.8119
87.918512 74.405 -38.9130
88.555606 74.129 -45.7471
89.197317 73.341 -55.1576
89.843677 71.888 -64.9750
90.494721 69.697 -71.2347
91.150484 66.887 -67.3923
91.810997 64.366 -38.7617
92.476298 63.881 -2.4600
93.146419 64.947 6.9651
93.821397 65.931 3.9585
94.501265 66.525 -0.1761
95.186060 66.881 -0.4368
95.875818 67.187 1.6556
96.570573 67.533 2.4865
97.270363 67.786 1.6412
97.975225 67.807 0.3629
98.685194 67.584 -0.4334
99.400307 67.209 0.4695
100.120603 66.728 3.2174
100.846118 66.162 8.6113
101.576890 65.968 18.7861
102.312958 66.606 31.6142
103.054360 67.823 39.9142
103.801135 69.014 41.9244
104.553320 69.938 41.7889
105.310957 70.767 42.8306
106.074084 71.776 45.4736
106.842740 72.994 47.4330
107.616967 74.251 46.5616
108.396804 75.430 43.7878
109.182291 76.560 40.8531
109.973471 77.679 37.2376
110.770384 78.705 31.9083
111.573072 79.507 25.1465
112.381577 80.057 18.1601
113.195940 80.493 12.3745
114.016204 81.036 7.7790
114.842413 81.748 2.3615
115.674608 82.434 -5.2606
116.512834 82.862 -14.5507
117.357134 82.945 -24.4931
118.207552 82.726 -33.8228
119.064133 82.326 -41.6525
119.926921 81.894 -48.2429
120.795961 81.491 -54.6516
121.671298 81.021 -61.7833
122.552979 80.327 -69.4053
123.441048 79.323 -76.1347
124.335553 78.056 -79.9275
125.236539 76.772 -79.0075
126.144055 75.861 -74.3663
127.058147 75.506 -70.3748
127.978862 75.521 -69.7005
128.906250 75.631 -71.3655
129.840358 75.655 -73.8596
130.781235 75.537 -76.5046
131.728929 75.333 -78.7542
132.683491 75.167 -80.6968
133.644971 75.097 -83.6193
134.613417 74.980 -88.9609
135.588882 74.527 -97.0800
136.571415 73.467 -106.1967
137.561067 71.685 -111.7068
138.557891 69.491 -104.7053
139.561939 68.102 -79.3629
140.573262 68.538 -60.4908
141.591914 69.785 -55.7333
142.617948 70.907 -56.5516
143.651416 71.696 -59.3339
144.692373 72.162 -63.4940
145.740874 72.354 -67.3298
146.796972 72.449 -68.6052
147.860724 72.673 -68.4312
148.932184 73.011 -69.6254
150.011408 73.295 -72.2823
151.098452 73.498 -74.7545
152.193374 73.721 -76.2153
153.296230 74.041 -77.4354
154.407077 74.476 -79.1138
155.525975 75.016 -81.2839
156.652980 75.636 -84.4738
157.788152 76.274 -89.6147
158.931550 76.790 -97.1743
160.083234 77.050 -106.4154
161.243263 77.024 -115.7209
162.411698 76.780 -124.0156
163.588600 76.409 -131.4911
164.774030 75.970 -138.7911
165.968051 75.463 -146.1837
167.170724 74.855 -153.6649
168.382112 74.116 -161.0752
169.602278 73.225 -168.0918
170.831286 72.187 -173.9738
172.069200 71.078 -178.2168
173.316084 70.060 178.8623
174.572004 69.215 176.0088
175.837025 68.434 172.3994
177.111212 67.656 170.0864
178.394633 67.219 172.0071
179.687354 67.624 174.5029
180.989443 68.662 171.2693
182.300967 69.811 162.5486
183.621995 70.876 150.7375
184.952596 71.828 136.4982
186.292838 72.623 120.2518
187.642793 73.292 103.8086
189.002530 73.936 87.6427
190.372120 74.525 70.2749
191.751635 74.908 51.8573
193.141147 75.004 33.9186
194.540727 74.798 17.1573
195.950449 74.261 1.9420
197.370387 73.502 -9.0742
198.800614 72.946 -14.3167
200.241205 72.945 -18.2883
201.692236 73.245 -26.2157
203.153781 73.326 -37.9397
204.625917 72.863 -51.0167
206.108721 71.743 -61.6735
207.602269 70.166 -64.0320
209.106641 69.008 -53.4911
210.621914 69.173 -42.8043
212.148167 70.087 -42.1234
213.685480 70.906 -46.5634
215.233933 71.424 -51.8700
216.793607 71.736 -56.3092
218.364583 71.992 -60.1664
219.946943 72.236 -64.1366
221.540769 72.464 -68.3436
223.146145 72.684 -72.3563
224.763154 72.993 -75.1118
226.391880 73.509 -77.9095
228.032409 74.102 -83.8121
229.684826 74.493 -92.7227
231.349217 74.537 -102.5767
233.025668 74.243 -112.2914
234.714269 73.652 -121.1105
236.415105 72.862 -127.7756
238.128266 72.080 -132.5137
239.853842 71.414 -138.1024
241.591922 70.706 -146.6033
243.342596 69.603 -158.7737
245.105957 67.762 -173.3324
246.882096 65.266 175.6025
248.671105 64.048 -78.2191
250.473079 66.157 -49.3453
252.288110 69.055 -58.9573
254.116293 71.225 -73.9012
255.957725 72.466 -91.4086
257.812500 72.825 -109.0293
259.680716 72.457 -124.2457
261.562469 71.538 -136.6766
263.457859 70.139 -146.2577
265.366983 68.542 -146.5327
267.289941 68.064 -122.8525
269.226835 69.427 -106.4235
271.177763 70.978 -114.5078
273.142829 71.733 -129.2437
275.122135 71.661 -143.3733
277.115783 70.929 -154.6675
279.123878 69.786 -160.7872
281.146525 68.613 -162.0245
283.183828 67.825 -159.4709
285.235895 68.009 -149.3138
287.302832 69.086 -145.9066
289.384747 69.927 -156.5145
291.481748 69.842 -171.8687
293.593945 68.848 176.4303
295.721448 67.413 172.8945
297.864367 66.113 172.7668
300.022815 65.066 169.2014
302.196904 64.425 174.1544
304.386747 65.118 -160.9321
306.592459 66.526 -164.7413
308.814155 67.197 174.5514
311.051949 66.637 148.3455
313.305960 64.866 119.4252
315.576304 62.723 48.5054
317.863100 62.483 -93.6304
320.166467 64.314 -109.0404
322.486525 66.237 -123.2355
324.823396 67.415 -139.9414
327.177200 67.708 -156.5686
329.548061 67.463 -166.5087
331.936102 67.593 -166.0515
334.341448 68.370 -171.1884
336.764224 68.902 172.9125
339.204556 68.698 153.4917
341.662572 67.845 132.8364
344.138400 66.453 107.2616
346.632169 64.407 71.4207
349.144008 61.954 7.2183
351.674050 60.465 -66.8636
354.222425 61.363 -91.6265
356.789266 63.758 -99.3372
359.374709 65.943 -113.7681
361.978886 67.210 -133.7527
364.601934 67.436 -154.7588
367.243990 66.588 -174.7356
369.905191 64.693 172.0798
372.585677 62.446 -177.9878
375.285586 62.213 -147.8457
378.005060 64.868 -98.7222
380.744241 67.933 -96.8752
383.503270 70.097 -113.1169
386.282293 71.261 -131.3823
389.081454 71.865 -145.2642
391.900899 72.530 -153.5696
394.740774 73.163 -166.4385
397.601228 72.988 173.1895
400.482411 71.746 156.5212
403.384471 70.643 173.9832
406.307562 71.483 -151.2163
409.251834 72.954 -162.8862
412.217441 73.567 177.8027
415.204539 73.217 161.7825
418.213282 72.195 151.1592
421.243828 71.018 149.7871
424.296334 70.693 158.3367
427.370960 71.556 162.7485
430.467867 72.523 153.7129
433.587214 72.636 136.4502
436.729166 71.612 120.8745
439.893885 70.102 132.4209
443.081538 69.819 159.6650
446.292289 70.988 159.6362
449.526307 72.678 156.3069
452.783760 74.292 147.6777
456.064818 75.266 130.4194
459.369652 75.320 109.0586
462.698433 74.479 86.9077
466.051337 72.771 63.9021
469.428537 70.152 53.5854
472.830210 67.074 111.2664
476.256532 65.010 130.9587
479.707684 65.756 156.7856
483.183843 67.951 161.4243
486.685192 69.497 148.4087
490.211914 69.967 133.5107
493.764192 69.685 122.4004
497.342210 68.916 113.2197
500.946157 68.260 126.1111
504.576220 68.875 149.1240
508.232587 69.938 142.3499
511.915450 70.222 128.9233
515.625000 69.773 122.3210
519.361431 69.569 128.7061
523.124938 70.023 126.7874
526.915717 70.526 113.0483
530.733966 71.695 148.9922
534.579883 74.004 -165.1594
538.453669 76.306 178.2561
542.355526 78.207 162.4092
546.285658 79.842 148.4780
550.244269 81.134 132.7886
554.231566 81.833 113.9482
558.247756 81.764 94.2810
562.293050 80.940 76.8049
566.367657 79.572 66.3821
570.471790 78.388 67.4297
574.605664 77.807 61.6543
578.769494 76.941 48.1982
582.963496 75.275 41.1714
587.187890 73.573 49.0684
591.442895 73.500 69.4802
595.728734 75.007 75.0801
600.045630 76.432 63.8408
604.393808 77.011 44.9170
608.773495 76.463 21.5737
613.184919 74.818 4.1177
617.628309 73.252 59.3206
622.103899 73.060 69.7097
626.611920 73.052 52.4392
631.152608 72.846 50.6052
635.726200 73.364 58.1309
640.332934 73.786 44.8416
644.973051 73.024 27.7449
649.646791 71.350 19.8777
654.354400 70.558 36.7332
659.096122 72.530 73.0669
663.872204 75.113 66.5496
668.682895 76.512 40.8455
673.528447 76.382 10.5723
678.409112 74.988 -17.4739
683.325144 73.323 -50.0918
688.276800 72.343 -120.9395
693.264337 71.892 154.0137
698.288016 71.822 116.9102
703.348099 72.482 100.6340
708.444849 74.316 98.0884
713.578533 77.092 104.3027
718.749417 79.551 91.5088
723.957772 80.846 67.2554
729.203868 80.827 43.1023
734.487980 79.955 27.0759
739.810383 78.944 15.8301
745.171354 77.980 5.3784
750.571172 77.077 -2.9717
756.010121 76.156 -13.7356
761.488482 74.889 -26.4861
767.006541 73.103 -33.7966
772.564587 71.353 -34.1282
778.162908 70.007 -49.8867
783.801797 69.298 66.3562
789.481548 70.542 75.4690
795.202457 72.669 59.6289
800.964822 74.299 43.1023
806.768943 75.217 26.9827
812.615123 75.836 15.4915
818.503667 76.653 6.0452
824.434882 77.269 -12.4226
830.409077 77.018 -38.8535
836.426564 75.900 -66.3418
842.487656 74.757 4.2136
848.592668 74.608 14.9558
854.741921 74.463 -11.6887
860.935733 73.532 -29.7168
867.174428 72.743 -30.8083
873.458332 73.172 -32.0100
879.787771 73.946 -47.6658
886.163076 74.708 -61.2410
892.584579 76.225 -51.3354
899.052614 77.933 -68.4651
905.567520 78.629 -106.2156
912.129636 78.131 -145.6348
918.739303 76.871 177.4268
925.396867 75.101 144.0984
932.102674 73.053 118.1226
938.857074 71.400 104.4006
945.660420 71.336 97.3416
952.513065 72.641 84.4976
959.415367 73.540 57.3787
966.367686 72.936 25.2681
973.370385 70.959 10.5833
980.423828 68.771 50.7388
987.528383 67.367 48.7104
994.684421 67.180 40.3311
1001.892314 68.591 58.2476
1009.152439 70.382 62.1677
1016.465174 71.075 47.5581
1023.830899 71.338 61.4910
1031.250000 71.722 42.5508
1038.722863 72.517 4.8984
1046.249877 74.480 172.3774
1053.831435 76.510 128.0259
1061.467932 77.831 95.6509
1069.159766 78.614 71.4529
1076.907338 78.876 49.2834
1084.711053 78.345 30.2109
1092.571316 77.387 18.5125
1100.488538 76.269 7.4912
1108.463132 75.100 4.6091
1116.495513 74.549 4.0400
1124.586099 74.175 -8.4573
1132.735314 73.301 -19.8630
1140.943581 72.535 17.4712
1149.211328 72.867 27.4871
1157.538987 73.340 12.4604
1165.926992 73.267 4.7351
1174.375780 73.879 34.4504
1182.885791 75.527 34.7317
1191.457469 76.499 16.5071
1200.091261 76.283 1.7703
1208.787617 76.076 1.3457
1217.546990 76.695 -2.1880
1226.369837 76.910 -18.7688
1235.256619 75.973 -32.0137
1244.207797 74.606 -30.7344
1253.223840 73.380 -34.6443
1262.305217 72.044 -34.4890
1271.452400 71.276 -23.9368
1280.665869 71.791 -15.1714
1289.946102 73.533 -2.4382
1299.293583 75.374 -8.8972
1308.708800 76.076 -27.2642
1318.192243 75.648 -39.1582
1327.744407 75.033 -44.2029
1337.365791 74.260 -55.2029
1347.056895 73.012 -63.4858
1356.818224 71.812 -61.6655
1366.650288 71.524 -51.1155
1376.553600 71.654 -54.3865
1386.528674 71.710 -61.7820
1396.576033 71.922 -70.9797
1406.696198 71.922 -80.2385
1416.889699 71.889 -46.8521
1427.157066 72.209 -50.5906
1437.498834 72.022 -68.8037
1447.915543 71.597 -82.7051
1458.407736 71.460 -101.3816
1468.975960 70.947 -130.9082
1479.620765 69.022 -163.3638
1490.342707 65.955 133.2434
1501.142345 63.552 29.0920
1512.020241 64.175 15.8167
1522.976963 66.821 17.3906
1534.013082 69.592 0.2175
1545.129173 71.631 -32.3352
1556.325816 72.345 -81.1599
1567.603594 72.011 -161.7693
1578.963096 71.678 103.7871
1590.404914 72.049 61.9226
1601.929643 72.269 32.3943
1613.537886 71.633 8.8127
1625.230247 70.851 3.8289
1637.007335 71.260 20.9504
1648.869765 72.742 17.0457
1660.818155 73.589 -3.4958
1672.853128 73.041 -22.9980
1684.975311 72.039 -12.9856
1697.185337 72.332 -0.1433
1709.483841 73.322 -8.1958
1721.871466 73.598 -24.3367
1734.348856 73.238 -20.1558
1746.916663 74.031 4.0327
1759.575541 75.561 -4.0798
1772.326151 76.154 -22.6226
1785.169157 75.830 -34.7417
1798.105229 75.342 -43.8242
1811.135040 74.669 -53.1570
1824.259271 73.766 -58.1785
1837.478606 73.015 -57.5530
1850.793734 73.017 -49.2825
1864.205348 73.398 -52.7651
1877.714148 73.618 -55.5613
1891.320839 73.565 -62.3291
1905.026130 73.183 -65.1414
1918.830734 73.296 -64.5664
1932.735373 73.758 -70.9429
1946.740770 74.018 -81.1370
1960.847656 73.704 -93.5691
1975.056766 72.690 -101.3071
1989.368842 71.343 -108.4795
2003.784629 70.661 -102.4102
2018.304878 71.988 -61.1438
2032.930347 73.445 -74.6304
2047.661799 73.244 -104.4089
2062.500000 71.490 -127.8623
2077.445725 69.400 -144.6069
2092.499753 67.989 -58.1338
2107.662869 67.814 -52.7393
2122.935863 68.447 -49.6523
2138.319531 69.415 -49.6584
2153.814676 69.826 -71.6431
2169.422105 68.886 -93.9585
2185.142632 67.266 -94.9294
2200.977076 67.352 -25.5835
2216.926264 69.142 -28.8447
2232.991025 70.132 -51.5208
2249.172199 69.985 -65.0129
2265.470628 70.337 -46.5837
2281.887162 71.184 -51.1418
2298.422657 71.059 -65.0996
2315.077975 70.265 -76.0027
2331.853984 69.611 -77.7175
2348.751559 70.601 -41.4546
2365.771581 72.638 -39.7344
2382.914937 73.644 -60.6382
2400.182521 73.137 -77.4402
2417.575233 72.060 -79.8528
2435.093980 71.237 -80.3853
2452.739675 70.941 -79.1013
2470.513237 71.274 -81.2073
2488.415595 71.573 -89.6609
2506.447680 71.270 -100.0835
2524.610433 70.596 -97.9246
2542.904801 70.427 -95.0400
2561.331737 70.151 -103.9700
2579.892203 69.592 -100.1357
2598.587165 70.180 -86.1174
2617.417599 71.346 -92.9546
2636.384486 71.694 -109.3677
2655.488815 71.518 -102.7881
2674.731581 71.615 -92.4370
2694.113789 71.673 -106.0193
2713.636448 71.264 -117.7151
2733.300577 70.785 -104.4290
2753.107199 70.614 -108.5728
2773.057349 70.102 -117.2996
2793.152066 70.074 -112.8716
2813.392397 70.038 -125.8220
2833.779398 69.151 -131.8938
2854.314132 68.615 -95.7000
2874.997668 68.698 -101.6301
2895.831087 68.530 -113.6382
2916.815472 68.500 -91.4001
2937.951920 69.621 -73.5237
2959.241530 70.447 -91.0566
2980.685414 70.042 -104.2888
3002.284690 69.431 -100.1448
3024.040482 69.513 -93.8452
3045.953926 70.232 -93.2893
3068.026164 71.153 -99.1995
3090.258346 71.750 -104.9189
3112.651632 72.410 -104.9250
3135.207189 72.924 -116.2832
3157.926192 72.555 -130.9473
3180.809827 71.804 -130.1521
3203.859287 71.921 -126.6428
3227.075772 72.106 -137.9331
3250.460493 71.542 -144.7715
3274.014670 70.505 -146.4827
3297.739530 69.558 -148.5164
3321.636310 69.102 -144.2410
3345.706256 69.159 -138.6011
3369.950622 69.536 -134.6077
3394.370674 70.279 -131.8042
3418.967683 70.399 -137.4556
3443.742932 70.410 -133.1631
3468.697713 70.437 -145.7585
3493.833326 69.764 -158.4829
3519.151083 69.574 -130.0764
3544.652302 70.415 -121.7866
3570.338314 70.674 -139.7515
3596.210457 70.295 -148.7537
3622.270081 70.529 -121.1162
3648.518543 71.765 -120.9595
3674.957212 72.372 -138.8691
3701.587467 72.371 -137.3284
3728.410696 72.535 -137.0156
3755.428297 72.317 -151.2073
3782.641678 71.767 -159.5876
3810.052259 71.558 -157.3274
3837.661468 71.436 -161.5811
3865.470745 71.284 -158.8452
3893.481540 71.573 -159.6277
3921.695312 71.424 -172.0779
3950.113533 70.666 -179.2449
3978.737684 70.081 -170.7661
4007.569257 69.890 -172.4868
4036.609756 69.604 -179.9001
4065.860694 69.343 175.9932
4095.323597 69.071 161.2661
4125.000000 68.656 164.2637
4154.891450 69.142 -107.0544
4184.999507 70.496 -121.8083
4215.325738 71.645 -133.5613
4245.871726 72.580 -133.4446
4276.639063 73.741 -138.8372
4307.629353 74.411 -154.7832
4338.844211 74.524 -166.0608
4370.285264 74.615 -176.6536
4401.954153 74.318 168.7395
4433.852527 73.321 156.6541
4465.982050 71.738 157.7917
4498.344397 70.754 169.3311
4530.941255 70.967 168.8679
4563.774323 71.289 162.5315
4596.845313 71.292 162.3376
4630.155949 71.373 164.1543
4663.707968 71.134 147.6846
4697.503118 70.058 137.3438
4731.543162 69.420 171.1055
4765.829875 69.942 -155.6494
4800.365042 71.638 -147.5034
4835.150466 73.019 -164.8293
4870.187960 73.465 177.5107
4905.479349 73.383 166.5203
4941.026475 73.282 156.9656
4976.831190 73.047 149.7517
5012.895360 72.786 148.8796
5049.220866 72.187 140.1755
5085.809602 71.332 133.2375
5122.663475 70.276 126.6382
5159.784406 69.338 128.1448
5197.174331 68.361 126.8657
5234.835198 67.698 157.3076
5272.768972 68.480 -179.7690
5310.977630 69.743 -170.8413
5349.463163 70.931 -170.1912
5388.227578 71.985 178.2251
5427.272896 72.776 166.6240
5466.601153 73.073 163.9565
5506.214398 73.137 160.3489
5546.114698 73.157 151.5518
5586.304131 72.962 138.6438
5626.784794 72.184 124.3965
5667.558796 70.994 114.6516
5708.628263 70.362 112.4431
5749.995337 70.093 149.3137
5791.662173 69.868 172.5222
5833.630945 70.558 178.7671
5875.903839 71.955 175.8643
5918.483061 72.908 167.2888
5961.370829 73.207 156.9819
6004.569379 73.268 147.5896
6048.080964 73.437 137.4766
6091.907852 73.363 124.8206
6136.052328 73.017 124.1738
6180.516692 72.728 121.9226
6225.303264 72.284 115.0049
6270.414377 71.764 115.4111
6315.852385 70.772 138.4614
6361.619655 70.607 166.0901
6407.718573 72.060 167.2236
6454.151543 73.892 161.2583
6500.920986 75.173 147.1934
6548.029339 75.085 128.2737
6595.479059 73.628 122.0481
6643.272619 72.308 125.4924
6691.412511 72.264 128.0581
6739.901245 72.645 119.3445
6788.741347 72.567 106.8389
6837.935366 72.315 95.9387
6887.485864 72.308 95.3049
6937.395426 72.483 162.3081
6987.666653 72.861 155.3718
7038.302166 73.273 138.0627
7089.304605 73.039 121.2004
7140.676628 72.234 113.6523
7192.420915 71.666 118.7363
7244.540162 71.771 130.9658
7297.037086 72.204 125.4131
7349.914425 72.268 116.0498
7403.174934 72.195 121.7126
7456.821392 72.600 126.2756
7510.856593 73.112 141.2271
7565.283356 73.875 145.0957
7620.104518 74.697 135.7178
7675.322937 74.866 125.2683
7730.941491 74.874 119.3320
7786.963080 74.784 108.5996
7843.390624 74.409 99.2041
7900.227066 73.935 92.9214
7957.475368 73.538 86.7036
8015.138515 72.493 82.4727
8073.219512 71.438 110.3435
8131.721389 72.327 136.3972
8190.647194 74.283 143.3210
8250.000000 75.218 127.5813
8309.782901 75.159 112.3477
8369.999013 74.513 99.8098
8430.651476 73.587 89.6770
8491.743452 72.614 88.7854
8553.278126 71.898 102.3369
8615.258705 71.531 110.6826
8677.688421 71.836 117.1172
8740.570528 72.809 122.6514
8803.908306 73.858 117.6301
8867.705054 74.525 105.1797
8931.964101 74.323 88.2502
8996.688794 73.002 75.3154
9061.882510 71.268 74.0808
9127.548646 70.678 107.8447
9193.690626 71.518 122.0554
9260.311899 72.764 121.0891
9327.415936 74.227 118.3069
9395.006237 75.292 108.2922
9463.086325 75.720 93.7217
9531.659749 75.541 77.9485
9600.730085 74.608 65.1577
9670.300933 73.209 68.3411
9740.375920 72.658 91.8335
9810.958699 73.052 103.9512
9882.052950 73.565 100.5476
9953.662379 73.774 90.7817
10025.790720 73.703 81.4438
10098.441732 73.484 72.6855
10171.619204 72.856 64.3884
10245.326950 71.991 68.8948
10319.568812 71.910 97.7205
10394.348662 72.787 103.8721
10469.670397 73.678 94.0317
10545.537944 73.857 81.3418
10621.955259 73.225 70.5925
10698.926326 71.997 67.8774
10776.455156 70.875 72.6348
10854.545793 70.831 80.0552
10933.202306 72.227 96.1514
11012.428797 73.912 95.9141
11092.229396 74.557 77.3926
11172.608262 73.969 61.5879
11253.569587 72.698 59.6577
11335.117592 71.630 65.7363
11417.256526 70.944 66.6479
11499.990673 70.835 79.4580
11583.324346 71.673 86.2058
11667.261890 72.427 76.2546
11751.807679 72.317 63.7397
11836.966122 71.722 60.2834
11922.741658 71.207 62.9155
12009.138758 70.911 69.9292
12096.161928 71.230 77.3569
12183.815704 71.848 74.9985
12272.104655 72.170 66.2239
12361.033384 71.936 55.7271
12450.606528 71.188 53.6724
12540.828755 70.578 61.1953
12631.704770 70.528 65.3477
12723.239310 70.777 65.9092
12815.437146 70.916 62.2056
12908.303087 70.790 56.2781
13001.841972 70.608 53.2812
13096.058679 70.800 57.3564
13190.958118 71.215 61.5479
13286.545239 71.423 59.6116
13382.825022 71.329 54.1792
13479.802489 71.016 49.7241
13577.482695 70.688 48.4226
13675.870731 70.642 53.4580
13774.971728 70.948 55.4685
13874.790852 71.287 49.9814
13975.333306 71.081 42.7852
14076.604332 70.537 41.6016
14178.609210 70.141 44.2178
14281.353257 70.185 47.3318
14384.841829 70.591 45.6763
14489.080323 70.571 36.0293
14594.074172 69.702 30.6689
14699.828849 68.762 38.2197
14806.349869 68.691 45.2803
14913.642783 69.294 46.7312
15021.713187 69.735 39.5889
15130.566713 69.468 32.1504
15240.209036 69.303 41.2227
15350.645874 69.788 43.5918
15461.882981 70.127 37.4238
15573.926159 70.153 29.5430
15686.781248 69.684 20.8735
15800.454132 68.991 23.2695
15914.950735 68.682 31.9106
16030.277029 68.785 33.3770
16146.439024 69.072 30.7529
16263.442778 69.075 25.2241
16381.294388 68.901 25.5366
16500.000000 69.086 27.8740
16619.565802 69.395 23.3555
16739.998026 69.240 15.0215
16861.302953 68.666 12.7529
16983.486905 68.669 21.0825
17106.556252 69.523 21.8467
17230.517410 69.918 9.7671
17355.376842 69.235 -0.7783
17481.141057 68.382 3.0620
17607.816611 68.591 12.8340
17735.410109 69.155 6.2129
17863.928201 69.017 -4.2944
17993.377589 68.582 -3.4756
18123.765020 68.848 2.8154
18255.097293 69.330 -4.4277
18387.381253 69.046 -15.7793
18520.623797 68.240 -18.2373
18654.831872 68.172 -9.0234
18790.012473 68.891 -10.3687
18926.172650 69.230 -20.3984
19063.319498 68.941 -28.7363
19201.460170 68.460 -31.9097
19340.601866 68.309 -32.8125
19480.751839 68.333 -36.1387
19621.917398 68.359 -40.0254
19764.105900 68.388 -42.6992
19907.324758 68.657 -45.6221
20051.581440 68.792 -54.2578
20196.883465 68.523 -62.9717
20343.238408 68.060 -66.0986
20490.653899 68.012 -65.7715
20639.137624 68.190 -71.8545
20788.697323 68.165 -78.9429
20939.340794 68.250 -81.0703
21091.075889 68.672 -87.0264
21243.910519 68.798 -99.0781
21397.852652 68.452 -108.7627
21552.910313 68.137 -114.2607
21709.091586 68.025 -122.3638
21866.404612 67.846 -131.5479
22024.857594 67.817 -138.1177
22184.458791 68.013 -148.6021
22345.216524 67.935 -163.3096
22507.139175 67.511 -177.1235
22670.235183 67.103 170.8994
22834.513052 66.863 155.8706
22999.981347 66.483 136.0815
23166.648693 65.714 112.5767
23334.523779 64.476 86.2607
23503.615358 62.971 57.7490
23673.932243 61.646 29.8652
23845.483315 61.024 9.8906
24018.277517 61.056 -1.2466
