* Measurement data measured by REW V5.40 beta 133
* Source: U18dB [plughw:2,0], Mic (Mic), R, Volume: 1.000. Timing signal peak level -26.1 dBFS, measurement signal peak level -16.5 dBFS
* Format: 512k Log Swept Sine, 1 sweep at -12.0 dBFS using an acoustic timing reference
* Dated: Aug 28, 2026, 2:39:41 PM
* REW Settings:
*  C-weighting compensation: Off
*  Target level: 75.0 dB
* Note: ; 28 aug 2026 Multi point measurement Position 1: +20cm further AHEAD 4.31m from front wall 3.45m from L and R speakers 2 screen panels prolongation - new setup DAC level -28dB MIC HEIGHT: 1.060m mic boom arm height: 1.040 PICTURES: 2026.08.25_ROOM.png measurement starts from 16Hz (REW LF tail starts from 16) -12dBFS OKTO -28dB DELAY 0.0193 ms (6.6 mm, 0.26 in) using estimated IR delay relative to Acoustic reference played from DAC8STEREO L with no timing offset Clock adjustment: -15.1 ppm
* Measurement: R MPM.1
* Smoothing: 1/48 octave
* Frequency Step: 96 ppo
* Start Frequency: 16.113281 Hz
*
* Freq(Hz) SPL(dB) Phase(degrees)
16.113281 69.397 -174.9513
16.230045 69.539 -176.6466
16.347654 69.706 -178.3273
16.466116 69.871 -179.9722
16.585436 70.029 178.4194
16.705621 70.178 176.8320
16.826677 70.319 175.2758
16.948610 70.451 173.7516
17.071427 70.573 172.2446
17.195133 70.688 170.7544
17.319736 70.797 169.2809
17.445242 70.899 167.8138
17.571658 70.997 166.3460
17.698989 71.094 164.8757
17.827243 71.188 163.3987
17.956427 71.282 161.9076
18.086547 71.379 160.4000
18.217609 71.476 158.8766
18.349622 71.573 157.3359
18.482590 71.671 155.7728
18.616523 71.769 154.1953
18.751426 71.865 152.6070
18.887307 71.960 150.9993
19.024172 72.051 149.3906
19.162029 72.138 147.7820
19.300885 72.222 146.1687
19.440747 72.301 144.5757
19.581622 72.377 142.9917
19.723519 72.449 141.4288
19.866444 72.520 139.9053
20.010404 72.591 138.4103
20.155408 72.662 136.9625
20.301462 72.736 135.5665
20.448575 72.813 134.2183
20.596754 72.895 132.9229
20.746006 72.983 131.6818
20.896340 73.077 130.4733
21.047764 73.179 129.3036
21.200285 73.288 128.1526
21.353911 73.403 126.9944
21.508650 73.524 125.8366
21.664511 73.650 124.6368
21.821501 73.780 123.4020
21.979628 73.915 122.1119
22.138902 74.053 120.7552
22.299329 74.194 119.3370
22.460919 74.337 117.8452
22.623680 74.482 116.2876
22.787621 74.629 114.6674
22.952749 74.778 112.9847
23.119074 74.927 111.2509
23.286605 75.076 109.4633
23.455349 75.224 107.6316
23.625316 75.371 105.7529
23.796515 75.515 103.8316
23.968954 75.656 101.8644
24.142643 75.793 99.8515
24.317591 75.928 97.7884
24.493806 76.059 95.6734
24.671298 76.187 93.5017
24.850077 76.313 91.2710
25.030151 76.436 88.9766
25.211529 76.557 86.6158
25.394223 76.675 84.1844
25.578240 76.791 81.6791
25.763590 76.902 79.0973
25.950284 77.009 76.4354
26.138330 77.110 73.6935
26.327739 77.203 70.8676
26.518521 77.286 67.9600
26.710685 77.357 64.9681
26.904242 77.413 61.8933
27.099201 77.450 58.7390
27.295573 77.466 55.4984
27.493368 77.457 52.1911
27.692596 77.421 48.7965
27.893268 77.356 45.3600
28.095394 77.261 41.8506
28.298985 77.134 38.3391
28.504051 76.975 34.7957
28.710603 76.785 31.2997
28.918652 76.564 27.8396
29.128209 76.313 24.4771
29.339284 76.032 21.2294
29.551888 75.722 18.1278
29.766033 75.386 15.2050
29.981730 75.023 12.4783
30.198990 74.637 9.9751
30.417825 74.229 7.7067
30.638245 73.804 5.7014
30.860262 73.368 3.9531
31.083888 72.926 2.4967
31.309135 72.487 1.3097
31.536014 72.059 0.3977
31.764537 71.650 -0.2418
31.994716 71.267 -0.6696
32.226563 70.918 -0.8932
32.460089 70.607 -0.9810
32.695309 70.335 -0.9913
32.932232 70.101 -0.9625
33.170873 69.903 -0.9702
33.411243 69.734 -1.0518
33.653354 69.589 -1.2429
33.897220 69.459 -1.5812
34.142854 69.338 -2.0757
34.390267 69.217 -2.7374
34.639473 69.088 -3.5590
34.890485 68.944 -4.5159
35.143316 68.778 -5.5889
35.397979 68.585 -6.7116
35.654487 68.362 -7.8243
35.912854 68.111 -8.8762
36.173093 67.833 -9.7950
36.435218 67.534 -10.5071
36.699243 67.223 -10.9661
36.965181 66.911 -11.1250
37.233046 66.613 -10.9790
37.502852 66.343 -10.5698
37.774613 66.113 -9.9602
38.048343 65.931 -9.2506
38.324057 65.798 -8.5872
38.601769 65.707 -8.0771
38.881494 65.645 -7.7999
39.163245 65.599 -7.8080
39.447038 65.551 -8.0988
39.732888 65.487 -8.6105
40.020808 65.398 -9.2621
40.310816 65.279 -9.9537
40.602924 65.133 -10.5647
40.897150 64.967 -10.9692
41.193508 64.801 -11.0826
41.492013 64.653 -10.8593
41.792681 64.549 -10.3058
42.095528 64.515 -9.4984
42.400570 64.569 -8.5948
42.707822 64.722 -7.7897
43.017300 64.970 -7.2768
43.329021 65.301 -7.2245
43.643001 65.699 -7.7614
43.959256 66.143 -8.9760
44.277803 66.615 -10.9286
44.598658 67.099 -13.6629
44.921839 67.579 -17.1991
45.247361 68.045 -21.5431
45.575242 68.486 -26.6858
45.905499 68.895 -32.6050
46.238149 69.264 -39.2673
46.573210 69.589 -46.6321
46.910698 69.864 -54.6570
47.250633 70.089 -63.3013
47.593030 70.263 -72.5273
47.937909 70.390 -82.2972
48.285287 70.478 -92.5726
48.635182 70.538 -103.3060
48.987612 70.583 -114.4308
49.342597 70.623 -125.8528
49.700154 70.668 -137.4512
50.060301 70.723 -149.0878
50.423059 70.784 -160.6216
50.788445 70.845 -171.9292
51.156479 70.894 177.0851
51.527180 70.919 166.4882
51.900567 70.908 156.3267
52.276660 70.853 146.6397
52.655478 70.746 137.4692
53.037042 70.582 128.8648
53.421370 70.356 120.8835
53.808483 70.064 113.5863
54.198402 69.704 107.0344
54.591146 69.274 101.2896
54.986736 68.775 96.4156
55.385192 68.212 92.4847
55.786536 67.596 89.5845
56.190788 66.946 87.8223
56.597970 66.293 87.3201
57.008102 65.680 88.1885
57.421206 65.169 90.4675
57.837304 64.836 94.0303
58.256417 64.749 98.4962
58.678567 64.950 103.2453
59.103776 65.428 107.5737
59.532067 66.125 110.9247
59.963460 66.964 113.0115
60.397980 67.872 113.7874
60.835649 68.795 113.3537
61.276489 69.691 111.8745
61.720524 70.535 109.5186
62.167776 71.311 106.4469
62.618270 72.007 102.8065
63.072027 72.619 98.7263
63.529073 73.143 94.3164
63.989431 73.580 89.6799
64.453125 73.931 84.9107
64.920179 74.196 80.0857
65.390617 74.379 75.2735
65.864465 74.483 70.5464
66.341746 74.511 65.9702
66.822485 74.465 61.5971
67.306709 74.350 57.4897
67.794441 74.167 53.7131
68.285707 73.923 50.3298
68.780534 73.621 47.4177
69.278946 73.271 45.0674
69.780970 72.884 43.3812
70.286631 72.477 42.4757
70.795957 72.079 42.4644
71.308974 71.729 43.4302
71.825708 71.477 45.3569
72.346187 71.379 48.0796
72.870437 71.480 51.2233
73.398486 71.798 54.2681
73.930362 72.311 56.6936
74.466092 72.969 58.1077
75.005704 73.710 58.3416
75.549226 74.477 57.3778
76.096687 75.227 55.3198
76.648115 75.929 52.3029
77.203539 76.560 48.4788
77.762987 77.107 43.9923
78.326490 77.560 38.9724
78.894076 77.912 33.5461
79.465775 78.159 27.8240
80.041617 78.299 21.9164
80.621631 78.331 15.9309
81.205849 78.256 9.9604
81.794300 78.076 4.1096
82.387015 77.793 -1.5434
82.984025 77.413 -6.9154
83.585362 76.940 -11.9403
84.191056 76.380 -16.5610
84.801139 75.737 -20.7252
85.415643 75.015 -24.3854
86.034600 74.215 -27.4812
86.658042 73.336 -29.9283
87.286002 72.379 -31.5919
87.918512 71.343 -32.2551
88.555606 70.243 -31.5940
89.197317 69.117 -29.1776
89.843677 68.052 -24.5608
90.494721 67.198 -17.5972
91.150484 66.732 -8.9429
91.810997 66.744 -0.1660
92.476298 67.157 7.1261
93.146419 67.789 12.2080
93.821397 68.475 15.2134
94.501265 69.118 16.6403
95.186060 69.671 17.0163
95.875818 70.124 16.7834
96.570573 70.482 16.2835
97.270363 70.762 15.7714
97.975225 70.987 15.4296
98.685194 71.182 15.3724
99.400307 71.377 15.6450
100.120603 71.598 16.2211
100.846118 71.868 17.0068
101.576890 72.203 17.8571
102.312958 72.607 18.6068
103.054360 73.076 19.1021
103.801135 73.597 19.2262
104.553320 74.156 18.9067
105.310957 74.734 18.1110
106.074084 75.320 16.8347
106.842740 75.901 15.0891
107.616967 76.467 12.8929
108.396804 77.010 10.2680
109.182291 77.524 7.2401
109.973471 78.002 3.8363
110.770384 78.440 0.0868
111.573072 78.832 -3.9753
112.381577 79.174 -8.3145
113.195940 79.462 -12.8933
114.016204 79.694 -17.6736
114.842413 79.865 -22.6151
115.674608 79.973 -27.6744
116.512834 80.016 -32.8062
117.357134 79.991 -37.9648
118.207552 79.898 -43.1005
119.064133 79.737 -48.1603
119.926921 79.508 -53.0914
120.795961 79.214 -57.8380
121.671298 78.858 -62.3420
122.552979 78.444 -66.5470
123.441048 77.980 -70.3973
124.335553 77.474 -73.8442
125.236539 76.936 -76.8497
126.144055 76.377 -79.3916
127.058147 75.808 -81.4645
127.978862 75.239 -83.0784
128.906250 74.679 -84.2529
129.840358 74.135 -85.0101
130.781235 73.613 -85.3669
131.728929 73.120 -85.3296
132.683491 72.664 -84.8983
133.644971 72.255 -84.0745
134.613417 71.908 -82.8802
135.588882 71.640 -81.3783
136.571415 71.468 -79.6880
137.561067 71.401 -77.9862
138.557891 71.437 -76.4804
139.561939 71.565 -75.3657
140.573262 71.760 -74.7841
141.591914 71.996 -74.8035
142.617948 72.248 -75.4240
143.651416 72.497 -76.5981
144.692373 72.726 -78.2552
145.740874 72.928 -80.3184
146.796972 73.096 -82.7162
147.860724 73.231 -85.3889
148.932184 73.331 -88.2898
150.011408 73.400 -91.3871
151.098452 73.438 -94.6616
152.193374 73.445 -98.1057
153.296230 73.421 -101.7197
154.407077 73.364 -105.5092
155.525975 73.273 -109.4788
156.652980 73.143 -113.6281
157.788152 72.968 -117.9473
158.931550 72.745 -122.4160
160.083234 72.470 -127.0044
161.243263 72.141 -131.6753
162.411698 71.755 -136.3875
163.588600 71.315 -141.1003
164.774030 70.824 -145.7808
165.968051 70.289 -150.4076
167.170724 69.717 -154.9783
168.382112 69.120 -159.5160
169.602278 68.507 -164.0775
170.831286 67.892 -168.7593
172.069200 67.283 -173.7007
173.316084 66.692 -179.0830
174.572004 66.124 174.8774
175.837025 65.591 167.9436
177.111212 65.106 159.8796
178.394633 64.690 150.4839
179.687354 64.378 139.6418
180.989443 64.211 127.3958
182.300967 64.232 114.0050
183.621995 64.461 99.9399
184.952596 64.888 85.7697
186.292838 65.468 71.9989
187.642793 66.140 58.9580
189.002530 66.846 46.7942
190.372120 67.541 35.5284
191.751635 68.191 25.1200
193.141147 68.781 15.5052
194.540727 69.301 6.6183
195.950449 69.751 -1.6022
197.370387 70.135 -9.2125
198.800614 70.459 -16.2661
200.241205 70.732 -22.8136
201.692236 70.961 -28.9054
203.153781 71.155 -34.5925
204.625917 71.319 -39.9264
206.108721 71.462 -44.9612
207.602269 71.587 -49.7535
209.106641 71.698 -54.3602
210.621914 71.798 -58.8368
212.148167 71.886 -63.2346
213.685480 71.963 -67.6017
215.233933 72.026 -71.9825
216.793607 72.071 -76.4182
218.364583 72.093 -80.9445
219.946943 72.085 -85.5887
221.540769 72.036 -90.3663
223.146145 71.937 -95.2773
224.763154 71.775 -100.3036
226.391880 71.539 -105.4048
228.032409 71.216 -110.5194
229.684826 70.794 -115.5598
231.349217 70.262 -120.4072
233.025668 69.609 -124.9022
234.714269 68.826 -128.8300
236.415105 67.909 -131.8937
238.128266 66.866 -133.6797
239.853842 65.731 -133.6277
241.591922 64.595 -131.0773
243.342596 63.634 -125.5774
245.105957 63.098 -117.6312
246.882096 63.153 -109.2012
248.671105 63.719 -102.6088
250.473079 64.552 -98.9161
252.288110 65.433 -97.9092
254.116293 66.236 -98.9116
255.957725 66.912 -101.2693
257.812500 67.447 -104.4751
259.680716 67.848 -108.1614
261.562469 68.130 -112.0684
263.457859 68.310 -116.0189
265.366983 68.407 -119.9025
267.289941 68.439 -123.6619
269.226835 68.422 -127.2853
271.177763 68.367 -130.7947
273.142829 68.285 -134.2383
275.122135 68.177 -137.6792
277.115783 68.043 -141.1877
279.123878 67.874 -144.8300
281.146525 67.659 -148.6550
283.183828 67.379 -152.6803
285.235895 67.009 -156.8818
287.302832 66.523 -161.1793
289.384747 65.889 -165.4215
291.481748 65.073 -169.3558
293.593945 64.039 -172.5717
295.721448 62.756 -174.3809
297.864367 61.224 -173.5924
300.022815 59.567 -168.2291
302.196904 58.237 -156.1129
304.386747 58.020 -139.0321
306.592459 59.097 -124.8932
308.814155 60.737 -117.8375
311.051949 62.346 -116.3181
313.305960 63.717 -118.1592
315.576304 64.818 -121.9805
317.863100 65.661 -126.9907
320.166467 66.267 -132.7141
322.486525 66.653 -138.8345
324.823396 66.830 -145.1121
327.177200 66.806 -151.3383
329.548061 66.584 -157.3059
331.936102 66.167 -162.7823
334.341448 65.557 -167.4786
336.764224 64.760 -171.0117
339.204556 63.799 -172.8607
341.662572 62.733 -172.3506
344.138400 61.695 -168.7810
346.632169 60.915 -161.9410
349.144008 60.650 -152.9548
351.674050 60.985 -144.1954
354.222425 61.759 -137.5750
356.789266 62.731 -133.5122
359.374709 63.742 -131.5320
361.978886 64.721 -131.0269
364.601934 65.649 -131.5552
367.243990 66.527 -132.8684
369.905191 67.359 -134.8561
372.585677 68.143 -137.4773
375.285586 68.871 -140.7050
378.005060 69.530 -144.4905
380.744241 70.109 -148.7477
383.503270 70.596 -153.3527
386.282293 70.987 -158.1541
389.081454 71.282 -162.9857
391.900899 71.490 -167.6836
394.740774 71.626 -172.1053
397.601228 71.712 -176.1515
400.482411 71.773 -179.7847
403.384471 71.836 176.9548
406.307562 71.921 173.9551
409.251834 72.039 171.0544
412.217441 72.190 168.0826
415.204539 72.363 164.8966
418.213282 72.540 161.4031
421.243828 72.703 157.5620
424.296334 72.831 153.3777
427.370960 72.908 148.8878
430.467867 72.916 144.1533
433.587214 72.843 139.2510
436.729166 72.675 134.2719
439.893885 72.400 129.3274
443.081538 72.004 124.5596
446.292289 71.476 120.1580
449.526307 70.804 116.3916
452.783760 69.985 113.6488
456.064818 69.039 112.4833
459.369652 68.030 113.6173
462.698433 67.111 117.7377
466.051337 66.536 124.8130
469.428537 66.538 133.2401
472.830210 67.116 140.4473
476.256532 68.040 144.8700
479.707684 69.063 146.4996
483.183843 70.040 146.0165
486.685192 70.911 144.1216
490.211914 71.665 141.3408
493.764192 72.308 138.0269
497.342210 72.857 134.4027
500.946157 73.328 130.5986
504.576220 73.737 126.6805
508.232587 74.095 122.6703
511.915450 74.411 118.5634
515.625000 74.688 114.3424
519.361431 74.927 109.9889
523.124938 75.127 105.4889
526.915717 75.284 100.8362
530.733966 75.393 96.0341
534.579883 75.447 91.0957
538.453669 75.440 86.0447
542.355526 75.365 80.9182
546.285658 75.212 75.7698
550.244269 74.975 70.6721
554.231566 74.645 65.7231
558.247756 74.216 61.0526
562.293050 73.687 56.8302
566.367657 73.060 53.2719
570.471790 72.353 50.6422
574.605664 71.599 49.2324
578.769494 70.861 49.2908
582.963496 70.230 50.8738
587.187890 69.809 53.6477
591.442895 69.669 56.8262
595.728734 69.804 59.4344
600.045630 70.135 60.7419
604.393808 70.553 60.4668
608.773495 70.965 58.6761
613.184919 71.303 55.6005
617.628309 71.521 51.5117
622.103899 71.586 46.6768
626.611920 71.473 41.3522
631.152608 71.160 35.7974
635.726200 70.624 30.2983
640.332934 69.840 25.2085
644.973051 68.778 21.0253
649.646791 67.411 18.5461
654.354400 65.748 19.1719
659.096122 63.949 25.3096
663.872204 62.601 39.4407
668.682895 62.621 58.0977
673.528447 63.954 71.6000
678.409112 65.674 77.2904
683.325144 67.237 77.8102
688.276800 68.504 75.4907
693.264337 69.478 71.6805
698.288016 70.190 67.1561
703.348099 70.681 62.4059
708.444849 70.987 57.7679
713.578533 71.148 53.4847
718.749417 71.207 49.7137
723.957772 71.205 46.5137
729.203868 71.186 43.8231
734.487980 71.178 41.4642
739.810383 71.194 39.1923
745.171354 71.225 36.7783
750.571172 71.247 34.0892
756.010121 71.231 31.1215
761.488482 71.152 27.9854
767.006541 70.997 24.8649
772.564587 70.764 21.9752
778.162908 70.468 19.5211
783.801797 70.135 17.6588
789.481548 69.800 16.4541
795.202457 69.505 15.8457
800.964822 69.282 15.6322
806.768943 69.148 15.5078
812.615123 69.095 15.1479
818.503667 69.093 14.3069
824.434882 69.102 12.8778
830.409077 69.083 10.8929
836.426564 69.006 8.4819
842.487656 68.852 5.8156
848.592668 68.612 3.0549
854.741921 68.286 0.3232
860.935733 67.869 -2.2968
867.174428 67.355 -4.7321
873.458332 66.730 -6.8658
879.787771 65.976 -8.4758
886.163076 65.082 -9.1713
892.584579 64.062 -8.3444
899.052614 62.986 -5.1915
905.567520 62.028 0.9832
912.129636 61.460 9.8918
918.739303 61.485 19.4559
925.396867 62.020 27.0134
932.102674 62.785 31.4261
938.857074 63.533 33.1104
945.660420 64.132 32.9921
952.513065 64.537 31.9418
959.415367 64.749 30.6570
966.367686 64.796 29.6855
973.370385 64.724 29.4519
980.423828 64.597 30.2487
987.528383 64.494 32.1825
994.684421 64.500 35.0925
1001.892314 64.675 38.5261
1009.152439 65.037 41.8639
1016.465174 65.554 44.5587
1023.830899 66.166 46.3163
1031.250000 66.815 47.1031
1038.722863 67.454 47.0450
1046.249877 68.059 46.3213
1053.831435 68.618 45.1028
1061.467932 69.126 43.5276
1069.159766 69.586 41.6979
1076.907338 70.001 39.6843
1084.711053 70.375 37.5323
1092.571316 70.711 35.2742
1100.488538 71.010 32.9382
1108.463132 71.274 30.5619
1116.495513 71.506 28.1947
1124.586099 71.713 25.8868
1132.735314 71.905 23.6705
1140.943581 72.096 21.5378
1149.211328 72.297 19.4296
1157.538987 72.512 17.2439
1165.926992 72.739 14.8640
1174.375780 72.966 12.1947
1182.885791 73.178 9.1901
1191.457469 73.356 5.8623
1200.091261 73.487 2.2695
1208.787617 73.560 -1.5013
1217.546990 73.572 -5.3524
1226.369837 73.523 -9.1902
1235.256619 73.417 -12.9347
1244.207797 73.264 -16.5277
1253.223840 73.074 -19.9390
1262.305217 72.854 -23.1711
1271.452400 72.615 -26.2570
1280.665869 72.359 -29.2511
1289.946102 72.086 -32.2162
1299.293583 71.790 -35.2078
1308.708800 71.460 -38.2621
1318.192243 71.083 -41.3849
1327.744407 70.642 -44.5427
1337.365791 70.120 -47.6560
1347.056895 69.502 -50.5944
1356.818224 68.775 -53.1740
1366.650288 67.936 -55.1560
1376.553600 66.987 -56.2473
1386.528674 65.946 -56.1064
1396.576033 64.856 -54.3678
1406.696198 63.788 -50.7173
1416.889699 62.850 -45.0560
1427.157066 62.169 -37.7234
1437.498834 61.836 -29.5732
1447.915543 61.855 -21.6669
1458.407736 62.153 -14.7755
1468.975960 62.629 -9.1716
1479.620765 63.202 -4.7810
1490.342707 63.823 -1.4163
1501.142345 64.467 1.0825
1512.020241 65.119 2.8137
1522.976963 65.764 3.8405
1534.013082 66.391 4.2307
1545.129173 66.987 4.0812
1556.325816 67.548 3.5117
1567.603594 68.075 2.6372
1578.963096 68.577 1.5321
1590.404914 69.062 0.2112
1601.929643 69.538 -1.3671
1613.537886 70.002 -3.2697
1625.230247 70.446 -5.5508
1637.007335 70.859 -8.2273
1648.869765 71.227 -11.2727
1660.818155 71.540 -14.6284
1672.853128 71.792 -18.2195
1684.975311 71.977 -21.9685
1697.185337 72.097 -25.8037
1709.483841 72.152 -29.6646
1721.871466 72.144 -33.4998
1734.348856 72.074 -37.2668
1746.916663 71.945 -40.9285
1759.575541 71.757 -44.4470
1772.326151 71.509 -47.7766
1785.169157 71.201 -50.8521
1798.105229 70.835 -53.5818
1811.135040 70.417 -55.8466
1824.259271 69.960 -57.5127
1837.478606 69.488 -58.4620
1850.793734 69.035 -58.6377
1864.205348 68.642 -58.0952
1877.714148 68.344 -57.0304
1891.320839 68.161 -55.7488
1905.026130 68.089 -54.5823
1918.830734 68.105 -53.7917
1932.735373 68.173 -53.5150
1946.740770 68.256 -53.7678
1960.847656 68.326 -54.4791
1975.056766 68.361 -55.5293
1989.368842 68.349 -56.7784
2003.784629 68.285 -58.0822
2018.304878 68.171 -59.3014
2032.930347 68.016 -60.3135
2047.661799 67.832 -61.0239
2062.500000 67.637 -61.3794
2077.445725 67.450 -61.3755
2092.499753 67.289 -61.0587
2107.662869 67.166 -60.5120
2122.935863 67.085 -59.8315
2138.319531 67.047 -59.1003
2153.814676 67.050 -58.3733
2169.422105 67.088 -57.6774
2185.142632 67.162 -57.0240
2200.977076 67.271 -56.4255
2216.926264 67.418 -55.9093
2232.991025 67.606 -55.5228
2249.172199 67.832 -55.3330
2265.470628 68.095 -55.4171
2281.887162 68.385 -55.8505
2298.422657 68.690 -56.6918
2315.077975 68.994 -57.9702
2331.853984 69.282 -59.6802
2348.751559 69.540 -61.7854
2365.771581 69.755 -64.2258
2382.914937 69.921 -66.9281
2400.182521 70.030 -69.8140
2417.575233 70.081 -72.8051
2435.093980 70.073 -75.8274
2452.739675 70.007 -78.8124
2470.513237 69.885 -81.6963
2488.415595 69.710 -84.4175
2506.447680 69.486 -86.9138
2524.610433 69.220 -89.1221
2542.904801 68.918 -90.9825
2561.331737 68.592 -92.4436
2579.892203 68.254 -93.4696
2598.587165 67.917 -94.0441
2617.417599 67.596 -94.1707
2636.384486 67.304 -93.8717
2655.488815 67.057 -93.1901
2674.731581 66.867 -92.1919
2694.113789 66.746 -90.9703
2713.636448 66.701 -89.6443
2733.300577 66.733 -88.3483
2753.107199 66.839 -87.2155
2773.057349 67.007 -86.3580
2793.152066 67.222 -85.8549
2813.392397 67.467 -85.7468
2833.779398 67.727 -86.0411
2854.314132 67.987 -86.7166
2874.997668 68.236 -87.7314
2895.831087 68.465 -89.0291
2916.815472 68.669 -90.5447
2937.951920 68.846 -92.2136
2959.241530 68.998 -93.9773
2980.685414 69.130 -95.7936
3002.284690 69.246 -97.6440
3024.040482 69.353 -99.5376
3045.953926 69.451 -101.5076
3068.026164 69.541 -103.5977
3090.258346 69.616 -105.8453
3112.651632 69.667 -108.2672
3135.207189 69.683 -110.8492
3157.926192 69.653 -113.5464
3180.809827 69.569 -116.2853
3203.859287 69.424 -118.9696
3227.075772 69.217 -121.4840
3250.460493 68.949 -123.6968
3274.014670 68.630 -125.4636
3297.739530 68.275 -126.6398
3321.636310 67.912 -127.1033
3345.706256 67.576 -126.7893
3369.950622 67.311 -125.7367
3394.370674 67.159 -124.1255
3418.967683 67.148 -122.2727
3443.742932 67.284 -120.5659
3468.697713 67.544 -119.3608
3493.833326 67.889 -118.8969
3519.151083 68.275 -119.2694
3544.652302 68.659 -120.4557
3570.338314 69.011 -122.3557
3596.210457 69.305 -124.8326
3622.270081 69.527 -127.7380
3648.518543 69.669 -130.9269
3674.957212 69.725 -134.2620
3701.587467 69.694 -137.6139
3728.410696 69.578 -140.8545
3755.428297 69.380 -143.8536
3782.641678 69.106 -146.4722
3810.052259 68.768 -148.5632
3837.661468 68.385 -149.9789
3865.470745 67.986 -150.5874
3893.481540 67.608 -150.3075
3921.695312 67.299 -149.1576
3950.113533 67.108 -147.3057
3978.737684 67.072 -145.0819
4007.569257 67.202 -142.9172
4036.609756 67.479 -141.2257
4065.860694 67.862 -140.2980
4095.323597 68.303 -140.2646
4125.000000 68.754 -141.1224
4154.891450 69.180 -142.7830
4184.999507 69.553 -145.1125
4215.325738 69.853 -147.9587
4245.871726 70.069 -151.1622
4276.639063 70.191 -154.5614
4307.629353 70.220 -157.9939
4338.844211 70.156 -161.2948
4370.285264 70.008 -164.2980
4401.954153 69.790 -166.8400
4433.852527 69.525 -168.7737
4465.982050 69.246 -169.9954
4498.344397 68.993 -170.4873
4530.941255 68.809 -170.3616
4563.774323 68.726 -169.8756
4596.845313 68.758 -169.3877
4630.155949 68.890 -169.2549
4663.707968 69.086 -169.7317
4697.503118 69.301 -170.9218
4731.543162 69.490 -172.7908
4765.829875 69.619 -175.2063
4800.365042 69.661 -177.9764
4835.150466 69.603 179.1273
4870.187960 69.439 176.3573
4905.479349 69.176 173.9795
4941.026475 68.836 172.2577
4976.831190 68.455 171.4175
5012.895360 68.089 171.5814
5049.220866 67.801 172.6771
5085.809602 67.648 174.3794
5122.663475 67.654 176.1667
5159.784406 67.799 177.5127
5197.174331 68.028 178.0831
5234.835198 68.279 177.8064
5272.768972 68.497 176.8163
5310.977630 68.651 175.3582
5349.463163 68.725 173.7097
5388.227578 68.722 172.1339
5427.272896 68.658 170.8505
5466.601153 68.560 170.0095
5506.214398 68.462 169.6669
5546.114698 68.397 169.7642
5586.304131 68.393 170.1318
5626.784794 68.460 170.5316
5667.558796 68.589 170.7245
5708.628263 68.759 170.5394
5749.995337 68.940 169.9110
5791.662173 69.102 168.8796
5833.630945 69.224 167.5640
5875.903839 69.295 166.1282
5918.483061 69.314 164.7491
5961.370829 69.292 163.5867
6004.569379 69.249 162.7516
6048.080964 69.213 162.2782
6091.907852 69.208 162.1028
6136.052328 69.254 162.0667
6180.516692 69.356 161.9553
6225.303264 69.502 161.5662
6270.414377 69.665 160.7700
6315.852385 69.817 159.5449
6361.619655 69.930 157.9700
6407.718573 69.987 156.1954
6454.151543 69.980 154.4071
6500.920986 69.915 152.7893
6548.029339 69.806 151.4897
6595.479059 69.678 150.5908
6643.272619 69.555 150.0891
6691.412511 69.458 149.8970
6739.901245 69.398 149.8719
6788.741347 69.375 149.8699
6837.935366 69.378 149.7932
6887.485864 69.393 149.6156
6937.395426 69.409 149.3746
6987.666653 69.422 149.1423
7038.302166 69.435 148.9896
7089.304605 69.458 148.9519
7140.676628 69.502 149.0082
7192.420915 69.574 149.0847
7244.540162 69.677 149.0798
7297.037086 69.804 148.9005
7349.914425 69.940 148.4932
7403.174934 70.074 147.8569
7456.821392 70.193 147.0361
7510.856593 70.290 146.1014
7565.283356 70.366 145.1274
7620.104518 70.424 144.1720
7675.322937 70.471 143.2620
7730.941491 70.514 142.3873
7786.963080 70.555 141.5110
7843.390624 70.592 140.5900
7900.227066 70.621 139.6001
7957.475368 70.632 138.5547
8015.138515 70.618 137.5084
8073.219512 70.579 136.5449
8131.721389 70.521 135.7532
8190.647194 70.453 135.1953
8250.000000 70.393 134.8837
8309.782901 70.354 134.7692
8369.999013 70.346 134.7550
8430.651476 70.368 134.7329
8491.743452 70.414 134.6233
8553.278126 70.474 134.3943
8615.258705 70.540 134.0569
8677.688421 70.606 133.6422
8740.570528 70.673 133.1775
8803.908306 70.740 132.6714
8867.705054 70.810 132.1134
8931.964101 70.881 131.4854
8996.688794 70.949 130.7737
9061.882510 71.011 129.9814
9127.548646 71.064 129.1285
9193.690626 71.105 128.2441
9260.311899 71.137 127.3538
9327.415936 71.161 126.4695
9395.006237 71.181 125.5848
9463.086325 71.197 124.6829
9531.659749 71.207 123.7471
9600.730085 71.208 122.7739
9670.300933 71.198 121.7755
9740.375920 71.175 120.7750
9810.958699 71.138 119.7981
9882.052950 71.089 118.8645
9953.662379 71.029 117.9891
10025.790720 70.959 117.1848
10098.441732 70.881 116.4688
10171.619204 70.798 115.8622
10245.326950 70.715 115.3831
10319.568812 70.638 115.0375
10394.348662 70.573 114.8070
10469.670397 70.528 114.6469
10545.537944 70.504 114.4941
10621.955259 70.498 114.2848
10698.926326 70.504 113.9744
10776.455156 70.513 113.5492
10854.545793 70.518 113.0245
10933.202306 70.515 112.4341
11012.428797 70.502 111.8148
11092.229396 70.480 111.1978
11172.608262 70.451 110.6034
11253.569587 70.418 110.0415
11335.117592 70.384 109.5125
11417.256526 70.352 109.0085
11499.990673 70.323 108.5150
11583.324346 70.297 108.0125
11667.261890 70.274 107.4834
11751.807679 70.251 106.9197
11836.966122 70.225 106.3252
11922.741658 70.195 105.7139
12009.138758 70.159 105.1018
12096.161928 70.119 104.5039
12183.815704 70.076 103.9287
12272.104655 70.031 103.3802
12361.033384 69.987 102.8585
12450.606528 69.945 102.3607
12540.828755 69.907 101.8782
12631.704770 69.873 101.3965
12723.239310 69.844 100.8967
12815.437146 69.819 100.3628
12908.303087 69.796 99.7854
13001.841972 69.772 99.1635
13096.058679 69.746 98.5001
13190.958118 69.717 97.7985
13286.545239 69.685 97.0602
13382.825022 69.648 96.2870
13479.802489 69.607 95.4828
13577.482695 69.558 94.6560
13675.870731 69.501 93.8169
13774.971728 69.438 92.9749
13874.790852 69.367 92.1396
13975.333306 69.288 91.3215
14076.604332 69.204 90.5300
14178.609210 69.114 89.7747
14281.353257 69.021 89.0645
14384.841829 68.925 88.4070
14489.080323 68.831 87.8081
14594.074172 68.739 87.2688
14699.828849 68.655 86.7806
14806.349869 68.581 86.3279
14913.642783 68.518 85.8846
15021.713187 68.467 85.4220
15130.566713 68.426 84.9163
15240.209036 68.392 84.3535
15350.645874 68.364 83.7303
15461.882981 68.339 83.0514
15573.926159 68.317 82.3240
15686.781248 68.297 81.5549
15800.454132 68.280 80.7458
15914.950735 68.268 79.8928
16030.277029 68.260 78.9883
16146.439024 68.256 78.0233
16263.442778 68.257 76.9904
16381.294388 68.260 75.8824
16500.000000 68.266 74.6946
16619.565802 68.273 73.4240
16739.998026 68.281 72.0682
16861.302953 68.287 70.6270
16983.486905 68.293 69.1013
17106.556252 68.296 67.4921
17230.517410 68.297 65.7986
17355.376842 68.295 64.0226
17481.141057 68.291 62.1699
17607.816611 68.283 60.2268
17735.410109 68.270 58.1897
17863.928201 68.251 56.1083
17993.377589 68.232 53.9856
18123.765020 68.216 51.7988
18255.097293 68.203 49.5337
18387.381253 68.195 47.1716
18520.623797 68.191 44.6902
18654.831872 68.191 42.0691
18790.012473 68.192 39.2937
18926.172650 68.192 36.3572
19063.319498 68.190 33.2582
19201.460170 68.183 30.0005
19340.601866 68.171 26.5862
19480.751839 68.156 23.0137
19621.917398 68.136 19.2765
19764.105900 68.114 15.3622
19907.324758 68.088 11.2521
20051.581440 68.053 6.9778
20196.883465 68.006 2.6927
20343.238408 67.951 -1.8199
20490.653899 67.887 -6.5762
20639.137624 67.810 -11.5884
20788.697323 67.715 -16.8639
20939.340794 67.595 -22.4011
21091.075889 67.441 -28.1919
21243.910519 67.242 -34.2174
21397.852652 66.984 -40.4482
21552.910313 66.646 -46.8462
21709.091586 66.203 -53.3634
21866.404612 65.624 -59.9462
22024.857594 64.867 -66.5378
22184.458791 63.878 -73.0833
22345.216524 62.593 -79.5322
22507.139175 60.931 -85.8423
22670.235183 58.790 -91.9819
22834.513052 56.047 -97.9285
22999.981347 52.552 -103.6709
23166.648693 48.129 -109.2073
23334.523779 42.598 -114.5422
23503.615358 35.846 -119.6870
23673.932243 27.952 -124.6565
23845.483315 19.638 -129.4678
