* Measurement data measured by REW V5.40 beta 133
* Source: U18dB [plughw:2,0], Mic (Mic), R, Volume: 1.000. Timing signal peak level -27.1 dBFS, measurement signal peak level -17.6 dBFS
* Format: 512k Log Swept Sine, 1 sweep at -12.0 dBFS using an acoustic timing reference
* Dated: Aug 28, 2026, 2:46:16 PM
* REW Settings:
*  C-weighting compensation: Off
*  Target level: 75.0 dB
* Note: ; 28 aug 2026 Multi point measurement Position 2: +20cm further BACK 4.716m from front wall 3.80m from L and R speakers 2 screen panels prolongation - new setup DAC level -28dB MIC HEIGHT: 1.060m mic boom arm height: 1.040 PICTURES: 2026.08.25_ROOM.png measurement starts from 16Hz (REW LF tail starts from 16) -12dBFS OKTO -28dB DELAY 0.0264 ms (9.1 mm, 0.36 in) using estimated IR delay relative to Acoustic reference played from DAC8STEREO L with no timing offset Clock adjustment: -15.2 ppm
* Measurement: R MPM.2
* Smoothing: 1/48 octave
* Frequency Step: 96 ppo
* Start Frequency: 16.113281 Hz
*
* Freq(Hz) SPL(dB) Phase(degrees)
16.113281 71.894 -171.9116
16.230045 72.031 -173.2682
16.347654 72.187 -174.6719
16.466116 72.337 -176.1462
16.585436 72.479 -177.7082
16.705621 72.615 -179.3513
16.826677 72.747 178.9487
16.948610 72.879 177.1923
17.071427 73.012 175.3740
17.195133 73.145 173.5486
17.319736 73.282 171.7355
17.445242 73.421 169.9187
17.571658 73.561 168.1371
17.698989 73.702 166.4050
17.827243 73.843 164.7057
17.956427 73.982 163.0344
18.086547 74.119 161.3952
18.217609 74.252 159.7707
18.349622 74.381 158.1295
18.482590 74.506 156.4734
18.616523 74.626 154.7896
18.751426 74.743 153.0548
18.887307 74.858 151.2688
19.024172 74.970 149.4421
19.162029 75.079 147.5673
19.300885 75.188 145.6478
19.440747 75.293 143.7213
19.581622 75.396 141.7701
19.723519 75.495 139.8214
19.866444 75.590 137.9061
20.010404 75.680 136.0034
20.155408 75.765 134.1493
20.301462 75.843 132.3423
20.448575 75.915 130.5782
20.596754 75.984 128.8708
20.746006 76.048 127.2098
20.896340 76.111 125.5869
21.047764 76.175 124.0039
21.200285 76.241 122.4467
21.353911 76.311 120.9017
21.508650 76.388 119.3725
21.664511 76.470 117.8352
21.821501 76.561 116.2939
21.979628 76.656 114.7411
22.138902 76.758 113.1679
22.299329 76.862 111.5830
22.460919 76.967 109.9808
22.623680 77.072 108.3646
22.787621 77.173 106.7439
22.952749 77.271 105.1122
23.119074 77.363 103.4793
23.286605 77.451 101.8409
23.455349 77.537 100.1941
23.625316 77.621 98.5384
23.796515 77.708 96.8630
23.968954 77.799 95.1624
24.142643 77.898 93.4309
24.317591 78.007 91.6552
24.493806 78.127 89.8389
24.671298 78.259 87.9666
24.850077 78.402 86.0468
25.030151 78.554 84.0655
25.211529 78.713 82.0294
25.394223 78.874 79.9236
25.578240 79.037 77.7503
25.763590 79.196 75.4918
25.950284 79.351 73.1464
26.138330 79.499 70.6958
26.327739 79.639 68.1373
26.518521 79.770 65.4569
26.710685 79.890 62.6545
26.904242 79.999 59.7221
27.099201 80.093 56.6679
27.295573 80.172 53.4835
27.493368 80.233 50.1950
27.692596 80.273 46.7849
27.893268 80.290 43.3062
28.095394 80.282 39.7314
28.298985 80.247 36.1395
28.504051 80.183 32.5018
28.710603 80.089 28.9035
28.918652 79.964 25.3313
29.128209 79.808 21.8449
29.339284 79.618 18.4578
29.551888 79.392 15.1863
29.766033 79.134 12.0590
29.981730 78.839 9.0703
30.198990 78.513 6.2418
30.417825 78.156 3.5680
30.638245 77.773 1.0657
30.860262 77.372 -1.2657
31.083888 76.957 -3.4023
31.309135 76.538 -5.3428
31.536014 76.122 -7.0742
31.764537 75.717 -8.5773
31.994716 75.331 -9.8813
32.226563 74.969 -10.9744
32.460089 74.638 -11.8928
32.695309 74.339 -12.6775
32.932232 74.075 -13.3468
33.170873 73.845 -13.9684
33.411243 73.648 -14.5769
33.653354 73.480 -15.2050
33.897220 73.336 -15.9022
34.142854 73.210 -16.6858
34.390267 73.097 -17.5747
34.639473 72.988 -18.5818
34.890485 72.879 -19.6986
35.143316 72.762 -20.9196
35.397979 72.631 -22.2052
35.654487 72.484 -23.5200
35.912854 72.318 -24.8343
36.173093 72.133 -26.1060
36.435218 71.929 -27.2833
36.699243 71.712 -28.3322
36.965181 71.485 -29.2145
37.233046 71.259 -29.9028
37.502852 71.043 -30.3964
37.774613 70.847 -30.7074
38.048343 70.683 -30.8689
38.324057 70.559 -30.9590
38.601769 70.479 -31.0565
38.881494 70.442 -31.2394
39.163245 70.444 -31.5853
39.447038 70.475 -32.1615
39.732888 70.523 -32.9915
40.020808 70.577 -34.0774
40.310816 70.625 -35.4066
40.602924 70.661 -36.9528
40.897150 70.678 -38.6743
41.193508 70.678 -40.5396
41.492013 70.663 -42.5267
41.792681 70.637 -44.6240
42.095528 70.607 -46.8309
42.400570 70.583 -49.1642
42.707822 70.569 -51.6542
43.017300 70.573 -54.3367
43.329021 70.596 -57.2488
43.643001 70.642 -60.4249
43.959256 70.709 -63.8928
44.277803 70.799 -67.6702
44.598658 70.909 -71.7616
44.921839 71.038 -76.1571
45.247361 71.182 -80.8378
45.575242 71.338 -85.7779
45.905499 71.500 -90.9513
46.238149 71.663 -96.3358
46.573210 71.820 -101.9186
46.910698 71.966 -107.6995
47.250633 72.095 -113.6894
47.593030 72.205 -119.9070
47.937909 72.296 -126.3708
48.285287 72.370 -133.0917
48.635182 72.431 -140.0670
48.987612 72.482 -147.2759
49.342597 72.524 -154.6805
49.700154 72.557 -162.2319
50.060301 72.577 -169.8799
50.423059 72.579 -177.5768
50.788445 72.557 174.7176
51.156479 72.502 167.0387
51.527180 72.409 159.4207
51.900567 72.272 151.9015
52.276660 72.085 144.5260
52.655478 71.845 137.3488
53.037042 71.548 130.4339
53.421370 71.193 123.8554
53.808483 70.776 117.6961
54.198402 70.297 112.0483
54.591146 69.756 107.0170
54.986736 69.155 102.7214
55.385192 68.499 99.3013
55.786536 67.801 96.9211
56.190788 67.083 95.7692
56.597970 66.381 96.0405
57.008102 65.754 97.8849
57.421206 65.281 101.3041
57.837304 65.050 106.0186
58.256417 65.128 111.4075
58.678567 65.528 116.6547
59.103776 66.198 121.0336
59.532067 67.056 124.1250
59.963460 68.018 125.8188
60.397980 69.019 126.1949
60.835649 70.017 125.4137
61.276489 70.983 123.6525
61.720524 71.901 121.0699
62.167776 72.757 117.8076
62.618270 73.546 113.9908
63.072027 74.264 109.7284
63.529073 74.908 105.1109
63.989431 75.478 100.2175
64.453125 75.974 95.1162
64.920179 76.395 89.8586
65.390617 76.745 84.4854
65.864465 77.023 79.0391
66.341746 77.229 73.5565
66.822485 77.364 68.0612
67.306709 77.427 62.5888
67.794441 77.417 57.1791
68.285707 77.332 51.8627
68.780534 77.171 46.6872
69.278946 76.931 41.7112
69.780970 76.609 36.9911
70.286631 76.203 32.6133
70.795957 75.709 28.6830
71.308974 75.125 25.3368
71.825708 74.454 22.7678
72.346187 73.706 21.2320
72.870437 72.906 21.0658
73.398486 72.113 22.6536
73.930362 71.433 26.2946
74.466092 71.020 31.8632
75.005704 71.014 38.4913
75.549226 71.453 44.6631
76.096687 72.230 49.1043
76.648115 73.182 51.2839
77.203539 74.168 51.3507
77.762987 75.102 49.6886
78.326490 75.939 46.7110
78.894076 76.658 42.7645
79.465775 77.254 38.1242
80.041617 77.726 33.0102
80.621631 78.078 27.6057
81.205849 78.318 22.0525
81.794300 78.453 16.4858
82.387015 78.491 11.0000
82.984025 78.444 5.6816
83.585362 78.321 0.5885
84.191056 78.133 -4.2452
84.801139 77.892 -8.8029
85.415643 77.605 -13.0923
86.034600 77.282 -17.1336
86.658042 76.928 -20.9556
87.286002 76.548 -24.5894
87.918512 76.142 -28.0592
88.555606 75.713 -31.3787
89.197317 75.259 -34.5497
89.843677 74.780 -37.5635
90.494721 74.277 -40.4062
91.150484 73.748 -43.0631
91.810997 73.190 -45.5251
92.476298 72.602 -47.7870
93.146419 71.978 -49.8451
93.821397 71.311 -51.6935
94.501265 70.592 -53.3179
95.186060 69.811 -54.6898
95.875818 68.955 -55.7635
96.570573 68.011 -56.4684
97.270363 66.959 -56.6990
97.975225 65.774 -56.2844
98.685194 64.417 -54.9227
99.400307 62.842 -52.0338
100.120603 61.002 -46.4158
100.846118 58.960 -35.5066
101.576890 57.257 -14.9249
102.312958 57.274 14.5114
103.054360 59.277 38.1774
103.801135 61.864 50.6174
104.553320 64.273 56.0909
105.310957 66.376 57.8226
106.074084 68.199 57.3911
106.842740 69.791 55.5807
107.616967 71.190 52.8185
108.396804 72.428 49.3599
109.182291 73.525 45.3720
109.973471 74.499 40.9702
110.770384 75.361 36.2390
111.573072 76.122 31.2431
112.381577 76.788 26.0352
113.195940 77.364 20.6597
114.016204 77.854 15.1565
114.842413 78.260 9.5660
115.674608 78.584 3.9307
116.512834 78.827 -1.7035
117.357134 78.990 -7.2894
118.207552 79.077 -12.7739
119.064133 79.089 -18.1003
119.926921 79.034 -23.2139
120.795961 78.917 -28.0598
121.671298 78.747 -32.5891
122.552979 78.535 -36.7644
123.441048 78.292 -40.5644
124.335553 78.032 -43.9907
125.236539 77.767 -47.0728
126.144055 77.510 -49.8687
127.058147 77.268 -52.4595
127.978862 77.044 -54.9393
128.906250 76.836 -57.4006
129.840358 76.637 -59.9210
130.781235 76.438 -62.5523
131.728929 76.225 -65.3143
132.683491 75.984 -68.1923
133.644971 75.703 -71.1386
134.613417 75.371 -74.0746
135.588882 74.981 -76.8952
136.571415 74.528 -79.4742
137.561067 74.017 -81.6707
138.557891 73.457 -83.3412
139.561939 72.863 -84.3547
140.573262 72.261 -84.6109
141.591914 71.683 -84.0636
142.617948 71.161 -82.7383
143.651416 70.731 -80.7402
144.692373 70.421 -78.2465
145.740874 70.250 -75.4815
146.796972 70.223 -72.6893
147.860724 70.337 -70.1091
148.932184 70.579 -67.9575
150.011408 70.927 -66.4143
151.098452 71.353 -65.6086
152.193374 71.830 -65.6131
153.296230 72.328 -66.4463
154.407077 72.822 -68.0834
155.525975 73.293 -70.4683
156.652980 73.721 -73.5264
157.788152 74.095 -77.1737
158.931550 74.403 -81.3236
160.083234 74.641 -85.8915
161.243263 74.804 -90.7969
162.411698 74.889 -95.9641
163.588600 74.897 -101.3230
164.774030 74.829 -106.8099
165.968051 74.688 -112.3683
167.170724 74.477 -117.9486
168.382112 74.202 -123.5093
169.602278 73.869 -129.0198
170.831286 73.486 -134.4646
172.069200 73.061 -139.8455
173.316084 72.604 -145.1885
174.572004 72.125 -150.5487
175.837025 71.633 -156.0139
177.111212 71.135 -161.7029
178.394633 70.634 -167.7649
179.687354 70.133 -174.3684
180.989443 69.630 178.3091
182.300967 69.122 170.0941
183.621995 68.611 160.8276
184.952596 68.107 150.3777
186.292838 67.630 138.6613
187.642793 67.212 125.6838
189.002530 66.896 111.5916
190.372120 66.721 96.7104
191.751635 66.710 81.5251
193.141147 66.854 66.5698
194.540727 67.118 52.2903
195.950449 67.449 38.9624
197.370387 67.798 26.6979
198.800614 68.125 15.5009
200.241205 68.399 5.3289
201.692236 68.604 -3.8633
203.153781 68.732 -12.0999
204.625917 68.782 -19.3754
206.108721 68.764 -25.6608
207.602269 68.695 -30.9215
209.106641 68.603 -35.1453
210.621914 68.522 -38.3799
212.148167 68.485 -40.7631
213.685480 68.523 -42.5303
215.233933 68.647 -43.9797
216.793607 68.857 -45.4083
218.364583 69.133 -47.0490
219.946943 69.452 -49.0408
221.540769 69.787 -51.4358
223.146145 70.118 -54.2238
224.763154 70.426 -57.3575
226.391880 70.699 -60.7714
228.032409 70.930 -64.3922
229.684826 71.111 -68.1436
231.349217 71.240 -71.9493
233.025668 71.315 -75.7330
234.714269 71.340 -79.4218
236.415105 71.317 -82.9458
238.128266 71.254 -86.2402
239.853842 71.162 -89.2517
241.591922 71.056 -91.9460
243.342596 70.950 -94.3202
245.105957 70.861 -96.4147
246.882096 70.804 -98.3190
248.671105 70.786 -100.1620
250.473079 70.803 -102.0844
252.288110 70.844 -104.2015
254.116293 70.891 -106.5737
255.957725 70.926 -109.1934
257.812500 70.931 -111.9935
259.680716 70.899 -114.8704
261.562469 70.829 -117.7092
263.457859 70.731 -120.4149
265.366983 70.616 -122.9357
267.289941 70.500 -125.2783
269.226835 70.394 -127.5071
271.177763 70.303 -129.7202
273.142829 70.223 -132.0156
275.122135 70.141 -134.4568
277.115783 70.045 -137.0560
279.123878 69.918 -139.7762
281.146525 69.751 -142.5431
283.183828 69.538 -145.2577
285.235895 69.278 -147.8101
287.302832 68.973 -150.0811
289.384747 68.634 -151.9473
291.481748 68.281 -153.2900
293.593945 67.939 -154.0220
295.721448 67.645 -154.1301
297.864367 67.438 -153.7233
300.022815 67.349 -153.0527
302.196904 67.387 -152.4628
304.386747 67.538 -152.2874
306.592459 67.769 -152.7532
308.814155 68.040 -153.9489
311.051949 68.317 -155.8563
313.305960 68.574 -158.4053
315.576304 68.794 -161.5140
317.863100 68.962 -165.1096
320.166467 69.070 -169.1293
322.486525 69.107 -173.5148
324.823396 69.064 -178.2064
327.177200 68.932 176.8595
329.548061 68.700 171.7504
331.936102 68.358 166.5380
334.341448 67.894 161.3000
336.764224 67.292 156.1277
339.204556 66.533 151.1370
341.662572 65.590 146.4924
344.138400 64.429 142.4481
346.632169 63.005 139.4290
349.144008 61.261 138.2166
351.674050 59.157 140.3961
354.222425 56.803 149.3149
356.789266 54.969 169.9410
359.374709 55.177 -162.6494
361.978886 57.144 -144.7598
364.601934 59.385 -137.2625
367.243990 61.351 -135.2363
369.905191 62.998 -135.9351
372.585677 64.383 -138.1154
375.285586 65.558 -141.1951
378.005060 66.563 -144.8766
380.744241 67.422 -148.9829
383.503270 68.153 -153.3824
386.282293 68.768 -157.9597
389.081454 69.279 -162.6047
391.900899 69.697 -167.2150
394.740774 70.037 -171.7026
397.601228 70.314 -176.0012
400.482411 70.544 179.9287
403.384471 70.747 176.0912
406.307562 70.938 172.4545
409.251834 71.131 168.9500
412.217441 71.333 165.4834
415.204539 71.546 161.9487
418.213282 71.766 158.2438
421.243828 71.984 154.2838
424.296334 72.185 150.0089
427.370960 72.357 145.3866
430.467867 72.483 140.4104
433.587214 72.547 135.0961
436.729166 72.537 129.4760
439.893885 72.436 123.5979
443.081538 72.230 117.5229
446.292289 71.901 111.3263
449.526307 71.428 105.1062
452.783760 70.786 99.0010
456.064818 69.943 93.2196
459.369652 68.857 88.1011
462.698433 67.483 84.2290
466.051337 65.780 82.6810
469.428537 63.781 85.5341
472.830210 61.818 96.2917
476.256532 60.899 116.2070
479.707684 61.776 135.3717
483.183843 63.573 145.3269
486.685192 65.363 148.1887
490.211914 66.868 147.2759
493.764192 68.079 144.4497
497.342210 69.042 140.6478
500.946157 69.805 136.3499
504.576220 70.410 131.8009
508.232587 70.884 127.1215
511.915450 71.247 122.3690
515.625000 71.508 117.5775
519.361431 71.673 112.7841
523.124938 71.740 108.0469
526.915717 71.708 103.4551
530.733966 71.576 99.1351
534.579883 71.350 95.2490
538.453669 71.044 91.9807
542.355526 70.683 89.5093
546.285658 70.306 87.9572
550.244269 69.961 87.3269
554.231566 69.694 87.4559
558.247756 69.536 88.0391
562.293050 69.492 88.7313
566.367657 69.547 89.2704
570.471790 69.675 89.5322
574.605664 69.856 89.4983
578.769494 70.079 89.1803
582.963496 70.337 88.5591
587.187890 70.625 87.5658
591.442895 70.931 86.1107
595.728734 71.235 84.1259
600.045630 71.513 81.6014
604.393808 71.740 78.5958
608.773495 71.899 75.2241
613.184919 71.975 71.6364
617.628309 71.966 67.9932
622.103899 71.874 64.4478
626.611920 71.705 61.1328
631.152608 71.473 58.1514
635.726200 71.191 55.5731
640.332934 70.875 53.4343
644.973051 70.539 51.7429
649.646791 70.192 50.4905
654.354400 69.845 49.6631
659.096122 69.504 49.2539
663.872204 69.173 49.2755
668.682895 68.862 49.7678
673.528447 68.585 50.7933
678.409112 68.366 52.4115
683.325144 68.243 54.6132
688.276800 68.258 57.2393
693.264337 68.442 59.9380
698.288016 68.797 62.2319
703.348099 69.287 63.6781
708.444849 69.853 64.0171
713.578533 70.434 63.2114
718.749417 70.978 61.3900
723.957772 71.450 58.7679
729.203868 71.833 55.5798
734.487980 72.120 52.0376
739.810383 72.316 48.3099
745.171354 72.426 44.5139
750.571172 72.458 40.7189
756.010121 72.415 36.9614
761.488482 72.299 33.2682
767.006541 72.105 29.6853
772.564587 71.827 26.3011
778.162908 71.462 23.2612
783.801797 71.011 20.7684
789.481548 70.490 19.0698
795.202457 69.933 18.4194
800.964822 69.397 19.0063
806.768943 68.956 20.8369
812.615123 68.692 23.6162
818.503667 68.657 26.7357
824.434882 68.848 29.4591
830.409077 69.211 31.1997
836.426564 69.666 31.6771
842.487656 70.136 30.8875
848.592668 70.561 28.9930
854.741921 70.903 26.2266
860.935733 71.137 22.8348
867.174428 71.249 19.0570
873.458332 71.233 15.1177
879.787771 71.089 11.2323
886.163076 70.820 7.6157
892.584579 70.439 4.4934
899.052614 69.964 2.0992
905.567520 69.430 0.6505
912.129636 68.889 0.2871
918.739303 68.400 0.9821
925.396867 68.024 2.4741
932.102674 67.791 4.3115
938.857074 67.699 6.0156
945.660420 67.710 7.2538
952.513065 67.780 7.8920
959.415367 67.869 7.9374
966.367686 67.948 7.4532
973.370385 67.994 6.5090
980.423828 67.986 5.1764
987.528383 67.906 3.5502
994.684421 67.732 1.7695
1001.892314 67.448 0.0338
1009.152439 67.041 -1.3904
1016.465174 66.508 -2.1582
1023.830899 65.864 -1.8311
1031.250000 65.153 0.1179
1038.722863 64.472 4.2144
1046.249877 63.989 10.6680
1053.831435 63.899 18.8352
1061.467932 64.303 27.0696
1069.159766 65.118 33.6268
1076.907338 66.154 37.6843
1084.711053 67.239 39.3291
1092.571316 68.264 39.0315
1100.488538 69.176 37.2964
1108.463132 69.950 34.5559
1116.495513 70.581 31.1652
1124.586099 71.072 27.4153
1132.735314 71.433 23.5450
1140.943581 71.679 19.7460
1149.211328 71.829 16.1632
1157.538987 71.902 12.8981
1165.926992 71.920 10.0104
1174.375780 71.904 7.5189
1182.885791 71.876 5.4044
1191.457469 71.852 3.6088
1200.091261 71.846 2.0378
1208.787617 71.866 0.5747
1217.546990 71.909 -0.8984
1226.369837 71.969 -2.4771
1235.256619 72.035 -4.2157
1244.207797 72.092 -6.1229
1253.223840 72.132 -8.1659
1262.305217 72.144 -10.2834
1271.452400 72.128 -12.4005
1280.665869 72.086 -14.4434
1289.946102 72.025 -16.3558
1299.293583 71.955 -18.1135
1308.708800 71.885 -19.7306
1318.192243 71.823 -21.2529
1327.744407 71.773 -22.7397
1337.365791 71.733 -24.2441
1347.056895 71.701 -25.8019
1356.818224 71.674 -27.4342
1366.650288 71.650 -29.1602
1376.553600 71.625 -31.0060
1386.528674 71.597 -33.0057
1396.576033 71.556 -35.1921
1406.696198 71.495 -37.5818
1416.889699 71.402 -40.1658
1427.157066 71.266 -42.9069
1437.498834 71.081 -45.7477
1447.915543 70.840 -48.6221
1458.407736 70.541 -51.4664
1468.975960 70.182 -54.2285
1479.620765 69.762 -56.8707
1490.342707 69.278 -59.3641
1501.142345 68.722 -61.6727
1512.020241 68.081 -63.7306
1522.976963 67.338 -65.4133
1534.013082 66.478 -66.5057
1545.129173 65.488 -66.6545
1556.325816 64.373 -65.3094
1567.603594 63.181 -61.6787
1578.963096 62.060 -54.8718
1590.404914 61.287 -44.6364
1601.929643 61.162 -32.6129
1613.537886 61.711 -21.9163
1625.230247 62.658 -14.4755
1637.007335 63.708 -10.1985
1648.869765 64.699 -8.1803
1660.818155 65.577 -7.5718
1672.853128 66.343 -7.7903
1684.975311 67.015 -8.4918
1697.185337 67.617 -9.5037
1709.483841 68.168 -10.7638
1721.871466 68.677 -12.2734
1734.348856 69.148 -14.0574
1746.916663 69.578 -16.1327
1759.575541 69.959 -18.4857
1772.326151 70.282 -21.0593
1785.169157 70.541 -23.7546
1798.105229 70.738 -26.4458
1811.135040 70.879 -29.0045
1824.259271 70.981 -31.3307
1837.478606 71.063 -33.3802
1850.793734 71.149 -35.1820
1864.205348 71.253 -36.8324
1877.714148 71.383 -38.4679
1891.320839 71.536 -40.2218
1905.026130 71.702 -42.1892
1918.830734 71.868 -44.4122
1932.735373 72.021 -46.8892
1946.740770 72.150 -49.5928
1960.847656 72.250 -52.4912
1975.056766 72.316 -55.5583
1989.368842 72.342 -58.7717
2003.784629 72.323 -62.1035
2018.304878 72.253 -65.5115
2032.930347 72.125 -68.9355
2047.661799 71.937 -72.3019
2062.500000 71.688 -75.5273
2077.445725 71.379 -78.5266
2092.499753 71.016 -81.2179
2107.662869 70.606 -83.5253
2122.935863 70.158 -85.3790
2138.319531 69.683 -86.7150
2153.814676 69.197 -87.4766
2169.422105 68.719 -87.6216
2185.142632 68.274 -87.1390
2200.977076 67.889 -86.0767
2216.926264 67.590 -84.5668
2232.991025 67.396 -82.8279
2249.172199 67.309 -81.1281
2265.470628 67.314 -79.7137
2281.887162 67.382 -78.7465
2298.422657 67.480 -78.2731
2315.077975 67.577 -78.2385
2331.853984 67.653 -78.5216
2348.751559 67.698 -78.9739
2365.771581 67.710 -79.4491
2382.914937 67.696 -79.8236
2400.182521 67.670 -80.0088
2417.575233 67.649 -79.9608
2435.093980 67.650 -79.6890
2452.739675 67.690 -79.2552
2470.513237 67.780 -78.7664
2488.415595 67.923 -78.3499
2506.447680 68.113 -78.1251
2524.610433 68.342 -78.1815
2542.904801 68.596 -78.5691
2561.331737 68.862 -79.3053
2579.892203 69.128 -80.3856
2598.587165 69.385 -81.7937
2617.417599 69.624 -83.5050
2636.384486 69.838 -85.4868
2655.488815 70.020 -87.6996
2674.731581 70.167 -90.0988
2694.113789 70.274 -92.6375
2713.636448 70.341 -95.2715
2733.300577 70.365 -97.9575
2753.107199 70.346 -100.6523
2773.057349 70.284 -103.3098
2793.152066 70.179 -105.8796
2813.392397 70.033 -108.3093
2833.779398 69.850 -110.5465
2854.314132 69.634 -112.5427
2874.997668 69.391 -114.2538
2895.831087 69.128 -115.6394
2916.815472 68.853 -116.6614
2937.951920 68.576 -117.2826
2959.241530 68.311 -117.4703
2980.685414 68.074 -117.2068
3002.284690 67.886 -116.5062
3024.040482 67.769 -115.4325
3045.953926 67.743 -114.1155
3068.026164 67.823 -112.7501
3090.258346 68.008 -111.5745
3112.651632 68.288 -110.8280
3135.207189 68.635 -110.6997
3157.926192 69.017 -111.2948
3180.809827 69.398 -112.6254
3203.859287 69.748 -114.6256
3227.075772 70.044 -117.1771
3250.460493 70.269 -120.1322
3274.014670 70.416 -123.3315
3297.739530 70.481 -126.6193
3321.636310 70.469 -129.8535
3345.706256 70.390 -132.9142
3369.950622 70.255 -135.7103
3394.370674 70.078 -138.1870
3418.967683 69.875 -140.3262
3443.742932 69.657 -142.1406
3468.697713 69.434 -143.6647
3493.833326 69.208 -144.9346
3519.151083 68.980 -145.9658
3544.652302 68.751 -146.7379
3570.338314 68.522 -147.1934
3596.210457 68.303 -147.2509
3622.270081 68.114 -146.8398
3648.518543 67.983 -145.9489
3674.957212 67.942 -144.6727
3701.587467 68.016 -143.2356
3728.410696 68.216 -141.9559
3755.428297 68.525 -141.1615
3782.641678 68.911 -141.0945
3810.052259 69.330 -141.8641
3837.661468 69.742 -143.4557
3865.470745 70.112 -145.7692
3893.481540 70.416 -148.6609
3921.695312 70.641 -151.9720
3950.113533 70.775 -155.5446
3978.737684 70.816 -159.2285
4007.569257 70.763 -162.8816
4036.609756 70.617 -166.3655
4065.860694 70.384 -169.5403
4095.323597 70.072 -172.2598
4125.000000 69.696 -174.3689
4154.891450 69.277 -175.7059
4184.999507 68.848 -176.1219
4215.325738 68.456 -175.5262
4245.871726 68.161 -173.9644
4276.639063 68.022 -171.6965
4307.629353 68.076 -169.2023
4338.844211 68.321 -167.0565
4370.285264 68.713 -165.7350
4401.954153 69.190 -165.4886
4433.852527 69.689 -166.3456
4465.982050 70.157 -168.1874
4498.344397 70.560 -170.8263
4530.941255 70.875 -174.0576
4563.774323 71.090 -177.6809
4596.845313 71.199 178.4911
4630.155949 71.201 174.6351
4663.707968 71.100 170.9198
4697.503118 70.905 167.5094
4731.543162 70.628 164.5643
4765.829875 70.289 162.2349
4800.365042 69.917 160.6429
4835.150466 69.549 159.8516
4870.187960 69.227 159.8243
4905.479349 68.990 160.3861
4941.026475 68.866 161.2274
4976.831190 68.855 161.9713
5012.895360 68.932 162.2877
5049.220866 69.053 161.9872
5085.809602 69.170 161.0522
5122.663475 69.240 159.6112
5159.784406 69.234 157.8906
5197.174331 69.140 156.1727
5234.835198 68.962 154.7625
5272.768972 68.720 153.9552
5310.977630 68.459 153.9868
5349.463163 68.238 154.9514
5388.227578 68.125 156.7057
5427.272896 68.173 158.8344
5466.601153 68.391 160.7581
5506.214398 68.745 161.9550
5546.114698 69.173 162.1344
5586.304131 69.608 161.2615
5626.784794 69.994 159.4816
5667.558796 70.297 157.0291
5708.628263 70.493 154.1704
5749.995337 70.577 151.1772
5791.662173 70.550 148.3131
5833.630945 70.428 145.8240
5875.903839 70.239 143.9170
5918.483061 70.018 142.7280
5961.370829 69.812 142.2764
6004.569379 69.664 142.4304
6048.080964 69.603 142.9211
6091.907852 69.637 143.4160
6136.052328 69.748 143.6255
6180.516692 69.905 143.3793
6225.303264 70.072 142.6442
6270.414377 70.219 141.4944
6315.852385 70.326 140.0693
6361.619655 70.384 138.5332
6407.718573 70.397 137.0410
6454.151543 70.376 135.7108
6500.920986 70.336 134.5996
6548.029339 70.296 133.6941
6595.479059 70.265 132.9220
6643.272619 70.248 132.1869
6691.412511 70.238 131.4094
6739.901245 70.224 130.5592
6788.741347 70.195 129.6667
6837.935366 70.143 128.8124
6887.485864 70.068 128.1050
6937.395426 69.978 127.6548
6987.666653 69.892 127.5405
7038.302166 69.831 127.7770
7089.304605 69.822 128.2880
7140.676628 69.879 128.9050
7192.420915 70.006 129.4076
7244.540162 70.190 129.5901
7297.037086 70.405 129.3242
7349.914425 70.621 128.5853
7403.174934 70.813 127.4399
7456.821392 70.963 126.0126
7510.856593 71.064 124.4518
7565.283356 71.117 122.9009
7620.104518 71.131 121.4771
7675.322937 71.120 120.2527
7730.941491 71.100 119.2454
7786.963080 71.085 118.4169
7843.390624 71.084 117.6896
7900.227066 71.098 116.9758
7957.475368 71.121 116.2096
8015.138515 71.146 115.3661
8073.219512 71.162 114.4659
8131.721389 71.169 113.5562
8190.647194 71.164 112.6890
8250.000000 71.153 111.8995
8309.782901 71.142 111.1943
8369.999013 71.135 110.5503
8430.651476 71.137 109.9291
8491.743452 71.141 109.2997
8553.278126 71.146 108.6562
8615.258705 71.148 108.0253
8677.688421 71.148 107.4534
8740.570528 71.152 106.9801
8803.908306 71.170 106.6083
8867.705054 71.212 106.2872
8931.964101 71.281 105.9221
8996.688794 71.375 105.4062
9061.882510 71.479 104.6609
9127.548646 71.580 103.6654
9193.690626 71.660 102.4609
9260.311899 71.712 101.1344
9327.415936 71.731 99.7906
9395.006237 71.724 98.5203
9463.086325 71.699 97.3774
9531.659749 71.668 96.3702
9600.730085 71.638 95.4685
9670.300933 71.615 94.6246
9740.375920 71.600 93.7944
9810.958699 71.590 92.9485
9882.052950 71.583 92.0715
9953.662379 71.575 91.1550
10025.790720 71.566 90.1912
10098.441732 71.550 89.1758
10171.619204 71.522 88.1173
10245.326950 71.480 87.0453
10319.568812 71.420 86.0133
10394.348662 71.345 85.0844
10469.670397 71.264 84.3074
10545.537944 71.189 83.6927
10621.955259 71.129 83.1996
10698.926326 71.091 82.7466
10776.455156 71.074 82.2402
10854.545793 71.069 81.6100
10933.202306 71.066 80.8311
11012.428797 71.052 79.9272
11092.229396 71.020 78.9568
11172.608262 70.968 77.9937
11253.569587 70.899 77.1073
11335.117592 70.820 76.3485
11417.256526 70.739 75.7418
11499.990673 70.668 75.2791
11583.324346 70.615 74.9189
11667.261890 70.586 74.5945
11751.807679 70.579 74.2261
11836.966122 70.591 73.7422
11922.741658 70.611 73.1005
12009.138758 70.628 72.2990
12096.161928 70.633 71.3765
12183.815704 70.621 70.3977
12272.104655 70.593 69.4316
12361.033384 70.555 68.5286
12450.606528 70.515 67.7042
12540.828755 70.481 66.9363
12631.704770 70.457 66.1754
12723.239310 70.443 65.3645
12815.437146 70.436 64.4580
12908.303087 70.427 63.4349
13001.841972 70.410 62.3015
13096.058679 70.377 61.0897
13190.958118 70.326 59.8483
13286.545239 70.257 58.6312
13382.825022 70.175 57.4841
13479.802489 70.085 56.4307
13577.482695 69.993 55.4666
13675.870731 69.906 54.5627
13774.971728 69.824 53.6802
13874.790852 69.745 52.7886
13975.333306 69.666 51.8789
14076.604332 69.586 50.9620
14178.609210 69.502 50.0616
14281.353257 69.418 49.2021
14384.841829 69.336 48.3967
14489.080323 69.262 47.6388
14594.074172 69.200 46.9005
14699.828849 69.153 46.1370
14806.349869 69.118 45.3025
14913.642783 69.090 44.3650
15021.713187 69.061 43.3174
15130.566713 69.027 42.1785
15240.209036 68.983 40.9843
15350.645874 68.930 39.7726
15461.882981 68.868 38.5732
15573.926159 68.803 37.4033
15686.781248 68.736 36.2681
15800.454132 68.672 35.1654
15914.950735 68.614 34.0891
16030.277029 68.563 33.0321
16146.439024 68.524 31.9847
16263.442778 68.499 30.9297
16381.294388 68.491 29.8373
16500.000000 68.500 28.6663
16619.565802 68.527 27.3702
16739.998026 68.566 25.9084
16861.302953 68.611 24.2578
16983.486905 68.655 22.4166
17106.556252 68.693 20.4001
17230.517410 68.720 18.2312
17355.376842 68.735 15.9375
17481.141057 68.737 13.5487
17607.816611 68.725 11.0730
17735.410109 68.698 8.5284
17863.928201 68.659 5.9856
17993.377589 68.613 3.4661
18123.765020 68.569 0.9592
18255.097293 68.531 -1.5493
18387.381253 68.506 -4.0927
18520.623797 68.496 -6.7178
18654.831872 68.500 -9.4752
18790.012473 68.516 -12.4073
18926.172650 68.541 -15.5433
19063.319498 68.568 -18.8987
19201.460170 68.594 -22.4773
19340.601866 68.615 -26.2787
19480.751839 68.630 -30.2996
19621.917398 68.634 -34.5365
19764.105900 68.628 -38.9860
19907.324758 68.609 -43.6479
20051.581440 68.573 -48.4707
20196.883465 68.517 -53.2820
20343.238408 68.448 -58.2832
20490.653899 68.366 -63.4805
20639.137624 68.272 -68.8831
20788.697323 68.162 -74.5017
20939.340794 68.031 -80.3452
21091.075889 67.873 -86.4189
21243.910519 67.675 -92.7188
21397.852652 67.423 -99.2300
21552.910313 67.095 -105.9243
21709.091586 66.664 -112.7603
21866.404612 66.095 -119.6846
22024.857594 65.345 -126.6394
22184.458791 64.361 -133.5640
22345.216524 63.077 -140.4026
22507.139175 61.410 -147.1069
22670.235183 59.261 -153.6394
22834.513052 56.507 -159.9741
22999.981347 52.998 -166.0967
23166.648693 48.561 -172.0054
23334.523779 43.017 -177.7051
23503.615358 36.255 176.7896
23673.932243 28.354 171.4614
23845.483315 20.036 166.2896
