* Measurement data measured by REW V5.40 beta 133
* Source: Trace Arithmetic result A * B
* Format: Trace Arithmetic result A * B
* Dated: Sep 1, 2026, 11:58:24 AM
* REW Settings:
*  C-weighting compensation: Off
*  Target level: 75.0 dB
* Note: ; Trace Arithmetic A times B A = R MPM.0 B = FRX-trimmed 
* Measurement: R.filtered
* Smoothing: 1/48 octave
* Frequency Step: 96 ppo
* Start Frequency: 16.113281 Hz
*
* Freq(Hz) SPL(dB) Phase(degrees)
16.113281 65.888 -140.4561
16.230045 67.005 -148.5872
16.347654 68.284 -157.1011
16.466116 69.375 -164.1491
16.585436 69.692 -170.7082
16.705621 69.761 -177.7358
16.826677 69.764 176.5817
16.948610 69.681 173.1941
17.071427 69.563 170.8783
17.195133 69.578 169.2607
17.319736 69.849 168.6258
17.445242 70.298 168.8366
17.571658 70.762 168.6309
17.698989 71.161 167.4695
17.827243 71.517 165.9429
17.956427 71.821 164.3515
18.086547 72.062 162.5711
18.217609 72.259 160.7292
18.349622 72.434 159.2359
18.482590 72.591 158.0995
18.616523 72.754 157.1329
18.751426 72.956 156.2430
18.887307 73.192 155.4703
19.024172 73.410 154.7145
19.162029 73.571 153.9335
19.300885 73.695 153.1337
19.440747 73.823 152.1926
19.581622 73.967 151.1424
19.723519 74.114 149.9050
19.866444 74.256 148.3069
20.010404 74.384 146.3759
20.155408 74.456 144.3847
20.301462 74.448 142.2046
20.448575 74.372 140.0467
20.596754 74.233 138.3994
20.746006 74.041 137.1321
20.896340 73.873 136.2429
21.047764 73.759 135.9687
21.200285 73.716 135.8831
21.353911 73.772 135.5065
21.508650 73.910 134.9803
21.664511 74.081 133.9667
21.821501 74.275 132.4441
21.979628 74.474 130.6981
22.138902 74.666 128.7897
22.299329 74.867 126.7986
22.460919 75.098 124.8610
22.623680 75.342 122.9521
22.787621 75.547 121.1208
22.952749 75.701 119.3201
23.119074 75.774 117.6331
23.286605 75.776 116.0558
23.455349 75.769 114.4777
23.625316 75.778 112.8923
23.796515 75.821 111.2211
23.968954 75.913 109.3838
24.142643 76.040 107.4744
24.317591 76.184 105.6002
24.493806 76.368 103.7524
24.671298 76.627 101.8989
24.850077 76.931 100.0567
25.030151 77.214 98.0822
25.211529 77.442 96.0334
25.394223 77.550 94.1357
25.578240 77.583 92.2916
25.763590 77.656 90.5350
25.950284 77.807 88.7557
26.138330 78.089 86.4276
26.327739 78.441 83.7574
26.518521 78.730 80.7412
26.710685 78.939 77.6420
26.904242 79.050 75.0454
27.099201 79.134 72.6415
27.295573 79.280 70.5000
27.493368 79.479 67.9193
27.692596 79.717 64.3829
27.893268 79.885 59.9654
28.095394 79.924 54.3382
28.298985 79.812 48.4869
28.504051 79.559 42.2666
28.710603 79.225 36.6633
28.918652 78.832 31.5212
29.128209 78.408 27.2446
29.339284 77.952 23.5449
29.551888 77.467 20.4293
29.766033 77.004 17.4543
29.981730 76.576 14.5787
30.198990 76.159 11.6232
30.417825 75.686 8.8011
30.638245 75.086 6.3987
30.860262 74.435 4.5317
31.083888 73.794 3.3210
31.309135 73.234 2.2755
31.536014 72.670 1.4832
31.764537 72.005 0.9153
31.994716 71.370 1.1277
32.226563 70.902 2.1510
32.460089 70.766 3.5864
32.695309 70.736 4.8723
32.932232 70.657 5.8289
33.170873 70.460 6.9078
33.411243 70.246 8.2269
33.653354 70.098 9.8401
33.897220 70.036 11.0514
34.142854 70.061 11.6072
34.390267 70.165 11.3287
34.639473 70.311 10.4120
34.890485 70.457 8.8702
35.143316 70.567 6.6951
35.397979 70.607 3.7051
35.654487 70.533 0.0791
35.912854 70.324 -3.9696
36.173093 69.979 -7.8594
36.435218 69.528 -10.8733
36.699243 69.010 -12.8607
36.965181 68.455 -13.6945
37.233046 67.843 -13.6237
37.502852 67.129 -12.4568
37.774613 66.436 -10.0330
38.048343 66.022 -6.4045
38.324057 66.020 -2.1462
38.601769 66.233 2.3968
38.881494 66.612 6.4827
39.163245 67.196 9.2655
39.447038 67.740 9.4108
39.732888 67.965 6.8333
40.020808 68.000 1.8250
40.310816 67.948 -5.1761
40.602924 67.875 -13.3509
40.897150 67.590 -21.2912
41.193508 67.038 -27.5779
41.492013 66.236 -30.8882
41.792681 65.303 -29.7205
42.095528 64.575 -23.7658
42.400570 64.643 -17.4064
42.707822 65.127 -14.6627
43.017300 65.532 -15.0664
43.329021 65.754 -16.8542
43.643001 65.920 -18.9084
43.959256 66.046 -21.5057
44.277803 66.097 -25.6228
44.598658 66.003 -30.9363
44.921839 65.678 -35.3805
45.247361 65.394 -36.0964
45.575242 65.675 -31.5929
45.905499 66.741 -24.9752
46.238149 68.282 -21.7526
46.573210 69.835 -24.0529
46.910698 71.130 -31.2672
47.250633 72.194 -42.0621
47.593030 73.079 -54.6130
47.937909 73.701 -67.0719
48.285287 74.068 -78.5817
48.635182 74.353 -89.4324
48.987612 74.667 -100.2905
49.342597 75.051 -111.3103
49.700154 75.505 -122.0665
50.060301 75.887 -132.3097
50.423059 76.057 -142.4678
50.788445 76.117 -153.4254
51.156479 76.229 -165.7196
51.527180 76.339 -178.8043
51.900567 76.313 168.3874
52.276660 76.116 156.1901
52.655478 75.730 144.1130
53.037042 75.128 131.8733
53.421370 74.328 120.1414
53.808483 73.344 109.9913
54.198402 72.156 101.8824
54.591146 70.755 95.6318
54.986736 69.219 91.0450
55.385192 67.729 88.1357
55.786536 66.341 87.0472
56.190788 64.927 88.1772
56.597970 63.460 91.7790
57.008102 62.012 97.2527
57.421206 60.621 104.3692
57.837304 59.538 114.5877
58.256417 59.328 127.1243
58.678567 60.115 136.7050
59.103776 61.312 142.2137
59.532067 62.445 147.3302
59.963460 63.559 154.3245
60.397980 64.880 162.0520
60.835649 66.536 168.1128
61.276489 68.515 171.0095
61.720524 70.643 169.9685
62.167776 72.636 165.0303
62.618270 74.299 157.1381
63.072027 75.535 147.8049
63.529073 76.296 138.5735
63.989431 76.706 130.3561
64.453125 76.955 123.0701
64.920179 77.158 116.3309
65.390617 77.414 109.9629
65.864465 77.703 103.5872
66.341746 77.933 96.5712
66.822485 78.031 88.6982
67.306709 77.937 80.5995
67.794441 77.647 73.2426
68.285707 77.214 66.9984
68.780534 76.732 61.4865
69.278946 76.232 56.0399
69.780970 75.626 50.3589
70.286631 74.795 44.6774
70.795957 73.722 39.6099
71.308974 72.484 35.7863
71.825708 71.145 33.3893
72.346187 69.646 32.4332
72.870437 67.897 33.5218
73.398486 65.887 38.8359
73.930362 64.131 56.9571
74.466092 64.438 102.4080
75.005704 67.057 130.1359
75.549226 70.042 134.1818
76.096687 72.624 131.0643
76.648115 74.757 125.7763
77.203539 76.551 119.3553
77.762987 78.095 111.8047
78.326490 79.443 103.1729
78.894076 80.603 93.3104
79.465775 81.517 81.8804
80.041617 82.083 68.8159
80.621631 82.216 54.8907
81.205849 81.869 41.2896
81.794300 81.066 29.5270
82.387015 79.950 20.5219
82.984025 78.733 14.3705
83.585362 77.546 10.3963
84.191056 76.445 7.9962
84.801139 75.463 6.7054
85.415643 74.661 6.3548
86.034600 74.113 6.5862
86.658042 73.806 6.3809
87.286002 73.640 4.6343
87.918512 73.499 0.4047
88.555606 73.167 -6.6263
89.197317 72.355 -15.5937
89.843677 70.853 -24.6074
90.494721 68.623 -30.7310
91.150484 65.776 -28.0475
91.810997 63.212 -1.2648
92.476298 62.848 33.2401
93.146419 64.111 42.4803
93.821397 65.268 39.3164
94.501265 65.957 33.4416
95.186060 66.264 34.5350
95.875818 66.563 42.2571
96.570573 66.939 46.2767
97.270363 67.167 45.2272
97.975225 67.068 43.0023
98.685194 66.723 41.5054
99.400307 66.325 42.2819
100.120603 65.863 45.0076
100.846118 65.331 49.3270
101.576890 65.180 58.2012
102.312958 65.820 70.7213
103.054360 67.019 79.1465
103.801135 68.209 81.4182
104.553320 69.126 81.2035
105.310957 69.939 81.8029
106.074084 70.957 83.7025
106.842740 72.183 83.9935
107.616967 73.351 80.8846
108.396804 74.244 75.7679
109.182291 74.884 70.8870
109.973471 75.416 66.7608
110.770384 75.876 62.1819
111.573072 76.195 56.8010
112.381577 76.322 51.7330
113.195940 76.359 48.3297
114.016204 76.523 46.7040
114.842413 76.916 44.6945
115.674608 77.390 40.4498
116.512834 77.696 34.4270
117.357134 77.713 27.7423
118.207552 77.469 21.6567
119.064133 77.095 17.2659
119.926921 76.742 14.4235
120.795961 76.480 11.5522
121.671298 76.215 7.3539
122.552979 75.764 2.2457
123.441048 75.014 -2.0001
124.335553 74.045 -3.2013
125.236539 73.152 -0.0302
126.144055 72.696 5.8920
127.058147 72.747 10.7169
127.978862 73.083 12.8519
128.906250 73.476 12.4917
129.840358 73.786 10.4997
130.781235 73.986 7.7218
131.728929 74.110 5.0813
132.683491 74.247 2.6593
133.644971 74.421 -1.3149
134.613417 74.445 -8.0919
135.588882 74.030 -17.1383
136.571415 72.942 -26.3749
137.561067 71.106 -31.4379
138.557891 68.929 -23.1862
139.561939 67.758 1.8443
140.573262 68.408 18.4896
141.591914 69.711 22.3015
142.617948 70.828 21.0773
143.651416 71.600 18.1632
144.692373 72.015 14.0769
145.740874 72.119 10.2702
146.796972 72.105 9.2603
147.860724 72.247 10.2281
148.932184 72.580 9.8036
150.011408 72.908 7.3870
151.098452 73.133 4.9239
152.193374 73.314 3.1760
153.296230 73.539 1.6860
154.407077 73.842 0.0632
155.525975 74.239 -1.7065
156.652980 74.726 -3.8151
157.788152 75.251 -7.2737
158.931550 75.705 -13.0275
160.083234 75.965 -20.4481
161.243263 75.989 -28.0592
162.411698 75.842 -35.0625
163.588600 75.608 -41.6705
164.774030 75.321 -48.3466
165.968051 74.960 -55.3842
167.170724 74.466 -62.8635
168.382112 73.793 -70.4059
169.602278 72.921 -77.2416
170.831286 71.853 -82.8646
172.069200 70.684 -86.5994
173.316084 69.629 -88.5002
174.572004 68.811 -90.4462
175.837025 68.107 -93.2164
177.111212 67.442 -94.6992
178.394633 67.093 -92.4382
179.687354 67.461 -89.6694
180.989443 68.416 -91.9600
182.300967 69.550 -99.5922
183.621995 70.645 -111.1656
184.952596 71.608 -125.5170
186.292838 72.389 -141.4819
187.642793 73.056 -157.4189
189.002530 73.725 -173.1804
190.372120 74.333 170.2871
191.751635 74.696 153.0076
193.141147 74.749 135.8657
194.540727 74.504 119.6471
195.950449 73.946 105.1941
197.370387 73.180 95.2517
198.800614 72.622 90.9880
200.241205 72.620 87.4323
201.692236 72.925 80.3420
203.153781 73.019 69.5737
204.625917 72.566 57.0620
206.108721 71.453 46.8503
207.602269 69.893 45.0377
209.106641 68.745 56.3351
210.621914 68.888 68.2748
212.148167 69.782 69.9795
213.685480 70.600 66.8484
215.233933 71.137 62.8232
216.793607 71.496 59.3184
218.364583 71.813 56.2695
219.946943 72.105 53.1808
221.540769 72.352 49.8385
223.146145 72.574 46.7651
224.763154 72.913 44.8480
226.391880 73.471 42.4473
228.032409 74.086 37.1627
229.684826 74.488 29.0103
231.349217 74.528 19.7548
233.025668 74.202 10.5360
234.714269 73.559 2.4587
236.415105 72.737 -2.6791
238.128266 71.971 -5.7102
239.853842 71.351 -10.2714
241.591922 70.674 -18.2468
243.342596 69.575 -29.8259
245.105957 67.724 -43.8502
246.882096 65.239 -53.8258
248.671105 64.091 66.8680
250.473079 66.230 84.3142
252.288110 69.124 75.2708
254.116293 71.305 61.0984
255.957725 72.577 44.4332
257.812500 72.985 27.6324
259.680716 72.677 13.1056
261.562469 71.814 1.5319
263.457859 70.430 -7.6958
265.366983 68.764 -8.7723
267.289941 68.149 17.3628
269.226835 69.474 37.0508
271.177763 71.062 29.4971
273.142829 71.860 15.3828
275.122135 71.818 2.1926
277.115783 71.100 -8.2369
279.123878 69.921 -13.9462
281.146525 68.623 -15.0891
283.183828 67.676 -11.2322
285.235895 67.840 2.6598
287.302832 69.004 7.6996
289.384747 69.886 -2.8164
291.481748 69.792 -17.4285
293.593945 68.770 -27.5984
295.721448 67.312 -29.3796
297.864367 66.049 -27.9288
300.022815 65.108 -29.7458
302.196904 64.546 -23.0273
304.386747 65.176 0.3597
306.592459 66.474 -3.0695
308.814155 67.120 -22.4894
311.051949 66.611 -47.2258
313.305960 64.868 -74.1931
315.576304 62.583 -129.3660
317.863100 62.059 76.7681
320.166467 63.806 62.1794
322.486525 65.758 49.2837
324.823396 66.964 33.9242
327.177200 67.261 18.8208
329.548061 67.021 10.2820
331.936102 67.131 11.4028
334.341448 67.882 7.8221
336.764224 68.496 -6.1591
339.204556 68.490 -24.1729
341.662572 67.862 -44.5978
344.138400 66.630 -71.0380
346.632169 64.701 -108.8610
349.144008 62.447 -174.5283
351.674050 61.227 120.2339
354.222425 62.092 96.0641
356.789266 64.181 87.4167
359.374709 66.106 74.1710
361.978886 67.231 55.9993
364.601934 67.408 36.3087
367.243990 66.542 17.2482
369.905191 64.621 6.4484
372.585677 62.459 24.9523
375.285586 62.538 59.2897
378.005060 65.338 105.9114
380.744241 68.358 104.9547
383.503270 70.417 88.1780
386.282293 71.478 70.7797
389.081454 72.046 58.9993
391.900899 72.770 53.2152
394.740774 73.468 41.5985
397.601228 73.307 21.9095
400.482411 72.028 5.7750
403.384471 70.763 20.6276
406.307562 71.407 58.4658
409.251834 72.826 49.6047
412.217441 73.438 31.9215
415.204539 73.109 17.3909
418.213282 72.126 7.7357
421.243828 70.936 6.8850
424.296334 70.554 17.7325
427.370960 71.430 24.5929
430.467867 72.436 16.5377
433.587214 72.551 0.1924
436.729166 71.496 -13.9224
439.893885 69.940 -0.4497
443.081538 69.618 27.0773
446.292289 70.761 28.4443
449.526307 72.433 26.6821
452.783760 74.081 19.8506
456.064818 75.129 4.0165
459.369652 75.271 -16.1692
462.698433 74.507 -37.8199
466.051337 72.834 -60.9935
469.428537 70.198 -72.3457
472.830210 67.084 -1.2261
476.256532 65.082 18.1233
479.707684 65.811 37.5378
483.183843 67.769 40.5815
486.685192 69.106 29.7786
490.211914 69.505 18.6199
493.764192 69.362 11.6278
497.342210 68.853 3.6117
500.946157 68.381 16.5073
504.576220 69.047 41.6895
508.232587 70.091 35.1560
511.915450 70.378 22.7538
515.625000 70.048 17.8843
519.361431 70.040 24.4733
523.124938 70.569 21.4163
526.915717 70.973 6.2462
530.733966 71.884 37.3822
534.579883 73.996 95.4757
538.453669 76.246 79.2722
542.355526 78.152 64.5031
546.285658 79.815 51.9830
550.244269 81.168 37.8054
554.231566 81.945 19.9785
558.247756 81.928 0.7079
562.293050 81.103 -16.5231
566.367657 79.691 -26.2345
570.471790 78.452 -23.4271
574.605664 77.850 -27.7490
578.769494 76.989 -40.3126
582.963496 75.317 -46.6219
587.187890 73.573 -37.4756
591.442895 73.423 -16.5122
595.728734 74.866 -9.6643
600.045630 76.222 -20.0177
604.393808 76.712 -37.8866
608.773495 76.124 -59.9852
613.184919 74.535 -76.5952
617.628309 73.149 -9.7712
622.103899 73.161 -3.1846
626.611920 73.297 -20.6423
631.152608 73.054 -25.6758
635.726200 73.337 -19.4856
640.332934 73.596 -30.3352
644.973051 72.735 -45.6560
649.646791 71.059 -50.0371
654.354400 70.666 -26.8785
659.096122 72.993 7.8622
663.872204 75.594 -0.7899
668.682895 76.968 -26.5089
673.528447 76.848 -56.6368
678.409112 75.401 -85.0386
683.325144 73.513 -115.8022
688.276800 72.334 177.4009
693.264337 71.803 93.0769
698.288016 71.675 55.8516
703.348099 72.333 40.7756
708.444849 74.266 40.1677
713.578533 77.105 47.4258
718.749417 79.563 34.9771
723.957772 80.841 11.3179
729.203868 80.828 -11.9082
734.487980 79.982 -27.3423
739.810383 78.951 -38.3330
745.171354 77.910 -47.9534
750.571172 76.925 -54.9182
756.010121 75.958 -63.9451
761.488482 74.704 -75.0225
767.006541 72.939 -81.7102
772.564587 71.174 -80.1848
778.162908 69.860 -93.8337
783.801797 69.254 12.3945
789.481548 70.619 32.1814
795.202457 72.864 17.2646
800.964822 74.556 0.8364
806.768943 75.411 -15.6934
812.615123 75.899 -26.5566
818.503667 76.655 -34.3762
824.434882 77.266 -51.8340
830.409077 76.997 -77.4834
836.426564 75.855 -103.9788
842.487656 74.678 -33.1484
848.592668 74.476 -21.6111
854.741921 74.280 -46.9771
860.935733 73.340 -63.6057
867.174428 72.584 -64.5500
873.458332 73.023 -64.2588
879.787771 73.810 -78.3784
886.163076 74.666 -89.6267
892.584579 76.352 -78.4661
899.052614 78.082 -97.3635
905.567520 78.732 -134.9419
912.129636 78.230 -173.9167
918.739303 76.951 149.0481
925.396867 75.081 116.3647
932.102674 72.931 92.3865
938.857074 71.318 80.2053
945.660420 71.303 73.5251
952.513065 72.528 61.2817
959.415367 73.302 34.8650
966.367686 72.580 4.0217
973.370385 70.438 -8.2834
980.423828 68.126 29.4368
987.528383 66.874 29.6577
994.684421 66.770 23.6516
1001.892314 68.034 44.7275
1009.152439 69.762 48.4934
1016.465174 70.588 36.2524
1023.830899 71.139 48.3762
1031.250000 71.586 28.8069
1038.722863 72.155 -6.5896
1046.249877 74.009 156.5544
1053.831435 76.127 116.3232
1061.467932 77.560 85.7278
1069.159766 78.439 63.0806
1076.907338 78.811 42.1704
1084.711053 78.355 23.3896
1092.571316 77.387 12.0776
1100.488538 76.228 2.2642
1108.463132 75.012 -0.4426
1116.495513 74.345 -1.2192
1124.586099 73.909 -11.7434
1132.735314 73.087 -21.3279
1140.943581 72.403 17.3540
1149.211328 72.715 27.7434
1157.538987 73.100 13.7800
1165.926992 73.018 8.0430
1174.375780 73.739 35.3401
1182.885791 75.413 35.7952
1191.457469 76.350 18.7781
1200.091261 76.138 5.4646
1208.787617 75.984 6.2495
1217.546990 76.657 3.7869
1226.369837 76.909 -12.3115
1235.256619 75.985 -24.9041
1244.207797 74.623 -21.2830
1253.223840 73.400 -24.3247
1262.305217 72.019 -24.6221
1271.452400 71.177 -12.5854
1280.665869 71.744 -1.3997
1289.946102 73.556 10.5776
1299.293583 75.383 4.5420
1308.708800 76.048 -12.9927
1318.192243 75.636 -23.5952
1327.744407 75.099 -27.8906
1337.365791 74.396 -38.8018
1347.056895 73.150 -47.3240
1356.818224 71.818 -44.1208
1366.650288 71.386 -31.7964
1376.553600 71.516 -33.0425
1386.528674 71.617 -39.5554
1396.576033 71.715 -48.5469
1406.696198 71.652 -55.6558
1416.889699 71.736 -23.5261
1427.157066 72.191 -26.6328
1437.498834 72.077 -43.9636
1447.915543 71.633 -57.6123
1458.407736 71.346 -75.3523
1468.975960 70.714 -102.1169
1479.620765 68.803 -130.1160
1490.342707 65.918 179.8489
1501.142345 63.756 59.6465
1512.020241 64.428 49.1006
1522.976963 67.121 50.2876
1534.013082 69.912 32.9563
1545.129173 71.861 0.1631
1556.325816 72.417 -48.3101
1567.603594 71.942 -126.6243
1578.963096 71.502 140.6914
1590.404914 71.817 99.2502
1601.929643 72.040 70.8083
1613.537886 71.451 48.4426
1625.230247 70.718 44.6575
1637.007335 71.183 61.1482
1648.869765 72.687 57.7373
1660.818155 73.530 37.9658
1672.853128 72.915 19.5125
1684.975311 71.823 32.8738
1697.185337 72.138 46.5391
1709.483841 73.202 38.1382
1721.871466 73.553 22.2307
1734.348856 73.265 27.2839
1746.916663 74.099 54.4412
1759.575541 75.650 46.9675
1772.326151 76.232 28.7368
1785.169157 75.875 17.1814
1798.105229 75.344 8.7185
1811.135040 74.625 0.2559
1824.259271 73.689 -3.1677
1837.478606 72.955 -1.0872
1850.793734 73.017 7.7749
1864.205348 73.454 4.9138
1877.714148 73.674 2.8921
1891.320839 73.579 -2.9253
1905.026130 73.178 -4.3386
1918.830734 73.315 -2.6721
1932.735373 73.795 -8.4585
1946.740770 74.085 -17.7939
1960.847656 73.791 -29.4866
1975.056766 72.758 -35.8982
1989.368842 71.348 -41.9004
2003.784629 70.616 -33.9597
2018.304878 71.925 7.6873
2032.930347 73.356 -5.5608
2047.661799 73.172 -33.7297
2062.500000 71.543 -56.1096
2077.445725 69.714 -74.1421
2092.499753 68.532 19.5857
2107.662869 68.301 21.5999
2122.935863 68.671 24.3799
2138.319531 69.425 25.9226
2153.814676 69.810 5.3345
2169.422105 68.848 -15.8862
2185.142632 67.096 -15.7561
2200.977076 67.168 54.6553
2216.926264 69.077 53.4319
2232.991025 70.135 31.5334
2249.172199 69.994 18.5029
2265.470628 70.300 38.1226
2281.887162 71.100 34.9460
2298.422657 70.964 21.6414
2315.077975 70.200 11.3223
2331.853984 69.631 10.5403
2348.751559 70.673 49.8333
2365.771581 72.704 52.0525
2382.914937 73.685 31.6138
2400.182521 73.107 15.5920
2417.575233 71.968 15.1709
2435.093980 71.172 16.2073
2452.739675 70.931 18.2378
2470.513237 71.294 17.2397
2488.415595 71.601 9.6133
2506.447680 71.299 0.2791
2524.610433 70.629 3.9045
2542.904801 70.432 7.8044
2561.331737 70.119 0.0754
2579.892203 69.605 5.8140
2598.587165 70.260 20.9316
2617.417599 71.396 14.6460
2636.384486 71.715 -0.7068
2655.488815 71.562 7.3394
2674.731581 71.668 19.6311
2694.113789 71.706 6.9204
2713.636448 71.250 -3.8062
2733.300577 70.734 10.4949
2753.107199 70.574 7.6826
2773.057349 70.094 0.3550
2793.152066 70.093 5.9829
2813.392397 70.075 -5.8816
2833.779398 69.194 -11.3984
2854.314132 68.656 25.9912
2874.997668 68.765 21.7471
2895.831087 68.548 10.6790
2916.815472 68.488 34.3074
2937.951920 69.621 53.7244
2959.241530 70.439 37.3015
2980.685414 70.057 25.6101
3002.284690 69.487 31.1011
3024.040482 69.567 38.5430
3045.953926 70.294 40.9729
3068.026164 71.218 36.1975
3090.258346 71.789 31.7192
3112.651632 72.417 33.2397
3135.207189 72.892 22.9531
3157.926192 72.498 9.6685
3180.809827 71.775 11.9043
3203.859287 71.937 16.7554
3227.075772 72.138 6.6824
3250.460493 71.591 1.3264
3274.014670 70.575 0.9062
3297.739530 69.632 0.1982
3321.636310 69.170 5.8955
3345.706256 69.235 12.5251
3369.950622 69.654 18.1892
3394.370674 70.422 22.4744
3418.967683 70.485 17.5073
3443.742932 70.441 23.3560
3468.697713 70.485 12.3745
3493.833326 69.828 0.7617
3519.151083 69.651 30.4497
3544.652302 70.546 40.4495
3570.338314 70.863 23.6384
3596.210457 70.523 15.8191
3622.270081 70.705 45.1738
3648.518543 71.851 46.4910
3674.957212 72.396 29.9238
3701.587467 72.359 33.3184
3728.410696 72.559 34.9695
3755.428297 72.402 21.7971
3782.641678 71.843 14.2471
3810.052259 71.568 18.2549
3837.661468 71.426 15.7629
3865.470745 71.282 19.8831
3893.481540 71.567 20.4592
3921.695312 71.409 9.8198
3950.113533 70.676 4.2041
3978.737684 70.137 13.7612
4007.569257 69.980 13.3425
4036.609756 69.712 7.6116
4065.860694 69.476 5.1213
4095.323597 69.204 -8.5259
4125.000000 68.676 -6.9944
4154.891450 69.026 82.4309
4184.999507 70.383 70.9099
4215.325738 71.566 61.0679
4245.871726 72.509 63.4219
4276.639063 73.689 59.8823
4307.629353 74.371 45.0928
4338.844211 74.470 35.1733
4370.285264 74.570 26.2588
4401.954153 74.307 12.8228
4433.852527 73.303 1.5598
4465.982050 71.692 4.0537
4498.344397 70.748 17.0884
4530.941255 71.028 18.1628
4563.774323 71.393 13.6470
4596.845313 71.443 14.8318
4630.155949 71.564 17.3042
4663.707968 71.317 1.7854
4697.503118 70.154 -7.7769
4731.543162 69.347 24.0312
4765.829875 69.813 60.4275
4800.365042 71.556 71.5701
4835.150466 72.968 56.0452
4870.187960 73.427 39.8833
4905.479349 73.388 30.1575
4941.026475 73.319 21.8062
4976.831190 73.066 15.7971
5012.895360 72.787 16.3523
5049.220866 72.218 9.4065
5085.809602 71.420 3.7180
5122.663475 70.425 -1.6228
5159.784406 69.532 0.9619
5197.174331 68.536 0.8391
5234.835198 67.802 30.8611
5272.768972 68.461 51.4868
5310.977630 69.646 62.8137
5349.463163 70.833 67.1025
5388.227578 71.937 57.4893
5427.272896 72.786 47.2822
5466.601153 73.090 46.1973
5506.214398 73.155 44.3818
5546.114698 73.205 37.0005
5586.304131 73.035 25.4602
5626.784794 72.263 12.5969
5667.558796 71.048 4.4390
5708.628263 70.323 3.1458
5749.995337 69.985 36.4141
5791.662173 69.799 60.4048
5833.630945 70.542 69.0557
5875.903839 71.955 68.1606
5918.483061 72.893 61.1736
5961.370829 73.191 52.6672
6004.569379 73.322 45.0312
6048.080964 73.591 36.2571
6091.907852 73.606 24.9043
6136.052328 73.353 25.5693
6180.516692 73.118 24.4363
6225.303264 72.656 18.6816
6270.414377 72.094 18.7869
6315.852385 70.971 37.5356
6361.619655 70.569 67.9189
6407.718573 71.970 72.8325
6454.151543 73.872 69.4009
6500.920986 75.237 57.0652
6548.029339 75.186 39.2773
6595.479059 73.749 33.8567
6643.272619 72.449 38.2397
6691.412511 72.415 42.2505
6739.901245 72.844 34.7590
6788.741347 72.862 23.3918
6837.935366 72.648 13.4053
6887.485864 72.502 11.5378
6937.395426 72.472 75.2998
6987.666653 72.815 74.0811
7038.302166 73.320 58.7244
7089.304605 73.156 43.2461
7140.676628 72.373 36.6814
7192.420915 71.797 40.8738
7244.540162 71.920 53.8157
7297.037086 72.353 50.3262
7349.914425 72.378 41.8945
7403.174934 72.233 47.0854
7456.821392 72.580 52.0615
7510.856593 73.019 68.5811
7565.283356 73.775 75.5640
7620.104518 74.658 68.0044
7675.322937 74.872 58.4314
7730.941491 74.931 53.1677
7786.963080 74.919 43.4417
7843.390624 74.582 34.8611
7900.227066 74.112 29.4680
7957.475368 73.739 24.2754
8015.138515 72.676 19.9133
8073.219512 71.473 44.3958
8131.721389 72.213 71.9534
8190.647194 74.168 82.8062
8250.000000 75.163 69.0786
8309.782901 75.145 54.7578
8369.999013 74.512 43.1628
8430.651476 73.625 34.5032
8491.743452 72.721 34.3711
8553.278126 72.055 47.1870
8615.258705 71.696 55.6956
8677.688421 71.868 62.2437
8740.570528 72.683 69.7805
8803.908306 73.726 67.2332
8867.705054 74.488 56.5391
8931.964101 74.403 40.9111
8996.688794 73.189 28.6687
9061.882510 71.464 27.0251
9127.548646 70.686 55.3408
9193.690626 71.388 72.7070
9260.311899 72.662 74.9609
9327.415936 74.180 74.6760
9395.006237 75.288 66.4058
9463.086325 75.792 53.0525
9531.659749 75.723 38.1704
9600.730085 74.896 25.4668
9670.300933 73.511 26.2678
9740.375920 72.747 48.4243
9810.958699 72.926 63.9092
9882.052950 73.414 63.4275
9953.662379 73.720 55.1416
10025.790720 73.780 46.7637
10098.441732 73.681 38.5015
10171.619204 73.106 29.8284
10245.326950 72.197 32.3079
10319.568812 71.989 61.2844
10394.348662 72.809 71.9097
10469.670397 73.719 63.6282
10545.537944 73.961 51.7747
10621.955259 73.387 41.1968
10698.926326 72.135 37.8257
10776.455156 70.910 42.0369
10854.545793 70.731 50.3530
10933.202306 72.077 68.1958
11012.428797 73.855 70.8357
11092.229396 74.626 53.6262
11172.608262 74.125 38.2224
11253.569587 72.901 35.6309
11335.117592 71.851 41.4006
11417.256526 71.121 42.3069
11499.990673 70.829 55.6741
11583.324346 71.556 65.5586
11667.261890 72.379 57.3496
11751.807679 72.375 45.2317
11836.966122 71.809 41.4438
11922.741658 71.252 44.4924
12009.138758 70.853 51.3521
12096.161928 71.029 59.8748
12183.815704 71.667 60.3018
12272.104655 72.156 52.9631
12361.033384 72.060 42.5205
12450.606528 71.307 39.7180
12540.828755 70.574 47.5242
12631.704770 70.406 52.9539
12723.239310 70.599 55.0308
12815.437146 70.813 52.8523
12908.303087 70.815 47.2913
13001.841972 70.675 43.8652
13096.058679 70.780 47.9255
13190.958118 71.089 53.6130
13286.545239 71.280 53.8486
13382.825022 71.245 49.5940
13479.802489 70.965 45.1731
13577.482695 70.570 43.7109
13675.870731 70.438 49.5156
13774.971728 70.783 53.5061
13874.790852 71.229 49.3513
13975.333306 71.091 42.2966
14076.604332 70.530 40.8179
14178.609210 70.035 43.6870
14281.353257 70.010 47.9678
14384.841829 70.492 48.3845
14489.080323 70.606 40.0020
14594.074172 69.800 34.3196
14699.828849 68.770 41.3723
14806.349869 68.559 49.6548
14913.642783 69.143 52.7961
15021.713187 69.666 47.1016
15130.566713 69.466 39.7473
15240.209036 69.222 48.1499
15350.645874 69.611 52.4038
15461.882981 69.958 47.7358
15573.926159 70.049 41.3391
15686.781248 69.656 33.5813
15800.454132 68.996 35.4185
15914.950735 68.673 44.0188
16030.277029 68.715 46.3589
16146.439024 68.960 45.2830
16263.442778 68.987 40.8257
16381.294388 68.804 40.9026
16500.000000 68.942 44.0190
16619.565802 69.260 41.2546
16739.998026 69.179 34.0947
16861.302953 68.653 31.7666
16983.486905 68.588 39.9155
17106.556252 69.419 43.0120
17230.517410 69.914 32.6484
17355.376842 69.325 22.2222
17481.141057 68.427 24.5759
17607.816611 68.509 35.3040
17735.410109 69.100 31.0684
17863.928201 69.032 21.5200
17993.377589 68.577 22.1958
18123.765020 68.805 29.8391
18255.097293 69.347 24.3870
18387.381253 69.136 13.7092
18520.623797 68.319 10.4531
18654.831872 68.133 19.1663
18790.012473 68.805 19.8965
18926.172650 69.186 11.4543
19063.319498 68.958 4.0051
19201.460170 68.503 0.6560
19340.601866 68.313 0.1663
19480.751839 68.312 -1.8833
19621.917398 68.338 -4.6934
19764.105900 68.358 -6.9458
19907.324758 68.630 -8.8193
20051.581440 68.811 -16.2454
20196.883465 68.573 -24.4451
20343.238408 68.082 -27.6975
20490.653899 67.991 -26.4009
20639.137624 68.198 -31.2393
20788.697323 68.180 -37.9971
20939.340794 68.202 -39.8621
21091.075889 68.602 -44.1926
21243.910519 68.777 -54.7202
21397.852652 68.477 -63.7483
21552.910313 68.180 -68.9932
21709.091586 68.080 -76.4443
21866.404612 67.887 -85.1670
22024.857594 67.788 -91.4006
22184.458791 67.938 -100.5806
22345.216524 67.881 -113.8496
22507.139175 67.423 -127.0059
22670.235183 66.805 -138.3518
22834.513052 66.216 -151.6689
22999.981347 65.360 -169.1038
23166.648693 63.905 170.6914
23334.523779 61.701 149.7383
23503.615358 58.895 129.2502
23673.932243 55.817 110.8711
23845.483315 53.009 99.9417
24018.277517 51.453 95.8459
