* Measurement data measured by REW V5.40 beta 133
* Source: 
* Format: 
* Dated: Sep 1, 2026, 11:57:12 AM
* REW Settings:
*  C-weighting compensation: Off
*  Target level: 75.0 dB
* Note: ; Minimum phase copy of Fr Cal file effects not included No LF tail No HF tail
* Measurement: Rfilter
* Smoothing: 1/48 octave
* Frequency Step: 96 ppo
* Start Frequency: 16.113281 Hz
*
* Freq(Hz) SPL(dB) Phase(degrees)
16.113281 0.000 -0.4357
16.230045 0.000 -0.4390
16.347654 -0.000 -0.4423
16.466116 -0.000 -0.4456
16.585436 -0.000 -0.4490
16.705621 0.000 -0.4524
16.826677 0.000 -0.4558
16.948610 0.000 -0.4593
17.071427 -0.000 -0.4628
17.195133 -0.000 -0.4663
17.319736 -0.000 -0.4698
17.445242 0.000 -0.4734
17.571658 0.000 -0.4770
17.698989 0.000 -0.4806
17.827243 -0.000 -0.4843
17.956427 -0.000 -0.4880
18.086547 -0.000 -0.4917
18.217609 0.000 -0.4955
18.349622 0.000 -0.4993
18.482590 -0.000 -0.5031
18.616523 -0.000 -0.5069
18.751426 -0.000 -0.5108
18.887307 0.000 -0.5147
19.024172 0.000 -0.5187
19.162029 0.000 -0.5227
19.300885 -0.000 -0.5267
19.440747 -0.000 -0.5307
19.581622 -0.000 -0.5348
19.723519 0.000 -0.5389
19.866444 0.000 -0.5431
20.010404 -0.000 -0.5473
20.155408 -0.000 -0.5515
20.301462 -0.000 -0.5558
20.448575 0.000 -0.5601
20.596754 0.000 -0.5644
20.746006 -0.000 -0.5688
20.896340 -0.000 -0.5732
21.047764 -0.000 -0.5777
21.200285 0.000 -0.5822
21.353911 0.000 -0.5867
21.508650 -0.000 -0.5913
21.664511 -0.000 -0.5959
21.821501 -0.000 -0.6006
21.979628 0.000 -0.6053
22.138902 -0.000 -0.6100
22.299329 -0.000 -0.6148
22.460919 -0.000 -0.6196
22.623680 0.000 -0.6245
22.787621 0.000 -0.6294
22.952749 -0.000 -0.6344
23.119074 -0.000 -0.6394
23.286605 -0.000 -0.6444
23.455349 0.000 -0.6495
23.625316 -0.000 -0.6547
23.796515 -0.000 -0.6598
23.968954 -0.000 -0.6651
24.142643 -0.000 -0.6704
24.317591 -0.000 -0.6757
24.493806 -0.000 -0.6811
24.671298 -0.000 -0.6865
24.850077 -0.000 -0.6920
25.030151 -0.000 -0.6976
25.211529 0.000 -0.7032
25.394223 0.000 -0.7088
25.578240 -0.000 -0.7145
25.763590 -0.000 -0.7202
25.950284 0.000 -0.7261
26.138330 -0.000 -0.7319
26.327739 -0.000 -0.7378
26.518521 -0.000 -0.7438
26.710685 0.000 -0.7499
26.904242 -0.000 -0.7560
27.099201 -0.000 -0.7621
27.295573 0.000 -0.7683
27.493368 0.000 -0.7746
27.692596 -0.000 -0.7810
27.893268 -0.000 -0.7874
28.095394 0.000 -0.7938
28.298985 0.000 -0.8004
28.504051 -0.000 -0.8070
28.710603 -0.000 -0.8137
28.918652 0.000 -0.8204
29.128209 -0.000 -0.8272
29.339284 -0.000 -0.8341
29.551888 0.000 -0.8410
29.766033 0.000 -0.8481
29.981730 -0.000 -0.8552
30.198990 -0.000 -0.8623
30.417825 0.000 -0.8696
30.638245 -0.000 -0.8769
30.860262 -0.000 -0.8843
31.083888 0.000 -0.8918
31.309135 0.000 -0.8993
31.536014 -0.000 -0.9070
31.764537 0.000 -0.9147
31.994716 0.000 -0.9225
32.226563 -0.000 -0.9304
32.460089 0.000 -0.9384
32.695309 0.000 -0.9465
32.932232 -0.000 -0.9547
33.170873 0.000 -0.9629
33.411243 0.000 -0.9713
33.653354 -0.000 -0.9797
33.897220 0.000 -0.9883
34.142854 0.000 -0.9969
34.390267 -0.000 -1.0056
34.639473 0.000 -1.0145
34.890485 0.000 -1.0234
35.143316 -0.000 -1.0325
35.397979 0.000 -1.0417
35.654487 0.000 -1.0509
35.912854 -0.000 -1.0603
36.173093 0.000 -1.0698
36.435218 0.000 -1.0794
36.699243 -0.000 -1.0892
36.965181 0.000 -1.0990
37.233046 -0.000 -1.1090
37.502852 -0.000 -1.1191
37.774613 0.000 -1.1293
38.048343 -0.000 -1.1397
38.324057 0.000 -1.1502
38.601769 0.000 -1.1608
38.881494 -0.000 -1.1716
39.163245 0.000 -1.1825
39.447038 -0.000 -1.1935
39.732888 -0.000 -1.2047
40.020808 0.000 -1.2161
40.310816 -0.000 -1.2276
40.602924 0.000 -1.2392
40.897150 -0.000 -1.2510
41.193508 -0.000 -1.2630
41.492013 0.000 -1.2752
41.792681 -0.000 -1.2875
42.095528 0.000 -1.3000
42.400570 -0.000 -1.3127
42.707822 0.000 -1.3255
43.017300 -0.000 -1.3386
43.329021 -0.000 -1.3518
43.643001 0.000 -1.3652
43.959256 -0.000 -1.3789
44.277803 0.000 -1.3927
44.598658 -0.000 -1.4068
44.921839 0.000 -1.4211
45.247361 -0.000 -1.4355
45.575242 -0.000 -1.4503
45.905499 0.000 -1.4652
46.238149 -0.000 -1.4804
46.573210 0.000 -1.4959
46.910698 -0.000 -1.5116
47.250633 0.000 -1.5275
47.593030 -0.000 -1.5437
47.937909 0.000 -1.5602
48.285287 -0.000 -1.5770
48.635182 0.000 -1.5941
48.987612 -0.000 -1.6115
49.342597 0.000 -1.6292
49.700154 -0.000 -1.6472
50.060301 0.000 -1.6655
50.423059 -0.000 -1.6841
50.788445 0.000 -1.7032
51.156479 -0.000 -1.7225
51.527180 0.000 -1.7423
51.900567 -0.000 -1.7624
52.276660 0.000 -1.7829
52.655478 -0.000 -1.8039
53.037042 0.000 -1.8252
53.421370 -0.000 -1.8470
53.808483 0.000 -1.8693
54.198402 -0.000 -1.8920
54.591146 0.000 -1.9152
54.986736 -0.000 -1.9389
55.385192 0.000 -1.9632
55.786536 -0.000 -1.9880
56.190788 0.000 -2.0133
56.597970 0.000 -2.0393
57.008102 -0.000 -2.0659
57.421206 0.000 -2.0931
57.837304 -0.000 -2.1210
58.256417 0.000 -2.1496
58.678567 -0.000 -2.1789
59.103776 0.000 -2.2091
59.532067 0.000 -2.2400
59.963460 -0.000 -2.2717
60.397980 0.000 -2.3044
60.835649 -0.000 -2.3380
61.276489 0.000 -2.3726
61.720524 0.000 -2.4083
62.167776 -0.000 -2.4450
62.618270 0.000 -2.4830
63.072027 -0.000 -2.5221
63.529073 -0.000 -2.5627
63.989431 0.000 -2.6046
64.453125 -0.000 -2.6480
64.920179 0.000 -2.6931
65.390617 0.000 -2.7399
65.864465 -0.000 -2.7886
66.341746 0.000 -2.8393
66.822485 -0.000 -2.8923
67.306709 -0.000 -2.9476
67.794441 0.000 -3.0056
68.285707 -0.000 -3.0665
68.780534 -0.000 -3.1307
69.278946 0.000 -3.1984
69.780970 -0.000 -3.2700
70.286631 -0.000 -3.3462
70.795957 0.000 -3.4276
71.308974 0.000 -3.5148
71.825708 -0.000 -3.6089
72.346187 -0.000 -3.7109
72.870437 0.000 -3.8225
73.398486 -0.000 -3.9456
73.930362 -0.000 -4.0829
74.466092 -0.000 -4.2383
75.005704 -0.000 -4.4171
75.549226 -0.000 -4.6279
76.096687 -0.001 -4.8844
76.648115 -0.004 -5.2176
77.203539 -0.017 -5.6964
77.762987 -0.058 -6.3960
78.326490 -0.155 -7.1954
78.894076 -0.315 -7.7075
79.465775 -0.502 -7.6577
80.041617 -0.674 -7.0896
80.621631 -0.810 -6.1864
81.205849 -0.899 -5.0810
81.794300 -0.936 -3.8706
82.387015 -0.920 -2.6382
82.984025 -0.851 -1.4703
83.585362 -0.730 -0.4634
84.191056 -0.564 0.2563
84.801139 -0.372 0.4864
85.415643 -0.195 0.0807
86.034600 -0.076 -0.7646
86.658042 -0.023 -1.5847
87.286002 -0.005 -2.1729
87.918512 -0.001 -2.5935
88.555606 -0.000 -2.9334
89.197317 -0.000 -3.2294
89.843677 -0.000 -3.4984
90.494721 -0.000 -3.7505
91.150484 0.000 -3.9925
91.810997 0.000 -4.2292
92.476298 -0.000 -4.4645
93.146419 -0.000 -4.7013
93.821397 -0.000 -4.9424
94.501265 -0.000 -5.1901
95.186060 -0.000 -5.4470
95.875818 -0.000 -5.7155
96.570573 -0.000 -5.9981
97.270363 -0.000 -6.2978
97.975225 -0.000 -6.6176
98.685194 -0.000 -6.9614
99.400307 -0.000 -7.3335
100.120603 -0.000 -7.7392
100.846118 -0.000 -8.1852
101.576890 -0.000 -8.6797
102.312958 -0.000 -9.2338
103.054360 -0.000 -9.8620
103.801135 -0.000 -10.5847
104.553320 -0.000 -11.4322
105.310957 -0.002 -12.4531
106.074084 -0.011 -13.7392
106.842740 -0.045 -15.4871
107.616967 -0.156 -17.9405
108.396804 -0.419 -20.8464
109.182291 -0.859 -23.2254
109.973471 -1.413 -24.3643
110.770384 -2.000 -24.3522
111.573072 -2.569 -23.4923
112.381577 -3.095 -21.9552
113.195940 -3.562 -19.8466
114.016204 -3.959 -17.3067
114.842413 -4.284 -14.4780
115.674608 -4.535 -11.4432
116.512834 -4.714 -8.2604
117.357134 -4.822 -4.9922
118.207552 -4.858 -1.7057
119.064133 -4.823 1.5308
119.926921 -4.722 4.6494
120.795961 -4.559 7.5843
121.671298 -4.340 10.2738
122.552979 -4.073 12.6646
123.441048 -3.770 14.7147
124.335553 -3.439 16.3981
125.236539 -3.093 17.7077
126.144055 -2.742 18.6564
127.058147 -2.393 19.2749
127.978862 -2.052 19.6053
128.906250 -1.721 19.6915
129.840358 -1.399 19.5662
130.781235 -1.083 19.2328
131.728929 -0.775 18.6386
132.683491 -0.485 17.6343
133.644971 -0.249 16.0842
134.613417 -0.099 14.2416
135.588882 -0.030 12.6291
136.571415 -0.007 11.4171
137.561067 -0.002 10.4828
138.557891 -0.000 9.7153
139.561939 -0.000 9.0585
140.573262 -0.000 8.4817
141.591914 -0.000 7.9652
142.617948 -0.000 7.4951
143.651416 -0.000 7.0607
144.692373 -0.000 6.6530
145.740874 -0.000 6.2638
146.796972 -0.000 5.8850
147.860724 -0.000 5.5069
148.932184 -0.000 5.1168
150.011408 -0.002 4.6926
151.098452 -0.011 4.1883
152.193374 -0.040 3.5244
153.296230 -0.110 2.7278
154.407077 -0.232 2.1267
155.525975 -0.381 2.0165
156.652980 -0.525 2.3732
157.788152 -0.639 3.0698
158.931550 -0.709 3.9982
160.083234 -0.726 5.0477
161.243263 -0.686 6.0978
162.411698 -0.592 7.0263
163.588600 -0.451 7.6804
164.774030 -0.288 7.8429
165.968051 -0.144 7.3906
167.170724 -0.055 6.6336
168.382112 -0.016 6.0023
169.602278 -0.004 5.5722
170.831286 -0.001 5.2622
172.069200 -0.000 5.0176
173.316084 -0.000 4.8134
174.572004 -0.000 4.6373
175.837025 -0.000 4.4818
177.111212 -0.000 4.3424
178.394633 -0.000 4.2157
179.687354 -0.000 4.0995
180.989443 -0.000 3.9921
182.300967 -0.000 3.8921
183.621995 -0.000 3.7986
184.952596 -0.000 3.7107
186.292838 -0.000 3.6278
187.642793 -0.000 3.5493
189.002530 -0.000 3.4748
190.372120 -0.000 3.4038
191.751635 -0.000 3.3361
193.141147 -0.000 3.2714
194.540727 -0.000 3.2095
195.950449 -0.000 3.1500
197.370387 -0.000 3.0929
198.800614 -0.000 3.0379
200.241205 -0.000 2.9850
201.692236 -0.000 2.9340
203.153781 -0.000 2.8847
204.625917 -0.000 2.8370
206.108721 -0.000 2.7910
207.602269 -0.000 2.7464
209.106641 -0.000 2.7032
210.621914 -0.000 2.6613
212.148167 -0.000 2.6206
213.685480 -0.000 2.5811
215.233933 -0.000 2.5428
216.793607 -0.000 2.5055
218.364583 -0.000 2.4692
219.946943 -0.000 2.4339
221.540769 -0.000 2.3996
223.146145 -0.000 2.3661
224.763154 -0.000 2.3334
226.391880 -0.000 2.3016
228.032409 -0.000 2.2706
229.684826 -0.000 2.2403
231.349217 -0.000 2.2107
233.025668 -0.000 2.1818
234.714269 -0.000 2.1536
236.415105 -0.000 2.1260
238.128266 -0.000 2.0990
239.853842 -0.000 2.0726
241.591922 -0.000 2.0468
243.342596 -0.000 2.0215
245.105957 -0.000 1.9968
246.882096 -0.000 1.9725
248.671105 -0.000 1.9488
250.473079 -0.000 1.9256
252.288110 -0.000 1.9028
254.116293 -0.000 1.8804
255.957725 -0.000 1.8585
257.812500 -0.000 1.8370
259.680716 -0.000 1.8160
261.562469 -0.000 1.7953
263.457859 -0.000 1.7750
265.366983 -0.000 1.7550
267.289941 -0.000 1.7355
269.226835 -0.000 1.7163
271.177763 -0.000 1.6974
273.142829 -0.000 1.6788
275.122135 -0.000 1.6606
277.115783 -0.000 1.6427
279.123878 -0.000 1.6251
281.146525 -0.000 1.6078
283.183828 -0.000 1.5907
285.235895 -0.000 1.5740
287.302832 -0.000 1.5575
289.384747 -0.000 1.5413
291.481748 -0.000 1.5254
293.593945 -0.000 1.5097
295.721448 -0.000 1.4942
297.864367 -0.000 1.4790
300.022815 -0.000 1.4640
302.196904 -0.000 1.4493
304.386747 -0.000 1.4347
306.592459 -0.000 1.4204
308.814155 -0.000 1.4063
311.051949 -0.000 1.3924
313.305960 -0.000 1.3788
315.576304 -0.000 1.3653
317.863100 -0.000 1.3520
320.166467 -0.000 1.3389
322.486525 -0.000 1.3259
324.823396 -0.000 1.3132
327.177200 -0.000 1.3006
329.548061 -0.000 1.2882
331.936102 -0.000 1.2760
334.341448 -0.000 1.2640
336.764224 -0.000 1.2521
339.204556 -0.000 1.2403
341.662572 -0.000 1.2287
344.138400 -0.000 1.2173
346.632169 -0.000 1.2060
349.144008 -0.000 1.1949
351.674050 -0.000 1.1839
354.222425 -0.000 1.1731
356.789266 -0.000 1.1624
359.374709 -0.000 1.1518
361.978886 -0.000 1.1413
364.601934 -0.000 1.1310
367.243990 -0.000 1.1208
369.905191 -0.000 1.1108
372.585677 -0.000 1.1008
375.285586 -0.000 1.0910
378.005060 -0.000 1.0813
380.744241 -0.000 1.0717
383.503270 -0.000 1.0623
386.282293 -0.000 1.0529
389.081454 -0.000 1.0437
391.900899 -0.000 1.0345
394.740774 -0.000 1.0255
397.601228 -0.000 1.0165
400.482411 -0.000 1.0077
403.384471 -0.000 0.9990
406.307562 -0.000 0.9904
409.251834 -0.000 0.9818
412.217441 -0.000 0.9734
415.204539 -0.000 0.9651
418.213282 -0.000 0.9568
421.243828 -0.000 0.9486
424.296334 -0.000 0.9406
427.370960 -0.000 0.9326
430.467867 -0.000 0.9247
433.587214 -0.000 0.9169
436.729166 -0.000 0.9092
439.893885 -0.000 0.9015
443.081538 -0.000 0.8940
446.292289 -0.000 0.8865
449.526307 -0.000 0.8791
452.783760 -0.000 0.8718
456.064818 -0.000 0.8645
459.369652 -0.000 0.8573
462.698433 -0.000 0.8502
466.051337 -0.000 0.8432
469.428537 -0.000 0.8363
472.830210 -0.000 0.8294
476.256532 -0.000 0.8226
479.707684 -0.000 0.8158
483.183843 -0.000 0.8091
486.685192 -0.000 0.8025
490.211914 -0.000 0.7960
493.764192 -0.000 0.7895
497.342210 -0.000 0.7831
500.946157 -0.000 0.7767
504.576220 -0.000 0.7705
508.232587 -0.000 0.7642
511.915450 -0.000 0.7581
515.625000 -0.000 0.7520
519.361431 -0.000 0.7459
523.124938 -0.000 0.7399
526.915717 -0.000 0.7340
530.733966 -0.000 0.7281
534.579883 -0.000 0.7223
538.453669 -0.000 0.7165
542.355526 -0.000 0.7108
546.285658 -0.000 0.7052
550.244269 -0.000 0.6996
554.231566 -0.000 0.6940
558.247756 -0.000 0.6885
562.293050 -0.000 0.6831
566.367657 -0.000 0.6777
570.471790 -0.000 0.6723
574.605664 -0.000 0.6670
578.769494 -0.000 0.6618
582.963496 -0.000 0.6566
587.187890 -0.000 0.6514
591.442895 -0.000 0.6463
595.728734 -0.000 0.6412
600.045630 -0.000 0.6362
604.393808 -0.000 0.6313
608.773495 -0.000 0.6263
613.184919 -0.000 0.6214
617.628309 -0.000 0.6166
622.103899 -0.000 0.6118
626.611920 -0.000 0.6071
631.152608 -0.000 0.6023
635.726200 -0.000 0.5977
640.332934 -0.000 0.5930
644.973051 -0.000 0.5885
649.646791 -0.000 0.5839
654.354400 -0.000 0.5794
659.096122 -0.000 0.5749
663.872204 -0.000 0.5705
668.682895 -0.000 0.5661
673.528447 -0.000 0.5618
678.409112 -0.000 0.5574
683.325144 -0.000 0.5532
688.276800 -0.000 0.5489
693.264337 -0.000 0.5447
698.288016 -0.000 0.5405
703.348099 -0.000 0.5364
708.444849 -0.000 0.5323
713.578533 -0.000 0.5282
718.749417 -0.000 0.5242
723.957772 -0.000 0.5202
729.203868 -0.000 0.5162
734.487980 -0.000 0.5123
739.810383 -0.000 0.5084
745.171354 -0.000 0.5045
750.571172 -0.000 0.5007
756.010121 -0.000 0.4969
761.488482 -0.000 0.4931
767.006541 -0.000 0.4894
772.564587 -0.000 0.4857
778.162908 -0.000 0.4820
783.801797 -0.000 0.4784
789.481548 -0.000 0.4748
795.202457 -0.000 0.4712
800.964822 -0.000 0.4676
806.768943 -0.000 0.4641
812.615123 -0.000 0.4606
818.503667 -0.000 0.4571
824.434882 -0.000 0.4537
830.409077 -0.000 0.4503
836.426564 -0.000 0.4469
842.487656 -0.000 0.4435
848.592668 -0.000 0.4402
854.741921 -0.000 0.4369
860.935733 -0.000 0.4336
867.174428 -0.000 0.4304
873.458332 -0.000 0.4271
879.787771 -0.000 0.4239
886.163076 -0.000 0.4208
892.584579 -0.000 0.4176
899.052614 -0.000 0.4145
905.567520 -0.000 0.4114
912.129636 -0.000 0.4083
918.739303 -0.000 0.4053
925.396867 -0.000 0.4022
932.102674 -0.000 0.3992
938.857074 -0.000 0.3963
945.660420 -0.000 0.3933
952.513065 -0.000 0.3904
959.415367 -0.000 0.3875
966.367686 -0.000 0.3846
973.370385 -0.000 0.3817
980.423828 -0.000 0.3789
987.528383 -0.000 0.3761
994.684421 -0.000 0.3733
1001.892314 -0.000 0.3705
1009.152439 -0.000 0.3677
1016.465174 -0.000 0.3650
1023.830899 -0.000 0.3623
1031.250000 -0.000 0.3596
1038.722863 -0.000 0.3569
1046.249877 -0.000 0.3543
1053.831435 -0.000 0.3517
1061.467932 -0.000 0.3491
1069.159766 -0.000 0.3465
1076.907338 -0.000 0.3439
1084.711053 -0.000 0.3414
1092.571316 -0.000 0.3388
1100.488538 -0.000 0.3363
1108.463132 -0.000 0.3338
1116.495513 -0.000 0.3314
1124.586099 -0.000 0.3289
1132.735314 -0.000 0.3265
1140.943581 -0.000 0.3241
1149.211328 -0.000 0.3217
1157.538987 -0.000 0.3193
1165.926992 -0.000 0.3170
1174.375780 -0.000 0.3146
1182.885791 -0.000 0.3123
1191.457469 -0.000 0.3100
1200.091261 -0.000 0.3077
1208.787617 -0.000 0.3054
1217.546990 -0.000 0.3032
1226.369837 -0.000 0.3010
1235.256619 -0.000 0.2987
1244.207797 -0.000 0.2965
1253.223840 -0.000 0.2944
1262.305217 -0.000 0.2922
1271.452400 -0.000 0.2900
1280.665869 -0.000 0.2879
1289.946102 -0.000 0.2858
1299.293583 -0.000 0.2837
1308.708800 -0.000 0.2816
1318.192243 -0.000 0.2795
1327.744407 -0.000 0.2775
1337.365791 -0.000 0.2754
1347.056895 -0.000 0.2734
1356.818224 -0.000 0.2714
1366.650288 -0.000 0.2694
1376.553600 -0.000 0.2674
1386.528674 -0.000 0.2655
1396.576033 -0.000 0.2635
1406.696198 -0.000 0.2616
1416.889699 -0.000 0.2597
1427.157066 -0.000 0.2578
1437.498834 -0.000 0.2559
1447.915543 -0.000 0.2540
1458.407736 -0.000 0.2521
1468.975960 -0.000 0.2503
1479.620765 -0.000 0.2484
1490.342707 -0.000 0.2466
1501.142345 -0.000 0.2448
1512.020241 -0.000 0.2430
1522.976963 -0.000 0.2412
1534.013082 -0.000 0.2395
1545.129173 -0.000 0.2377
1556.325816 -0.000 0.2360
1567.603594 -0.000 0.2342
1578.963096 -0.000 0.2325
1590.404914 -0.000 0.2308
1601.929643 -0.000 0.2291
1613.537886 -0.000 0.2274
1625.230247 -0.000 0.2258
1637.007335 -0.000 0.2241
1648.869765 -0.000 0.2225
1660.818155 -0.000 0.2208
1672.853128 -0.000 0.2192
1684.975311 -0.000 0.2176
1697.185337 -0.000 0.2160
1709.483841 -0.000 0.2144
1721.871466 -0.000 0.2129
1734.348856 -0.000 0.2113
1746.916663 -0.000 0.2098
1759.575541 -0.000 0.2082
1772.326151 -0.000 0.2067
1785.169157 -0.000 0.2052
1798.105229 -0.000 0.2037
1811.135040 -0.000 0.2022
1824.259271 -0.000 0.2007
1837.478606 -0.000 0.1992
1850.793734 -0.000 0.1978
1864.205348 -0.000 0.1963
1877.714148 -0.000 0.1949
1891.320839 -0.000 0.1935
1905.026130 -0.000 0.1920
1918.830734 -0.000 0.1906
1932.735373 -0.000 0.1892
1946.740770 -0.000 0.1878
1960.847656 -0.000 0.1865
1975.056766 -0.000 0.1851
1989.368842 -0.000 0.1837
2003.784629 -0.000 0.1824
2018.304878 -0.000 0.1811
2032.930347 -0.000 0.1797
2047.661799 -0.000 0.1784
2062.500000 -0.000 0.1771
2077.445725 -0.000 0.1758
2092.499753 -0.000 0.1745
2107.662869 -0.000 0.1732
2122.935863 -0.000 0.1720
2138.319531 -0.000 0.1707
2153.814676 -0.000 0.1695
2169.422105 -0.000 0.1682
2185.142632 -0.000 0.1670
2200.977076 -0.000 0.1658
2216.926264 -0.000 0.1645
2232.991025 -0.000 0.1633
2249.172199 -0.000 0.1621
2265.470628 -0.000 0.1609
2281.887162 -0.000 0.1598
2298.422657 -0.000 0.1586
2315.077975 -0.000 0.1574
2331.853984 -0.000 0.1563
2348.751559 -0.000 0.1551
2365.771581 -0.000 0.1540
2382.914937 -0.000 0.1528
2400.182521 -0.000 0.1517
2417.575233 -0.000 0.1506
2435.093980 -0.000 0.1495
2452.739675 -0.000 0.1484
2470.513237 -0.000 0.1473
2488.415595 -0.000 0.1462
2506.447680 -0.000 0.1452
2524.610433 -0.000 0.1441
2542.904801 -0.000 0.1430
2561.331737 -0.000 0.1420
2579.892203 -0.000 0.1409
2598.587165 -0.000 0.1399
2617.417599 -0.000 0.1389
2636.384486 -0.000 0.1378
2655.488815 -0.000 0.1368
2674.731581 -0.000 0.1358
2694.113789 -0.000 0.1348
2713.636448 -0.000 0.1338
2733.300577 -0.000 0.1328
2753.107199 -0.000 0.1318
2773.057349 -0.000 0.1309
2793.152066 -0.000 0.1299
2813.392397 -0.000 0.1289
2833.779398 -0.000 0.1280
2854.314132 -0.000 0.1270
2874.997668 -0.000 0.1261
2895.831087 -0.000 0.1252
2916.815472 -0.000 0.1243
2937.951920 -0.000 0.1233
2959.241530 -0.000 0.1224
2980.685414 -0.000 0.1215
3002.284690 -0.000 0.1206
3024.040482 -0.000 0.1197
3045.953926 -0.000 0.1188
3068.026164 -0.000 0.1180
3090.258346 -0.000 0.1171
3112.651632 -0.000 0.1162
3135.207189 -0.000 0.1153
3157.926192 -0.000 0.1145
3180.809827 -0.000 0.1136
3203.859287 -0.000 0.1128
3227.075772 -0.000 0.1120
3250.460493 -0.000 0.1111
3274.014670 -0.000 0.1103
3297.739530 -0.000 0.1095
3321.636310 -0.000 0.1087
3345.706256 -0.000 0.1079
3369.950622 -0.000 0.1071
3394.370674 -0.000 0.1063
3418.967683 -0.000 0.1055
3443.742932 -0.000 0.1047
3468.697713 -0.000 0.1039
3493.833326 -0.000 0.1031
3519.151083 -0.000 0.1023
3544.652302 -0.000 0.1016
3570.338314 -0.000 0.1008
3596.210457 -0.000 0.1001
3622.270081 -0.000 0.0993
3648.518543 -0.000 0.0986
3674.957212 -0.000 0.0978
3701.587467 -0.000 0.0971
3728.410696 -0.000 0.0964
3755.428297 -0.000 0.0957
3782.641678 -0.000 0.0949
3810.052259 -0.000 0.0942
3837.661468 -0.000 0.0935
3865.470745 -0.000 0.0928
3893.481540 -0.000 0.0921
3921.695312 -0.000 0.0914
3950.113533 -0.000 0.0907
3978.737684 -0.000 0.0900
4007.569257 -0.000 0.0894
4036.609756 -0.000 0.0887
4065.860694 -0.000 0.0880
4095.323597 -0.000 0.0874
4125.000000 -0.000 0.0867
4154.891450 -0.000 0.0860
4184.999507 -0.000 0.0854
4215.325738 -0.000 0.0847
4245.871726 -0.000 0.0841
4276.639063 -0.000 0.0835
4307.629353 -0.000 0.0828
4338.844211 -0.000 0.0822
4370.285264 -0.000 0.0816
4401.954153 -0.000 0.0809
4433.852527 -0.000 0.0803
4465.982050 -0.000 0.0797
4498.344397 -0.000 0.0791
4530.941255 -0.000 0.0785
4563.774323 -0.000 0.0779
4596.845313 -0.000 0.0773
4630.155949 -0.000 0.0767
4663.707968 -0.000 0.0761
4697.503118 -0.000 0.0755
4731.543162 -0.000 0.0750
4765.829875 -0.000 0.0744
4800.365042 -0.000 0.0738
4835.150466 -0.000 0.0732
4870.187960 -0.000 0.0727
4905.479349 -0.000 0.0721
4941.026475 -0.000 0.0716
4976.831190 -0.000 0.0710
5012.895360 -0.000 0.0705
5049.220866 -0.000 0.0699
5085.809602 -0.000 0.0694
5122.663475 -0.000 0.0688
5159.784406 -0.000 0.0683
5197.174331 -0.000 0.0678
5234.835198 -0.000 0.0672
5272.768972 -0.000 0.0667
5310.977630 -0.000 0.0662
5349.463163 -0.000 0.0657
5388.227578 -0.000 0.0652
5427.272896 -0.000 0.0647
5466.601153 -0.000 0.0641
5506.214398 -0.000 0.0636
5546.114698 -0.000 0.0631
5586.304131 -0.000 0.0626
5626.784794 -0.000 0.0621
5667.558796 -0.000 0.0617
5708.628263 -0.000 0.0612
5749.995337 -0.000 0.0607
5791.662173 -0.000 0.0602
5833.630945 -0.000 0.0597
5875.903839 -0.000 0.0593
5918.483061 -0.000 0.0588
5961.370829 -0.000 0.0583
6004.569379 -0.000 0.0578
6048.080964 -0.000 0.0574
6091.907852 -0.000 0.0569
6136.052328 -0.000 0.0565
6180.516692 -0.000 0.0560
6225.303264 -0.000 0.0556
6270.414377 -0.000 0.0551
6315.852385 -0.000 0.0547
6361.619655 -0.000 0.0542
6407.718573 -0.000 0.0538
6454.151543 -0.000 0.0533
6500.920986 -0.000 0.0529
6548.029339 -0.000 0.0525
6595.479059 -0.000 0.0521
6643.272619 -0.000 0.0516
6691.412511 -0.000 0.0512
6739.901245 -0.000 0.0508
6788.741347 -0.000 0.0504
6837.935366 -0.000 0.0500
6887.485864 -0.000 0.0495
6937.395426 -0.000 0.0491
6987.666653 -0.000 0.0487
7038.302166 -0.000 0.0483
7089.304605 -0.000 0.0479
7140.676628 -0.000 0.0475
7192.420915 -0.000 0.0471
7244.540162 -0.000 0.0467
7297.037086 -0.000 0.0463
7349.914425 -0.000 0.0459
7403.174934 -0.000 0.0455
7456.821392 -0.000 0.0452
7510.856593 -0.000 0.0448
7565.283356 -0.000 0.0444
7620.104518 -0.000 0.0440
7675.322937 -0.000 0.0436
7730.941491 -0.000 0.0433
7786.963080 -0.000 0.0429
7843.390624 -0.000 0.0425
7900.227066 -0.000 0.0422
7957.475368 -0.000 0.0418
8015.138515 -0.000 0.0414
8073.219512 -0.000 0.0411
8131.721389 -0.000 0.0407
8190.647194 -0.000 0.0404
8250.000000 -0.000 0.0400
8309.782901 -0.000 0.0396
8369.999013 -0.000 0.0393
8430.651476 -0.000 0.0389
8491.743452 -0.000 0.0386
8553.278126 -0.000 0.0383
8615.258705 -0.000 0.0379
8677.688421 -0.000 0.0376
8740.570528 -0.000 0.0372
8803.908306 -0.000 0.0369
8867.705054 -0.000 0.0366
8931.964101 -0.000 0.0362
8996.688794 -0.000 0.0359
9061.882510 -0.000 0.0356
9127.548646 -0.000 0.0352
9193.690626 -0.000 0.0349
9260.311899 -0.000 0.0346
9327.415936 -0.000 0.0343
9395.006237 -0.000 0.0339
9463.086325 -0.000 0.0336
9531.659749 -0.000 0.0333
9600.730085 -0.000 0.0330
9670.300933 -0.000 0.0327
9740.375920 -0.000 0.0324
9810.958699 -0.000 0.0321
9882.052950 -0.000 0.0317
9953.662379 -0.000 0.0314
10025.790720 -0.000 0.0311
10098.441732 -0.000 0.0308
10171.619204 -0.000 0.0305
10245.326950 -0.000 0.0302
10319.568812 -0.000 0.0299
10394.348662 -0.000 0.0296
10469.670397 -0.000 0.0293
10545.537944 -0.000 0.0290
10621.955259 -0.000 0.0287
10698.926326 -0.000 0.0284
10776.455156 -0.000 0.0282
10854.545793 -0.000 0.0279
10933.202306 -0.000 0.0276
11012.428797 -0.000 0.0273
11092.229396 -0.000 0.0270
11172.608262 -0.000 0.0267
11253.569587 -0.000 0.0264
11335.117592 -0.000 0.0262
11417.256526 -0.000 0.0259
11499.990673 -0.000 0.0256
11583.324346 -0.000 0.0253
11667.261890 -0.000 0.0250
11751.807679 -0.000 0.0248
11836.966122 -0.000 0.0245
11922.741658 -0.000 0.0242
12009.138758 -0.000 0.0239
12096.161928 -0.000 0.0237
12183.815704 -0.000 0.0234
12272.104655 -0.000 0.0231
12361.033384 -0.000 0.0229
12450.606528 -0.000 0.0226
12540.828755 -0.000 0.0223
12631.704770 -0.000 0.0221
12723.239310 -0.000 0.0218
12815.437146 -0.000 0.0215
12908.303087 -0.000 0.0213
13001.841972 -0.000 0.0210
13096.058679 -0.000 0.0208
13190.958118 -0.000 0.0205
13286.545239 -0.000 0.0202
13382.825022 -0.000 0.0200
13479.802489 -0.000 0.0197
13577.482695 -0.000 0.0195
13675.870731 -0.000 0.0192
13774.971728 -0.000 0.0190
13874.790852 -0.000 0.0187
13975.333306 -0.000 0.0185
14076.604332 -0.000 0.0182
14178.609210 -0.000 0.0180
14281.353257 -0.000 0.0177
14384.841829 -0.000 0.0175
14489.080323 -0.000 0.0172
14594.074172 -0.000 0.0170
14699.828849 -0.000 0.0167
14806.349869 -0.000 0.0165
14913.642783 -0.000 0.0162
15021.713187 -0.000 0.0160
15130.566713 -0.000 0.0157
15240.209036 -0.000 0.0155
15350.645874 -0.000 0.0152
15461.882981 -0.000 0.0150
15573.926159 -0.000 0.0147
15686.781248 -0.000 0.0145
15800.454132 -0.000 0.0143
15914.950735 -0.000 0.0140
16030.277029 -0.000 0.0138
16146.439024 -0.000 0.0135
16263.442778 -0.000 0.0133
16381.294388 -0.000 0.0131
16500.000000 -0.000 0.0128
16619.565802 -0.000 0.0126
16739.998026 -0.000 0.0123
16861.302953 -0.000 0.0121
16983.486905 -0.000 0.0119
17106.556252 -0.000 0.0116
17230.517410 -0.000 0.0114
17355.376842 -0.000 0.0111
17481.141057 -0.000 0.0109
17607.816611 -0.000 0.0107
17735.410109 -0.000 0.0104
17863.928201 -0.000 0.0102
17993.377589 -0.000 0.0099
18123.765020 -0.000 0.0097
18255.097293 -0.000 0.0095
18387.381253 -0.000 0.0092
18520.623797 -0.000 0.0090
18654.831872 -0.000 0.0087
18790.012473 -0.000 0.0085
18926.172650 -0.000 0.0083
19063.319498 -0.000 0.0080
19201.460170 -0.000 0.0078
19340.601866 -0.000 0.0075
19480.751839 -0.000 0.0073
19621.917398 -0.000 0.0071
19764.105900 -0.000 0.0068
19907.324758 -0.000 0.0066
20051.581440 -0.000 0.0063
20196.883465 -0.000 0.0061
20343.238408 -0.000 0.0058
20490.653899 -0.000 0.0056
20639.137624 -0.000 0.0054
20788.697323 -0.000 0.0051
20939.340794 -0.000 0.0049
21091.075889 -0.000 0.0046
21243.910519 -0.000 0.0044
21397.852652 -0.000 0.0041
21552.910313 -0.000 0.0039
21709.091586 -0.000 0.0036
21866.404612 -0.000 0.0034
22024.857594 -0.000 0.0031
22184.458791 -0.000 0.0029
22345.216524 -0.000 0.0026
22507.139175 -0.000 0.0023
22670.235183 -0.000 0.0021
22834.513052 -0.000 0.0018
22999.981347 -0.000 0.0016
23166.648693 -0.000 0.0013
23334.523779 -0.000 0.0010
23503.615358 -0.000 0.0008
23673.932243 -0.000 0.0007
23845.483315 -0.000 0.0007
24018.277517 -0.000 0.0009
