* Measurement data measured by REW V5.40 beta 133
* Source: EQ window target shape
* Format: 
* Dated: Aug 31, 2026, 3:05:52 PM
* REW Settings:
*  C-weighting compensation: Off
*  Target level: 75.0 dB
* Note: ; 
* Measurement: Target LR.RMS
* Smoothing: 1/48 octave
* Frequency Step: 96 ppo
* Start Frequency: 2.5 Hz
*
* Freq(Hz) SPL(dB)
2.500000 29.234
2.518116 29.437
2.536363 29.682
2.554743 29.932
2.573256 30.182
2.591902 30.433
2.610684 30.684
2.629603 30.935
2.648658 31.186
2.667851 31.437
2.687183 31.688
2.706656 31.938
2.726269 32.189
2.746025 32.440
2.765924 32.691
2.785967 32.942
2.806155 33.193
2.826490 33.443
2.846972 33.694
2.867602 33.945
2.888382 34.196
2.909312 34.447
2.930394 34.698
2.951629 34.949
2.973018 35.199
2.994561 35.450
3.016261 35.701
3.038118 35.952
3.060134 36.203
3.082309 36.454
3.104645 36.704
3.127142 36.955
3.149803 37.206
3.172627 37.457
3.195618 37.708
3.218774 37.959
3.242099 38.209
3.265592 38.460
3.289256 38.711
3.313092 38.962
3.337100 39.213
3.361282 39.464
3.385639 39.714
3.410173 39.965
3.434884 40.216
3.459775 40.467
3.484846 40.718
3.510098 40.968
3.535534 41.219
3.561154 41.470
3.586959 41.721
3.612952 41.972
3.639133 42.222
3.665504 42.473
3.692065 42.724
3.718820 42.975
3.745768 43.225
3.772911 43.476
3.800251 43.727
3.827789 43.978
3.855527 44.228
3.883466 44.479
3.911607 44.730
3.939952 44.981
3.968503 45.231
3.997260 45.482
4.026226 45.733
4.055402 45.983
4.084789 46.234
4.114389 46.485
4.144203 46.735
4.174234 46.986
4.204482 47.237
4.234949 47.487
4.265638 47.738
4.296548 47.988
4.327683 48.239
4.359043 48.489
4.390630 48.740
4.422447 48.991
4.454494 49.241
4.486773 49.491
4.519286 49.742
4.552034 49.992
4.585020 50.243
4.618245 50.493
4.651711 50.743
4.685419 50.994
4.719372 51.244
4.753570 51.494
4.788016 51.744
4.822712 51.994
4.857660 52.245
4.892860 52.495
4.928316 52.745
4.964029 52.995
5.000000 53.244
5.036232 53.494
5.072727 53.744
5.109486 53.994
5.146511 54.244
5.183805 54.493
5.221369 54.743
5.259205 54.992
5.297315 55.241
5.335702 55.491
5.374367 55.740
5.413312 55.989
5.452539 56.238
5.492050 56.487
5.531848 56.735
5.571934 56.984
5.612310 57.233
5.652979 57.481
5.693943 57.729
5.735204 57.977
5.776763 58.225
5.818624 58.473
5.860788 58.720
5.903258 58.967
5.946036 59.215
5.989123 59.461
6.032523 59.708
6.076237 59.954
6.120268 60.201
6.164618 60.446
6.209289 60.692
6.254284 60.937
6.299605 61.182
6.345255 61.427
6.391235 61.671
6.437549 61.915
6.484198 62.158
6.531185 62.401
6.578513 62.644
6.626183 62.886
6.674199 63.128
6.722563 63.369
6.771278 63.609
6.820345 63.849
6.869768 64.088
6.919549 64.327
6.969691 64.565
7.020197 64.802
7.071068 65.039
7.122308 65.274
7.173919 65.509
7.225904 65.743
7.278266 65.976
7.331007 66.208
7.384131 66.439
7.437639 66.669
7.491535 66.898
7.545822 67.125
7.600502 67.352
7.655579 67.577
7.711054 67.800
7.766932 68.022
7.823214 68.243
7.879904 68.462
7.937005 68.680
7.994520 68.896
8.052452 69.110
8.110803 69.322
8.169577 69.532
8.228777 69.740
8.288407 69.946
8.348468 70.150
8.408964 70.352
8.469899 70.551
8.531275 70.749
8.593096 70.943
8.655366 71.135
8.718086 71.324
8.781261 71.511
8.844893 71.695
8.908987 71.876
8.973545 72.054
9.038571 72.229
9.104069 72.401
9.170040 72.569
9.236490 72.735
9.303422 72.897
9.370838 73.056
9.438743 73.212
9.507140 73.364
9.576033 73.512
9.645425 73.658
9.715319 73.799
9.785721 73.937
9.856632 74.072
9.928057 74.202
10.000000 74.329
10.072464 74.453
10.145453 74.572
10.218971 74.689
10.293022 74.801
10.367610 74.910
10.442738 75.016
10.518410 75.118
10.594631 75.217
10.671404 75.312
10.748733 75.404
10.826623 75.492
10.905077 75.577
10.984100 75.659
11.063695 75.738
11.143867 75.814
11.224620 75.887
11.305959 75.957
11.387886 76.024
11.470408 76.088
11.553527 76.149
11.637249 76.208
11.721577 76.264
11.806516 76.317
11.892071 76.368
11.978246 76.417
12.065045 76.464
12.152474 76.509
12.240535 76.551
12.329235 76.592
12.418578 76.630
12.508568 76.667
12.599210 76.702
12.690510 76.735
12.782470 76.767
12.875097 76.797
12.968396 76.825
13.062370 76.852
13.157025 76.878
13.252366 76.902
13.348399 76.926
13.445127 76.948
13.542555 76.969
13.640690 76.989
13.739536 77.007
13.839099 77.025
13.939383 77.042
14.040393 77.057
14.142136 77.072
14.244615 77.087
14.347838 77.100
14.451808 77.113
14.556532 77.125
14.662014 77.137
14.768261 77.147
14.875278 77.157
14.983071 77.167
15.091644 77.176
15.201005 77.185
15.311157 77.193
15.422108 77.201
15.533863 77.208
15.646428 77.215
15.759808 77.221
15.874011 77.227
15.989040 77.233
16.104903 77.238
16.221606 77.243
16.339155 77.248
16.457555 77.253
16.576813 77.257
16.696935 77.261
16.817928 77.265
16.939798 77.269
17.062551 77.272
17.186193 77.275
17.310731 77.278
17.436172 77.281
17.562522 77.283
17.689787 77.286
17.817974 77.288
17.947091 77.290
18.077143 77.292
18.208137 77.294
18.340081 77.296
18.472981 77.298
18.606843 77.299
18.741676 77.300
18.877486 77.302
19.014280 77.303
19.152066 77.304
19.290849 77.305
19.430639 77.305
19.571441 77.306
19.713264 77.307
19.856114 77.308
20.000000 77.309
20.144928 77.309
20.290907 77.310
20.437943 77.311
20.586045 77.311
20.735220 77.311
20.885476 77.312
21.036820 77.312
21.189262 77.312
21.342808 77.312
21.497467 77.312
21.653246 77.312
21.810155 77.312
21.968200 77.312
22.127391 77.312
22.287735 77.312
22.449241 77.312
22.611917 77.312
22.775773 77.312
22.940815 77.311
23.107054 77.311
23.274497 77.311
23.443154 77.311
23.613033 77.311
23.784142 77.310
23.956492 77.310
24.130091 77.309
24.304947 77.309
24.481071 77.308
24.658471 77.308
24.837156 77.307
25.017137 77.306
25.198421 77.306
25.381019 77.305
25.564940 77.305
25.750195 77.304
25.936791 77.303
26.124740 77.302
26.314050 77.301
26.504733 77.301
26.696797 77.300
26.890253 77.299
27.085111 77.298
27.281381 77.297
27.479073 77.296
27.678198 77.295
27.878765 77.294
28.080786 77.293
28.284271 77.292
28.489231 77.291
28.695675 77.290
28.903616 77.289
29.113064 77.287
29.324029 77.286
29.536523 77.285
29.750557 77.284
29.966142 77.283
30.183289 77.281
30.402009 77.280
30.622315 77.279
30.844217 77.277
31.067726 77.276
31.292856 77.274
31.519617 77.272
31.748021 77.271
31.978080 77.269
32.209807 77.268
32.443212 77.266
32.678309 77.264
32.915110 77.262
33.153626 77.260
33.393871 77.258
33.635857 77.256
33.879596 77.254
34.125101 77.252
34.372386 77.250
34.621462 77.248
34.872344 77.246
35.125043 77.244
35.379574 77.242
35.635949 77.239
35.894182 77.237
36.154286 77.234
36.416274 77.232
36.680162 77.229
36.945961 77.226
37.213687 77.224
37.483353 77.221
37.754973 77.218
38.028561 77.215
38.304131 77.212
38.581699 77.209
38.861278 77.206
39.142882 77.203
39.426528 77.199
39.712229 77.196
40.000000 77.193
40.289856 77.189
40.581813 77.186
40.875886 77.182
41.172089 77.178
41.470439 77.174
41.770951 77.170
42.073641 77.166
42.378524 77.162
42.685616 77.158
42.994934 77.154
43.306493 77.149
43.620309 77.145
43.936400 77.140
44.254781 77.135
44.575470 77.130
44.898482 77.126
45.223835 77.121
45.551545 77.115
45.881631 77.110
46.214108 77.105
46.548994 77.099
46.886308 77.093
47.226065 77.088
47.568285 77.082
47.912984 77.076
48.260181 77.070
48.609894 77.064
48.962142 77.057
49.316942 77.050
49.674312 77.044
50.034273 77.037
50.396842 77.030
50.762038 77.022
51.129881 77.015
51.500389 77.008
51.873582 77.000
52.249480 76.992
52.628101 76.985
53.009466 76.977
53.393594 76.968
53.780506 76.960
54.170222 76.951
54.562762 76.942
54.958146 76.933
55.356395 76.924
55.757531 76.914
56.161573 76.905
56.568542 76.895
56.978461 76.885
57.391351 76.875
57.807232 76.864
58.226127 76.853
58.648058 76.842
59.073046 76.831
59.501113 76.820
59.932283 76.809
60.366577 76.797
60.804018 76.785
61.244629 76.773
61.688433 76.760
62.135453 76.748
62.585712 76.734
63.039234 76.721
63.496042 76.708
63.956161 76.694
64.419613 76.680
64.886424 76.666
65.356618 76.652
65.830219 76.637
66.307252 76.622
66.787742 76.606
67.271713 76.591
67.759192 76.575
68.250203 76.558
68.744772 76.542
69.242925 76.525
69.744688 76.508
70.250086 76.491
70.759147 76.473
71.271897 76.455
71.788363 76.437
72.308571 76.418
72.832549 76.399
73.360323 76.380
73.891923 76.360
74.427374 76.341
74.966705 76.321
75.509945 76.300
76.057121 76.279
76.608262 76.258
77.163398 76.237
77.722555 76.215
78.285765 76.193
78.853056 76.170
79.424458 76.148
80.000000 76.125
80.579713 76.101
81.163627 76.078
81.751772 76.054
82.344179 76.029
82.940879 76.004
83.541903 75.980
84.147282 75.954
84.757048 75.929
85.371232 75.902
85.989867 75.876
86.612985 75.849
87.240619 75.822
87.872800 75.795
88.509563 75.768
89.150939 75.740
89.796964 75.712
90.447670 75.683
91.103091 75.654
91.763261 75.625
92.428216 75.595
93.097989 75.565
93.772615 75.536
94.452130 75.505
95.136569 75.475
95.825968 75.444
96.520362 75.412
97.219789 75.381
97.924283 75.350
98.633883 75.318
99.348625 75.286
100.068546 75.254
100.793684 75.221
101.524077 75.188
102.259762 75.155
103.000778 75.121
103.747164 75.088
104.498959 75.054
105.256202 75.021
106.018931 74.987
106.787188 74.953
107.561012 74.918
108.340444 74.884
109.125523 74.850
109.916292 74.815
110.712791 74.780
111.515061 74.744
112.323145 74.709
113.137085 74.674
113.956923 74.639
114.782702 74.604
115.614465 74.569
116.452255 74.533
117.296116 74.498
118.146092 74.462
119.002227 74.426
119.864566 74.391
120.733154 74.355
121.608036 74.320
122.489258 74.284
123.376866 74.249
124.270906 74.213
125.171424 74.178
126.078468 74.143
126.992084 74.107
127.912321 74.072
128.839227 74.037
129.772849 74.002
130.713236 73.967
131.660438 73.932
132.614504 73.898
133.575483 73.863
134.543426 73.829
135.518384 73.795
136.500406 73.760
137.489544 73.727
138.485850 73.693
139.489375 73.660
140.500173 73.626
141.518295 73.593
142.543795 73.561
143.576726 73.528
144.617142 73.495
145.665098 73.463
146.720647 73.431
147.783845 73.400
148.854748 73.368
149.933411 73.337
151.019890 73.306
152.114242 73.275
153.216525 73.245
154.326795 73.215
155.445111 73.185
156.571530 73.155
157.706112 73.126
158.848915 73.097
160.000000 73.068
161.159426 73.040
162.327254 73.012
163.503544 72.984
164.688358 72.957
165.881758 72.930
167.083805 72.903
168.294563 72.876
169.514095 72.850
170.742464 72.825
171.979734 72.799
173.225970 72.773
174.481237 72.749
175.745600 72.725
177.019125 72.700
178.301879 72.676
179.593928 72.653
180.895339 72.630
182.206182 72.607
183.526523 72.584
184.856431 72.562
186.195977 72.541
187.545230 72.519
188.904260 72.497
190.273138 72.477
191.651936 72.456
193.040725 72.436
194.439578 72.416
195.848567 72.396
197.267766 72.377
198.697250 72.358
200.137092 72.340
201.587368 72.321
203.048153 72.303
204.519524 72.285
206.001557 72.268
207.494329 72.251
208.997918 72.234
210.512403 72.217
212.037863 72.201
213.574377 72.185
215.122025 72.170
216.680888 72.154
218.251047 72.139
219.832584 72.124
221.425581 72.109
223.030122 72.095
224.646290 72.080
226.274170 72.067
227.913846 72.054
229.565404 72.040
231.228929 72.027
232.904509 72.015
234.592231 72.002
236.292183 71.990
238.004454 71.978
239.729132 71.966
241.466308 71.954
243.216073 71.943
244.978517 71.932
246.753732 71.921
248.541811 71.910
250.342848 71.899
252.156935 71.889
253.984168 71.879
255.824642 71.869
257.678453 71.860
259.545697 71.850
261.426473 71.841
263.320877 71.831
265.229008 71.822
267.150967 71.813
269.086853 71.805
271.036767 71.797
273.000811 71.789
274.979088 71.781
276.971700 71.773
278.978751 71.765
281.000346 71.757
283.036590 71.750
285.087590 71.743
287.153452 71.736
289.234284 71.729
291.330195 71.722
293.441294 71.716
295.567690 71.709
297.709496 71.703
299.866821 71.697
302.039780 71.691
304.228485 71.685
306.433050 71.679
308.653590 71.673
310.890221 71.668
313.143060 71.662
315.412224 71.657
317.697831 71.651
320.000000 71.646
322.318852 71.641
324.654507 71.636
327.007088 71.632
329.376716 71.627
331.763515 71.622
334.167610 71.618
336.589127 71.614
339.028190 71.610
341.484928 71.606
343.959469 71.602
346.451941 71.598
348.962474 71.594
351.491200 71.590
354.038251 71.587
356.603758 71.583
359.187855 71.579
361.790679 71.576
364.412363 71.572
367.053045 71.569
369.712863 71.566
372.391955 71.562
375.090460 71.559
377.808521 71.556
380.546277 71.553
383.303872 71.551
386.081450 71.548
388.879155 71.545
391.697134 71.542
394.535533 71.540
397.394500 71.537
400.274184 71.535
403.174736 71.532
406.096306 71.530
409.039048 71.528
412.003113 71.525
414.988657 71.523
417.995836 71.521
421.024807 71.519
424.075726 71.517
427.148753 71.515
430.244049 71.513
433.361775 71.511
436.502093 71.509
439.665167 71.507
442.851162 71.505
446.060244 71.503
449.292581 71.502
452.548340 71.500
455.827692 71.498
459.130807 71.496
462.457858 71.495
465.809019 71.493
469.184463 71.492
472.584367 71.490
476.008908 71.489
479.458265 71.488
482.932617 71.486
486.432146 71.485
489.957033 71.484
493.507464 71.483
497.083623 71.481
500.685695 71.480
504.313870 71.479
507.968337 71.478
511.649285 71.476
515.356906 71.475
519.091395 71.474
522.852945 71.473
526.641753 71.472
530.458016 71.471
534.301934 71.470
538.173706 71.469
542.073534 71.468
546.001623 71.467
549.958175 71.466
553.943399 71.465
557.957501 71.465
562.000691 71.464
566.073180 71.463
570.175180 71.462
574.306904 71.462
578.468569 71.461
582.660390 71.460
586.882588 71.459
591.135381 71.459
595.418991 71.458
599.733643 71.457
604.079560 71.457
608.456970 71.456
612.866100 71.456
617.307180 71.455
621.780442 71.454
626.286120 71.454
630.824447 71.453
635.395661 71.452
640.000000 71.452
644.637704 71.451
649.309014 71.451
654.014175 71.450
658.753431 71.450
663.527030 71.449
668.335221 71.449
673.178253 71.449
678.056380 71.448
682.969856 71.448
687.918938 71.448
692.903882 71.447
697.924949 71.447
702.982401 71.446
708.076501 71.446
713.207515 71.445
718.375711 71.445
723.581357 71.444
728.824726 71.444
734.106091 71.444
739.425726 71.443
744.783910 71.443
750.180921 71.443
755.617041 71.443
761.092554 71.442
766.607744 71.442
772.162900 71.442
777.758310 71.442
783.394268 71.441
789.071066 71.441
794.789000 71.441
800.548368 71.441
806.349472 71.440
812.192613 71.440
818.078095 71.440
824.006226 71.440
829.977315 71.439
835.991673 71.439
842.049613 71.439
848.151452 71.439
854.297507 71.438
860.488099 71.438
866.723550 71.438
873.004186 71.438
879.330334 71.437
885.702324 71.437
892.120489 71.437
898.585161 71.437
905.096680 71.437
911.655384 71.437
918.261614 71.437
924.915716 71.437
931.618037 71.436
938.368925 71.436
945.168733 71.436
952.017816 71.436
958.916529 71.436
965.865234 71.436
972.864291 71.436
979.914067 71.435
987.014928 71.434
994.167245 71.433
1001.371391 71.431
1008.627741 71.422
1015.936673 71.412
1023.298569 71.401
1030.713812 71.391
1038.182790 71.380
1045.705890 71.370
1053.283506 71.359
1060.916032 71.349
1068.603867 71.338
1076.347412 71.328
1084.147069 71.317
1092.003245 71.307
1099.916351 71.296
1107.886798 71.285
1115.915003 71.275
1124.001383 71.264
1132.146360 71.254
1140.350359 71.243
1148.613808 71.233
1156.937137 71.222
1165.320781 71.212
1173.765175 71.202
1182.270762 71.191
1190.837983 71.181
1199.467286 71.171
1208.159120 71.160
1216.913939 71.150
1225.732199 71.139
1234.614360 71.128
1243.560885 71.118
1252.572239 71.107
1261.648894 71.097
1270.791322 71.086
1280.000000 71.076
1289.275408 71.065
1298.618029 71.055
1308.028350 71.044
1317.506863 71.034
1327.054061 71.024
1336.670442 71.014
1346.356507 71.003
1356.112761 70.993
1365.939713 70.982
1375.837875 70.971
1385.807763 70.961
1395.849898 70.950
1405.964802 70.940
1416.153002 70.929
1426.415031 70.919
1436.751422 70.908
1447.162715 70.898
1457.649452 70.887
1468.212181 70.877
1478.851452 70.867
1489.567819 70.856
1500.361842 70.846
1511.234082 70.836
1522.185107 70.825
1533.215488 70.814
1544.325799 70.804
1555.516621 70.794
1566.788535 70.783
1578.142131 70.773
1589.577999 70.763
1601.096737 70.752
1612.698944 70.742
1624.385225 70.731
1636.156190 70.721
1648.012452 70.710
1659.954630 70.700
1671.983345 70.689
1684.099226 70.679
1696.302903 70.668
1708.595013 70.658
1720.976197 70.648
1733.447100 70.637
1746.008372 70.627
1758.660669 70.616
1771.404649 70.606
1784.240977 70.595
1797.170323 70.585
1810.193360 70.574
1823.310767 70.564
1836.523229 70.553
1849.831433 70.543
1863.236074 70.533
1876.737851 70.522
1890.337467 70.512
1904.035631 70.501
1917.833058 70.491
1931.730467 70.480
1945.728583 70.470
1959.828134 70.460
1974.029857 70.449
1988.334491 70.439
2002.742782 70.429
2017.255482 70.418
2031.873347 70.408
2046.597138 70.397
2061.427625 70.387
2076.365579 70.376
2091.411780 70.366
2106.567012 70.355
2121.832065 70.345
2137.207735 70.334
2152.694823 70.324
2168.294137 70.314
2184.006490 70.303
2199.832702 70.293
2215.773596 70.282
2231.830005 70.272
2248.002765 70.261
2264.292720 70.251
2280.700718 70.241
2297.227616 70.230
2313.874274 70.220
2330.641561 70.210
2347.530351 70.199
2364.541523 70.189
2381.675966 70.178
2398.934572 70.168
2416.318240 70.157
2433.827878 70.147
2451.464399 70.137
2469.228720 70.126
2487.121769 70.116
2505.144479 70.105
2523.297789 70.095
2541.582644 70.085
2560.000000 70.074
2578.550815 70.064
2597.236057 70.054
2616.056701 70.043
2635.013726 70.033
2654.108121 70.022
2673.340883 70.011
2692.713013 70.001
2712.225522 69.990
2731.879426 69.980
2751.675750 69.969
2771.615527 69.959
2791.699796 69.949
2811.929603 69.939
2832.306004 69.928
2852.830061 69.918
2873.502844 69.907
2894.325430 69.897
2915.298905 69.886
2936.424363 69.876
2957.702904 69.866
2979.135638 69.855
3000.723683 69.845
3022.468164 69.834
3044.370214 69.824
3066.430976 69.813
3088.651599 69.803
3111.033242 69.793
3133.577071 69.782
3156.284262 69.772
3179.155999 69.762
3202.193474 69.751
3225.397888 69.741
3248.770450 69.730
3272.312380 69.720
3296.024905 69.709
3319.909260 69.699
3343.966691 69.689
3368.198452 69.678
3392.605806 69.668
3417.190027 69.657
3441.952394 69.647
3466.894200 69.636
3492.016745 69.626
3517.321337 69.615
3542.809298 69.605
3568.481954 69.594
3594.340646 69.584
3620.386720 69.574
3646.621534 69.563
3673.046457 69.553
3699.662866 69.542
3726.472148 69.532
3753.475701 69.521
3780.674934 69.511
3808.071263 69.501
3835.666117 69.490
3863.460935 69.480
3891.457165 69.470
3919.656268 69.459
3948.059713 69.449
3976.668981 69.438
4005.485564 69.428
4034.510963 69.417
4063.746693 69.407
4093.194277 69.397
4122.855250 69.386
4152.731158 69.376
4182.823560 69.365
4213.134024 69.355
4243.664130 69.345
4274.415470 69.334
4305.389646 69.324
4336.588274 69.314
4368.012981 69.303
4399.665403 69.293
4431.547192 69.282
4463.660010 69.272
4496.005531 69.261
4528.585440 69.251
4561.401437 69.241
4594.455232 69.230
4627.748549 69.220
4661.283122 69.209
4695.060701 69.199
4729.083046 69.188
4763.351932 69.178
4797.869143 69.168
4832.636481 69.157
4867.655757 69.147
4902.928797 69.137
4938.457440 69.126
4974.243539 69.116
5010.288958 69.105
5046.595577 69.095
5083.165289 69.084
5120.000000 69.074
5157.101631 69.063
5194.472115 69.053
5232.113401 69.042
5270.027452 69.032
5308.216243 69.022
5346.681766 69.011
5385.426026 69.001
5424.451043 68.990
5463.758851 68.980
5503.351500 68.969
5543.231054 68.959
5583.399591 68.949
5623.859206 68.938
5664.612008 68.928
5705.660122 68.918
5747.005687 68.907
5788.650860 68.896
5830.597810 68.886
5872.848725 68.876
5915.405808 68.866
5958.271277 68.855
6001.447367 68.845
6044.936328 68.834
6088.740429 68.824
6132.861952 68.813
6177.303198 68.803
6222.066483 68.793
6267.154142 68.782
6312.568524 68.772
6358.311998 68.761
6404.386948 68.751
6450.795775 68.740
6497.540901 68.730
6544.624761 68.720
6592.049809 68.709
6639.818520 68.699
6687.933382 68.689
6736.396904 68.678
6785.211613 68.668
6834.380053 68.657
6883.904789 68.647
6933.788400 68.636
6984.033489 68.626
7034.642675 68.616
7085.618596 68.605
7136.963909 68.595
7188.681291 68.584
7240.773439 68.574
7293.243069 68.563
7346.092914 68.553
7399.325732 68.542
7452.944296 68.532
7506.951403 68.521
7561.349867 68.511
7616.142525 68.501
7671.332234 68.490
7726.921869 68.480
7782.914330 68.470
7839.312536 68.459
7896.119426 68.449
7953.337962 68.438
8010.971128 68.428
8069.021927 68.417
8127.493386 68.407
8186.388553 68.397
8245.710500 68.386
8305.462317 68.376
8365.647121 68.365
8426.268048 68.355
8487.328260 68.344
8548.830939 68.334
8610.779292 68.324
8673.176549 68.314
8736.025961 68.303
8799.330806 68.293
8863.094385 68.282
8927.320020 68.272
8992.011061 68.261
9057.170880 68.251
9122.802874 68.241
9188.910464 68.230
9255.497097 68.220
9322.566244 68.209
9390.121402 68.199
9458.166093 68.188
9526.703863 68.178
9595.738287 68.168
9665.272962 68.157
9735.311514 68.147
9805.857594 68.137
9876.914881 68.126
9948.487077 68.115
10020.577916 68.105
10093.191154 68.095
10166.330578 68.084
10240.000000 68.074
10314.203261 68.064
10388.944230 68.053
10464.226802 68.043
10540.054903 68.032
10616.432486 68.022
10693.363532 68.011
10770.852052 68.001
10848.902086 67.990
10927.517703 67.980
11006.703001 67.969
11086.462108 67.959
11166.799182 67.949
11247.718413 67.938
11329.224017 67.928
11411.320244 67.917
11494.011375 67.907
11577.301719 67.896
11661.195620 67.886
11745.697450 67.876
11830.811616 67.865
11916.542554 67.855
12002.894734 67.845
12089.872657 67.834
12177.480858 67.824
12265.723904 67.813
12354.606395 67.803
12444.132966 67.792
12534.308283 67.782
12625.137048 67.772
12716.623996 67.761
12808.773895 67.751
12901.591551 67.740
12995.081802 67.730
13089.249521 67.720
13184.099619 67.709
13279.637040 67.699
13375.866764 67.689
13472.793808 67.678
13570.423226 67.668
13668.760107 67.657
13767.809577 67.647
13867.576801 67.636
13968.066979 67.626
14069.285350 67.616
14171.237191 67.605
14273.927818 67.595
14377.362583 67.584
14481.546879 67.574
14586.486137 67.563
14692.185828 67.553
14798.651463 67.543
14905.888592 67.532
15013.902806 67.522
15122.699734 67.512
15232.285051 67.501
15342.664467 67.491
15453.843739 67.480
15565.828661 67.469
15678.625072 67.459
15792.238852 67.448
15906.675925 67.438
16021.942256 67.428
16138.043854 67.417
16254.986772 67.407
16372.777107 67.397
16491.420999 67.386
16610.924634 67.376
16731.294241 67.365
16852.536096 67.355
16974.656520 67.344
17097.661878 67.334
17221.558584 67.324
17346.353097 67.313
17472.051922 67.303
17598.661613 67.292
17726.188769 67.282
17854.640040 67.271
17984.022122 67.261
18114.341760 67.251
18245.605748 67.241
18377.820928 67.230
18510.994194 67.220
18645.132489 67.209
18780.242805 67.199
18916.332186 67.188
19053.407727 67.178
19191.476573 67.168
19330.545924 67.157
19470.623028 67.147
19611.715189 67.136
19753.829761 67.126
19896.974155 67.116
20041.155832 67.109
20186.382308 67.108
20332.661156 67.108
20480.000000 67.108
20628.406522 67.108
20777.888460 67.108
20928.453604 67.108
21080.109806 67.108
21232.864972 67.108
21386.727064 67.108
21541.704105 67.108
21697.804172 67.108
21855.035406 67.108
22013.406002 67.108
22172.924216 67.108
22333.598365 67.108
22495.436825 67.108
22658.448034 67.108
22822.640488 67.108
22988.022749 67.108
23154.603438 67.108
23322.391240 67.108
23491.394901 67.108
23661.623232 67.108
23833.085108 67.108
24005.789467 67.108
