* Measurement data measured by REW V5.40 beta 132
* Source: Trace Arithmetic result A / B
* Format: Trace Arithmetic result A / B
* Dated: Aug 11, 2026, 4:00:41 PM
* REW Settings:
*  C-weighting compensation: Off
*  Target level: 75.0 dB
* Note: ; Trace Arithmetic A over B A = Target LRrms+phavg B = RX-MP Maximum gain 0.0 dB Lower frequency limit 20 Hz Upper frequency limit 225 Hz 
* Measurement: FR
* Smoothing: 1/48 octave
* Frequency Step: 96 ppo
* Start Frequency: 2.1972656 Hz
*
* Freq(Hz) SPL(dB) Phase(degrees)
2.197266 -0.000 0.0001
2.213188 -0.000 0.0001
2.229226 -0.000 0.0001
2.245379 -0.000 0.0001
2.261650 -0.000 0.0001
2.278039 -0.000 0.0001
2.294547 -0.000 0.0001
2.311174 -0.000 0.0001
2.327922 -0.000 0.0001
2.344791 -0.000 0.0001
2.361782 -0.000 0.0001
2.378897 -0.000 0.0001
2.396135 0.000 0.0000
2.413499 0.000 0.0000
2.430988 0.000 0.0000
2.448604 0.000 -0.0000
2.466347 0.000 -0.0000
2.484219 0.000 -0.0000
2.502221 0.000 -0.0000
2.520353 0.000 -0.0000
2.538617 0.000 -0.0001
2.557013 0.000 -0.0001
2.575542 0.000 -0.0001
2.594205 0.000 -0.0001
2.613004 0.000 -0.0001
2.631939 0.000 -0.0001
2.651011 0.000 -0.0001
2.670221 0.000 -0.0001
2.689571 0.000 -0.0001
2.709061 0.000 -0.0001
2.728691 0.000 -0.0000
2.748465 -0.000 -0.0000
2.768381 -0.000 -0.0000
2.788442 -0.000 -0.0000
2.808648 -0.000 -0.0000
2.829001 -0.000 -0.0000
2.849501 -0.000 -0.0000
2.870150 -0.000 -0.0000
2.890948 -0.000 -0.0000
2.911897 -0.000 -0.0000
2.932998 -0.000 0.0000
2.954251 -0.000 0.0000
2.975659 -0.000 0.0000
2.997222 -0.000 0.0000
3.018941 -0.000 0.0000
3.040818 -0.000 0.0000
3.062853 -0.000 0.0000
3.085047 -0.000 0.0000
3.107403 -0.000 0.0000
3.129920 0.000 0.0000
3.152601 0.000 0.0000
3.175446 0.000 0.0000
3.198457 0.000 0.0000
3.221634 0.000 0.0000
3.244979 0.000 0.0000
3.268494 0.000 0.0000
3.292179 0.000 0.0000
3.316035 0.000 0.0000
3.340064 0.000 0.0000
3.364268 0.000 0.0000
3.388647 0.000 0.0000
3.413202 0.000 0.0000
3.437936 0.000 0.0000
3.462849 0.000 -0.0000
3.487942 -0.000 -0.0000
3.513217 -0.000 -0.0000
3.538675 -0.000 -0.0000
3.564318 -0.000 -0.0000
3.590146 -0.000 -0.0000
3.616162 -0.000 -0.0000
3.642366 -0.000 -0.0000
3.668760 -0.000 -0.0000
3.695346 -0.000 -0.0000
3.722124 -0.000 -0.0000
3.749096 -0.000 -0.0000
3.776263 -0.000 -0.0000
3.803627 -0.000 -0.0000
3.831190 -0.000 -0.0000
3.858953 0.000 0.0000
3.886916 0.000 0.0000
3.915082 0.000 0.0000
3.943453 0.000 0.0000
3.972028 0.000 0.0000
4.000811 0.000 0.0000
4.029803 0.000 0.0000
4.059005 0.000 0.0000
4.088418 0.000 0.0000
4.118044 0.000 0.0000
4.147885 0.000 0.0000
4.177942 0.000 0.0000
4.208218 0.000 0.0000
4.238712 -0.000 -0.0000
4.269427 -0.000 -0.0000
4.300366 -0.000 -0.0000
4.331528 -0.000 -0.0000
4.362916 -0.000 -0.0000
4.394531 -0.000 -0.0000
4.426376 -0.000 -0.0000
4.458451 -0.000 -0.0000
4.490759 -0.000 -0.0000
4.523301 -0.000 -0.0000
4.556079 -0.000 -0.0000
4.589094 0.000 0.0000
4.622348 0.000 0.0000
4.655844 0.000 0.0000
4.689582 0.000 0.0000
4.723564 0.000 0.0000
4.757793 0.000 0.0000
4.792270 0.000 0.0000
4.826997 0.000 0.0000
4.861975 0.000 0.0000
4.897207 0.000 0.0000
4.932695 0.000 0.0000
4.968439 -0.000 -0.0000
5.004442 -0.000 -0.0000
5.040706 -0.000 -0.0000
5.077234 -0.000 -0.0000
5.114025 -0.000 -0.0000
5.151084 -0.000 -0.0000
5.188410 -0.000 -0.0000
5.226008 -0.000 -0.0000
5.263878 -0.000 -0.0000
5.302022 -0.000 -0.0000
5.340442 0.000 -0.0000
5.379142 0.000 0.0000
5.418121 0.000 0.0000
5.457383 0.000 0.0000
5.496929 0.000 0.0000
5.536762 0.000 0.0000
5.576884 0.000 0.0000
5.617296 0.000 0.0000
5.658002 0.000 -0.0000
5.699002 -0.000 -0.0000
5.740299 -0.000 -0.0000
5.781896 -0.000 -0.0000
5.823794 -0.000 -0.0000
5.865995 -0.000 -0.0000
5.908503 -0.000 -0.0000
5.951318 -0.000 -0.0000
5.994444 -0.000 -0.0000
6.037882 0.000 -0.0000
6.081635 0.000 0.0000
6.125705 0.000 0.0000
6.170095 0.000 0.0000
6.214806 0.000 0.0000
6.259841 0.000 0.0000
6.305202 0.000 0.0000
6.350892 0.000 0.0000
6.396913 0.000 -0.0000
6.443268 -0.000 -0.0000
6.489959 -0.000 -0.0000
6.536988 -0.000 -0.0000
6.584357 -0.000 -0.0000
6.632070 -0.000 -0.0000
6.680129 -0.000 -0.0000
6.728536 -0.000 -0.0000
6.777294 0.000 0.0000
6.826405 0.000 0.0000
6.875872 0.000 0.0000
6.925697 0.000 0.0000
6.975884 0.000 0.0000
7.026434 0.000 0.0000
7.077350 0.000 0.0000
7.128635 0.000 -0.0000
7.180293 -0.000 -0.0000
7.232324 -0.000 -0.0000
7.284732 -0.000 -0.0000
7.337520 -0.000 -0.0000
7.390691 -0.000 -0.0000
7.444247 -0.000 -0.0000
7.498191 -0.000 -0.0000
7.552526 0.000 0.0000
7.607255 0.000 0.0000
7.662380 0.000 0.0000
7.717905 0.000 0.0000
7.773832 0.000 0.0000
7.830165 0.000 0.0000
7.886905 -0.000 0.0000
7.944057 -0.000 -0.0000
8.001623 -0.000 -0.0000
8.059606 -0.000 -0.0000
8.118009 -0.000 -0.0000
8.176836 -0.000 -0.0000
8.236088 0.000 -0.0000
8.295770 0.000 0.0000
8.355885 0.000 0.0000
8.416435 0.000 0.0000
8.477424 0.000 0.0000
8.538855 0.000 0.0000
8.600731 0.000 0.0000
8.663055 -0.000 0.0000
8.725832 -0.000 0.0000
8.789063 -0.000 0.0000
8.852752 -0.000 -0.0000
8.916902 -0.000 -0.0000
8.981518 0.000 -0.0001
9.046602 0.000 -0.0001
9.112157 0.000 -0.0001
9.178188 0.000 -0.0001
9.244696 0.000 -0.0000
9.311687 0.000 0.0001
9.379164 -0.000 0.0002
9.447129 -0.000 0.0003
9.515587 -0.000 0.0003
9.584541 -0.000 0.0002
9.653994 -0.000 -0.0000
9.723951 0.000 -0.0002
9.794415 0.000 -0.0004
9.865389 0.000 -0.0005
9.936878 0.000 -0.0004
10.008884 0.000 -0.0001
10.081413 0.000 0.0003
10.154467 -0.000 0.0006
10.228051 -0.000 0.0008
10.302167 -0.000 0.0007
10.376821 -0.000 0.0002
10.452016 0.000 -0.0003
10.527755 0.000 -0.0008
10.604044 0.000 -0.0010
10.680885 0.000 -0.0009
10.758283 0.000 -0.0003
10.836242 -0.000 0.0003
10.914766 -0.000 0.0009
10.993859 -0.000 0.0011
11.073525 -0.000 0.0010
11.153768 -0.000 0.0005
11.234593 0.000 0.0000
11.316003 0.000 -0.0004
11.398004 0.000 -0.0008
11.480599 0.000 -0.0012
11.563792 -0.000 -0.0015
11.647588 -0.000 -0.0016
11.731991 -0.000 -0.0011
11.817006 -0.000 0.0006
11.902637 0.000 0.0031
11.988888 0.000 0.0052
12.075764 0.000 0.0055
12.163270 0.000 0.0023
12.251411 0.000 -0.0039
12.340189 -0.000 -0.0099
12.429611 -0.000 -0.0126
12.519681 -0.000 -0.0084
12.610404 -0.000 0.0018
12.701784 0.000 0.0130
12.793827 0.000 0.0196
12.886536 0.000 0.0174
12.979917 0.000 0.0088
13.073975 -0.000 -0.0027
13.168715 -0.000 -0.0137
13.264140 -0.000 -0.0296
13.360258 0.000 -0.0538
13.457072 0.000 -0.0662
13.554587 0.000 -0.0452
13.652809 0.000 0.0406
13.751743 0.000 0.1658
13.851394 -0.000 0.2720
13.951767 -0.000 0.3051
14.052867 -0.000 0.2957
14.154700 -0.000 0.2345
14.257271 -0.000 0.0891
14.360585 -0.000 -0.2111
14.464648 -0.001 -0.6746
14.569465 -0.002 -1.1159
14.675041 -0.004 -1.3504
14.781382 -0.011 -1.4616
14.888494 -0.023 -1.4151
14.996382 -0.047 -1.0651
15.105052 -0.131 -0.2834
15.214510 -0.270 0.8903
15.324760 -0.428 2.3496
15.435810 -0.579 4.0126
15.547664 -0.727 6.0043
15.660329 -0.864 8.2115
15.773810 -0.975 10.4476
15.888114 -1.055 12.7299
16.003246 -1.115 15.0547
16.119212 -1.163 17.3493
16.236018 -1.204 19.5707
16.353671 -1.237 21.7525
16.472176 -1.270 23.9542
16.591541 -1.307 26.2159
16.711770 -1.346 28.5103
16.832870 -1.384 30.8133
16.954848 -1.422 33.1105
17.077710 -1.459 35.4196
17.201462 -1.491 37.7605
17.326111 -1.516 40.1295
17.451663 -1.537 42.5364
17.578125 -1.566 45.0333
17.705503 -1.609 47.7149
17.833805 -1.657 50.4730
17.963036 -1.689 53.0708
18.093203 -1.698 55.3641
18.224314 -1.696 57.6576
18.356375 -1.702 60.3110
18.489393 -1.718 63.3069
18.623375 -1.741 66.3374
18.758327 -1.767 69.4634
18.894258 -1.797 72.8109
19.031174 -1.834 75.0530
19.169081 -1.882 75.7783
19.307988 -1.936 75.0670
19.447902 -1.987 70.2925
19.588829 -2.032 12.5773
19.730778 -2.069 -74.7824
19.873756 -2.098 -82.6818
20.017769 -2.120 -85.1463
20.162826 -2.141 -86.3057
20.308934 -2.165 -86.8795
20.456101 -2.188 -87.2745
20.604334 -2.202 -87.8060
20.753642 -2.212 -88.3984
20.904031 -2.238 -89.0058
21.055511 -2.289 -89.6018
21.208087 -2.345 -90.1544
21.361770 -2.385 -90.6596
21.516566 -2.420 -91.1298
21.672484 -2.475 -91.5516
21.829532 -2.553 -91.9248
21.987718 -2.632 -92.2315
22.147050 -2.697 -92.4596
22.307536 -2.762 -92.6126
22.469186 -2.843 -92.6929
22.632007 -2.931 -92.6939
22.796008 -3.008 -92.6020
22.961197 -3.075 -92.4137
23.127583 -3.145 -92.1373
23.295175 -3.223 -91.7621
23.463982 -3.281 -91.3305
23.634011 -3.305 -90.8492
23.805273 -3.323 -90.3432
23.977776 -3.354 -89.8342
24.151529 -3.380 -89.3263
24.326541 -3.376 -88.8341
24.502821 -3.360 -88.3583
24.680379 -3.360 -87.9084
24.859223 -3.365 -87.4821
25.039363 -3.355 -87.0763
25.220808 -3.340 -86.6938
25.403569 -3.340 -86.3409
25.587654 -3.349 -86.0156
25.773072 -3.349 -85.7206
25.959835 -3.355 -85.4419
26.147950 -3.396 -85.1431
26.337429 -3.459 -84.8076
26.528281 -3.512 -84.3829
26.720516 -3.572 -83.8551
26.914144 -3.664 -83.1809
27.109175 -3.763 -82.3606
27.305619 -3.840 -81.3838
27.503487 -3.914 -80.2524
27.702788 -3.995 -78.9797
27.903534 -4.056 -77.4941
28.105735 -4.088 -75.7822
28.309400 -4.105 -73.7665
28.514542 -4.101 -71.4626
28.721170 -4.045 -68.9422
28.929296 -3.953 -66.2794
29.138929 -3.854 -63.5918
29.350082 -3.722 -60.9436
29.562765 -3.544 -58.3873
29.776989 -3.351 -55.9599
29.992765 -3.149 -53.6731
30.210105 -2.925 -51.5298
30.429020 -2.690 -49.5276
30.649521 -2.457 -47.6611
30.871620 -2.214 -45.9291
31.095328 -1.962 -44.3263
31.320658 -1.725 -42.8462
31.547620 -1.490 -41.4735
31.776228 -1.248 -40.1970
32.006491 -1.022 -38.9735
32.238423 -0.808 -37.7840
32.472036 -0.594 -36.5940
32.707342 -0.391 -35.4174
32.944353 -0.216 -34.2571
33.183081 -0.094 -33.1378
33.423540 -0.030 -32.0665
33.665740 -0.012 -31.0402
33.909696 -0.002 -30.0568
34.155420 0.001 -29.0907
34.402924 -0.002 -28.1307
34.652222 0.000 -27.1624
34.903326 0.001 -26.2120
35.156250 -0.001 -25.3001
35.411007 0.001 -24.4674
35.667609 0.000 -23.7373
35.926072 -0.001 -23.1213
36.186407 0.001 -22.6252
36.448628 0.000 -22.2691
36.712750 -0.001 -22.1005
36.978786 0.001 -22.1705
37.246749 -0.001 -22.5564
37.516655 -0.000 -23.2790
37.788516 0.001 -24.3134
38.062347 -0.001 -25.6053
38.338162 0.001 -27.0268
38.615977 0.000 -28.4705
38.895804 -0.001 -29.8592
39.177659 0.001 -31.1306
39.461556 -0.001 -32.2380
39.747511 0.000 -33.1545
40.035538 0.001 -33.8829
40.325652 -0.001 -34.4677
40.617868 0.001 -35.0160
40.912202 -0.001 -35.7616
41.208669 0.000 -36.9781
41.507284 0.001 -38.9259
41.808063 -0.001 -41.8300
42.111021 0.001 -45.8477
42.416175 -0.001 -51.0117
42.723540 0.001 -57.1515
43.033132 -0.000 -63.8869
43.344968 -0.001 -70.6709
43.659064 0.001 -76.8888
43.975435 -0.001 -82.0002
44.294099 0.001 -85.6845
44.615073 -0.001 -87.9328
44.938372 0.001 -88.9680
45.264014 -0.000 -89.0758
45.592016 -0.000 -88.5156
45.922394 0.000 -87.4870
46.255167 -0.001 -86.1412
46.590351 0.001 -84.6170
46.927964 -0.001 -83.0550
47.268023 0.001 -81.5632
47.610547 -0.001 -80.1777
47.955552 0.001 -78.8680
48.303058 -0.001 -77.5753
48.653082 0.001 -76.2475
49.005642 -0.001 -74.8328
49.360757 0.001 -73.2639
49.718446 -0.001 -71.4903
50.078726 0.001 -69.5304
50.441617 -0.000 -67.4796
50.807138 0.000 -65.4745
51.175307 -0.000 -63.6460
51.546145 0.000 -62.1009
51.919669 -0.000 -60.9279
52.295901 0.000 -60.1752
52.674858 -0.000 -59.8041
53.056562 0.000 -59.6912
53.441032 -0.000 -59.6966
53.828287 0.000 -59.7404
54.218349 -0.000 -59.8235
54.611238 0.000 -59.9938
55.006973 -0.000 -60.3341
55.405577 0.000 -60.9855
55.807068 -0.000 -62.1491
56.211469 0.000 -64.0331
56.618801 0.000 -66.7871
57.029084 -0.000 -70.4737
57.442340 0.000 -75.0598
57.858591 -0.000 -80.3772
58.277858 0.000 -86.0781
58.700164 -0.001 -91.6561
59.125529 -0.005 -96.5755
59.553977 -0.022 -100.4463
59.985530 -0.087 -103.0938
60.420210 -0.276 -104.5387
60.858039 -0.693 -104.9068
61.299042 -1.345 -104.3159
61.743240 -2.117 -102.8767
62.190657 -2.898 -100.7393
62.641316 -3.626 -98.0583
63.095241 -4.280 -94.9440
63.552455 -4.847 -91.4992
64.012982 -5.326 -87.8308
64.476847 -5.721 -84.0246
64.944073 -6.029 -80.1444
65.414684 -6.256 -76.2562
65.888706 -6.401 -72.4366
66.366163 -6.470 -68.7541
66.847079 -6.466 -65.2637
67.331481 -6.394 -62.0268
67.819392 -6.259 -59.1189
68.310840 -6.068 -56.6061
68.805848 -5.831 -54.5466
69.304444 -5.556 -53.0134
69.806652 -5.257 -52.0900
70.312500 -4.954 -51.8557
70.822013 -4.671 -52.3617
71.335219 -4.435 -53.6347
71.852143 -4.282 -55.6423
72.372814 -4.245 -58.2530
72.897257 -4.353 -61.1987
73.425500 -4.620 -64.1605
73.957572 -5.043 -66.7796
74.493499 -5.605 -68.7170
75.033309 -6.271 -69.7231
75.577032 -6.999 -69.6722
76.124694 -7.747 -68.5534
76.676325 -8.477 -66.4417
77.231953 -9.158 -63.4390
77.791608 -9.766 -59.6936
78.355318 -10.283 -55.3424
78.923113 -10.699 -50.5148
79.495022 -11.005 -45.3372
80.071076 -11.197 -39.9358
80.651304 -11.274 -34.4188
81.235736 -11.234 -28.8931
81.824404 -11.082 -23.4628
82.417337 -10.820 -18.2194
83.014567 -10.454 -13.2433
83.616125 -9.988 -8.6145
84.222042 -9.430 -4.3995
84.832350 -8.782 -0.6544
85.447080 -8.048 2.5540
86.066265 -7.230 5.1556
86.689936 -6.328 7.0588
87.318127 -5.345 8.1035
87.950871 -4.294 8.0653
88.588199 -3.208 6.6430
89.230145 -2.153 3.4500
89.876744 -1.238 -1.7481
90.528028 -0.580 -8.8637
91.184031 -0.244 -17.5272
91.844788 -0.196 -26.7783
92.510333 -0.408 -35.1765
93.180701 -0.879 -41.8464
93.855927 -1.540 -46.6434
94.536046 -2.276 -49.7396
95.221093 -2.989 -51.5115
95.911104 -3.625 -52.4252
96.606116 -4.170 -52.8708
97.306164 -4.632 -53.1311
98.011284 -5.027 -53.4116
98.721514 -5.382 -53.8309
99.436891 -5.720 -54.4390
100.157452 -6.065 -55.2336
100.883234 -6.436 -56.1490
101.614275 -6.847 -57.0805
102.350614 -7.306 -57.9074
103.092289 -7.813 -58.5022
103.839338 -8.361 -58.7599
104.591801 -8.940 -58.6049
105.349716 -9.540 -57.9907
106.113124 -10.145 -56.9059
106.882063 -10.746 -55.3553
107.656575 -11.331 -53.3578
108.436699 -11.891 -50.9430
109.222476 -12.419 -48.1409
110.013947 -12.908 -44.9869
110.811153 -13.352 -41.5150
111.614136 -13.748 -37.7594
112.422939 -14.091 -33.7561
113.237601 -14.377 -29.5414
114.058168 -14.603 -25.1570
114.884680 -14.765 -20.6441
115.717182 -14.861 -16.0490
116.555716 -14.891 -11.4219
117.400327 -14.852 -6.8155
118.251058 -14.747 -2.2843
119.107954 -14.577 2.1191
119.971060 -14.345 6.3417
120.840419 -14.056 10.3340
121.716079 -13.715 14.0490
122.598084 -13.330 17.4479
123.486480 -12.910 20.5008
124.381314 -12.463 23.1927
125.282632 -11.998 25.5265
126.190482 -11.523 27.5236
127.104910 -11.043 29.2193
128.025965 -10.560 30.6539
128.953694 -10.074 31.8645
129.888145 -9.580 32.8672
130.829368 -9.075 33.6503
131.777412 -8.553 34.1662
132.732325 -8.016 34.3313
133.694158 -7.470 34.0340
134.662961 -6.930 33.1589
135.638785 -6.421 31.6173
136.621679 -5.973 29.3979
137.611696 -5.621 26.6011
138.608887 -5.389 23.4587
139.613304 -5.293 20.2912
140.625000 -5.326 17.4384
141.644027 -5.467 15.1766
142.670438 -5.683 13.6631
143.704287 -5.936 12.9283
144.745627 -6.193 12.9064
145.794514 -6.427 13.4784
146.851001 -6.621 14.5068
147.915144 -6.766 15.8563
148.986998 -6.859 17.4136
150.066619 -6.903 19.0918
151.154063 -6.902 20.8298
152.249388 -6.862 22.5911
153.352650 -6.787 24.3616
154.463906 -6.682 26.1440
155.583216 -6.547 27.9528
156.710636 -6.379 29.8024
157.846226 -6.170 31.6785
158.990044 -5.907 33.5023
160.142152 -5.583 35.1703
161.302608 -5.197 36.6576
162.471473 -4.757 37.9563
163.648808 -4.267 39.0098
164.834675 -3.733 39.7386
166.029135 -3.160 40.0618
167.232251 -2.560 39.9063
168.444084 -1.949 39.2122
169.664700 -1.353 37.9393
170.894160 -0.816 36.0794
172.132530 -0.404 33.6574
173.379873 -0.157 30.6793
174.636255 -0.048 27.1328
175.901741 -0.012 23.0676
177.176398 -0.002 18.5766
178.460291 -0.000 13.7808
179.753488 -0.000 8.8511
181.056056 -0.001 4.0224
182.368062 -0.005 -0.4314
183.689577 -0.023 -4.2449
185.020667 -0.084 -7.2189
186.361403 -0.245 -9.2683
187.711854 -0.545 -10.4371
189.072092 -0.955 -10.8248
190.442186 -1.403 -10.5435
191.822209 -1.827 -9.7313
193.212232 -2.198 -8.5340
194.612327 -2.505 -7.0841
196.022568 -2.748 -5.4926
197.443029 -2.932 -3.8477
198.873782 -3.062 -2.2149
200.314904 -3.148 -0.6396
201.766468 -3.196 0.8506
203.228551 -3.214 2.2416
204.701229 -3.210 3.5310
206.184578 -3.188 4.7242
207.678677 -3.153 5.8330
209.183602 -3.109 6.8727
210.699433 -3.058 7.8600
212.226248 -3.000 8.8113
213.764127 -2.937 9.7424
215.313149 -2.868 10.6680
216.873397 -2.792 11.6007
218.444951 -2.706 12.5496
220.027894 -2.609 13.5188
221.622306 -2.496 14.5054
223.228273 -2.364 15.4979
224.845877 -2.209 16.4759
226.475203 -2.029 17.4095
228.116336 -1.820 18.2591
229.769361 -1.581 18.9751
231.434364 -1.312 19.4986
233.111433 -1.020 19.7601
234.800654 -0.716 19.6814
236.502117 -0.432 19.1837
238.215909 -0.211 18.2009
239.942119 -0.081 16.6902
241.680839 -0.024 14.6747
243.432158 -0.006 12.3059
245.196168 -0.001 9.8544
246.972960 -0.000 7.6253
248.762628 -0.001 5.8498
250.565264 -0.003 4.6204
252.380964 -0.012 3.9046
254.209820 -0.037 3.5999
256.051929 -0.086 3.5849
257.907387 -0.154 3.7508
259.776290 -0.220 4.0119
261.658736 -0.271 4.3048
263.554824 -0.302 4.5876
265.464650 -0.315 4.8367
267.388317 -0.315 5.0426
269.325923 -0.305 5.2053
271.277569 -0.288 5.3302
273.243358 -0.267 5.4255
275.223392 -0.242 5.4987
277.217775 -0.214 5.5559
279.226609 -0.182 5.6003
281.250000 -0.146 5.6312
283.288053 -0.107 5.6438
285.340875 -0.068 5.6288
287.408573 -0.035 5.5729
289.491254 -0.014 5.4590
291.589027 -0.004 5.2679
293.702001 -0.001 4.9790
295.830287 -0.000 4.5722
297.973995 -0.000 4.0322
300.133238 -0.000 3.3567
302.308127 -0.000 2.5738
304.498776 0.000 1.7588
306.705300 0.000 1.0265
308.927813 0.000 0.4812
311.166431 0.000 0.1583
313.421271 0.000 0.0181
315.692451 0.000 -0.0144
317.980089 0.000 -0.0084
320.284304 0.000 -0.0019
322.605216 0.000 -0.0002
324.942946 0.000 -0.0000
327.297617 0.000 -0.0000
329.669350 0.000 -0.0000
332.058270 0.000 -0.0000
334.464501 0.000 -0.0000
336.888169 0.000 0.0000
339.329399 0.000 0.0000
341.788320 0.000 0.0000
344.265059 0.000 0.0000
346.759746 0.000 -0.0000
349.272510 0.000 -0.0000
351.803482 0.000 -0.0000
354.352795 0.000 0.0000
356.920582 0.000 0.0000
359.506975 0.000 0.0000
362.112111 0.000 -0.0000
364.736125 0.000 -0.0000
367.379153 0.000 0.0000
370.041334 0.000 0.0000
372.722806 0.000 0.0000
375.423709 0.000 0.0000
378.144184 0.000 -0.0000
380.884373 0.000 -0.0000
383.644418 0.000 -0.0000
386.424463 0.000 0.0000
389.224654 0.000 0.0000
392.045137 0.000 0.0000
394.886057 0.000 0.0000
397.747564 0.000 0.0000
400.629807 0.000 0.0000
403.532936 0.000 0.0000
406.457102 0.000 -0.0000
409.402458 0.000 -0.0000
412.369157 0.000 -0.0000
415.357354 0.000 0.0000
418.367204 0.000 0.0000
421.398865 0.000 0.0000
424.452495 0.000 0.0000
427.528253 0.000 0.0000
430.626299 0.000 0.0000
433.746795 0.000 0.0000
436.889903 0.000 0.0000
440.055787 0.000 0.0000
443.244613 0.000 0.0000
446.456546 0.000 0.0000
449.691754 0.000 0.0000
452.950406 0.000 -0.0000
456.232671 0.000 -0.0000
459.538721 0.000 0.0000
462.868728 0.000 0.0000
466.222866 0.000 -0.0000
469.601309 0.000 -0.0000
473.004234 0.000 -0.0000
476.431817 0.000 -0.0000
479.884239 0.000 -0.0000
483.361678 0.000 -0.0000
486.864316 0.000 -0.0000
490.392335 0.000 -0.0000
493.945920 0.000 -0.0000
497.525256 0.000 -0.0000
501.130529 0.000 -0.0000
504.761927 0.000 -0.0000
508.419640 0.000 -0.0000
512.103859 0.000 -0.0000
515.814774 0.000 -0.0000
519.552581 0.000 -0.0000
523.317473 0.000 -0.0000
527.109647 0.000 0.0000
530.929301 0.000 0.0000
534.776633 0.000 -0.0000
538.651845 0.000 -0.0000
542.555139 0.000 -0.0000
546.486717 0.000 -0.0000
550.446785 0.000 -0.0000
554.435549 0.000 0.0000
558.453218 0.000 0.0000
562.500000 0.000 -0.0000
566.576107 0.000 -0.0000
570.681751 0.000 -0.0000
574.817146 0.000 0.0000
578.982508 0.000 0.0000
583.178054 0.000 0.0000
587.404003 0.000 0.0000
591.660574 0.000 0.0000
595.947991 0.000 0.0000
600.266475 0.000 0.0000
604.616254 0.000 0.0000
608.997552 0.000 0.0000
613.410600 0.000 0.0000
617.855626 0.000 0.0000
622.332862 0.000 0.0000
626.842543 0.000 0.0000
631.384902 0.000 -0.0000
635.960177 0.000 -0.0000
640.568607 0.000 -0.0000
645.210431 0.000 0.0000
649.885892 0.000 0.0000
654.595233 0.000 -0.0000
659.338700 0.000 -0.0000
664.116540 0.000 0.0000
668.929002 0.000 0.0000
673.776337 0.000 0.0000
678.658799 0.000 0.0000
683.576640 0.000 0.0000
688.530118 0.000 -0.0000
693.519491 0.000 0.0000
698.545019 0.000 0.0000
703.606964 0.000 -0.0000
708.705591 0.000 -0.0000
713.841163 0.000 0.0000
719.013951 0.000 -0.0000
724.224222 0.000 -0.0000
729.472249 0.000 -0.0000
734.758306 0.000 0.0000
740.082668 0.000 0.0000
745.445612 0.000 0.0000
750.847418 0.000 -0.0000
756.288368 0.000 -0.0000
761.768745 0.000 -0.0000
767.288835 0.000 -0.0000
772.848927 0.000 0.0000
778.449309 0.000 0.0000
784.090273 0.000 -0.0000
789.772115 0.000 -0.0000
795.495129 0.000 0.0000
801.259614 0.000 0.0000
807.065872 0.000 0.0000
812.914204 0.000 0.0000
818.804915 0.000 0.0000
824.738313 0.000 -0.0000
830.714707 0.000 -0.0000
836.734408 0.000 0.0000
842.797731 0.000 0.0000
848.904991 0.000 -0.0000
855.056506 0.000 -0.0000
861.252598 0.000 0.0000
867.493589 0.000 0.0000
873.779805 0.000 0.0000
880.111574 0.000 -0.0000
886.489225 0.000 -0.0000
892.913092 0.000 -0.0000
899.383508 0.000 -0.0000
905.900812 0.000 -0.0000
912.465342 0.000 0.0000
919.077442 0.000 0.0000
925.737456 0.000 0.0000
932.445732 0.000 0.0000
939.202618 0.000 0.0000
946.008467 0.000 0.0000
952.863634 0.000 0.0000
959.768477 0.000 0.0000
966.723355 0.000 0.0000
973.728631 0.000 0.0000
980.784670 0.000 0.0000
987.891840 0.000 0.0000
995.050512 0.000 -0.0000
1002.261058 0.000 -0.0000
1009.523855 0.000 -0.0000
1016.839281 0.000 -0.0000
1024.207717 0.000 0.0000
1031.629549 0.000 0.0000
1039.105162 0.000 -0.0000
1046.634946 0.000 -0.0000
1054.219294 0.000 -0.0000
1061.858602 0.000 -0.0000
1069.553267 0.000 -0.0000
1077.303691 0.000 -0.0000
1085.110277 0.000 0.0000
1092.973434 0.000 -0.0000
1100.893570 0.000 -0.0000
1108.871098 0.000 -0.0000
1116.906436 0.000 0.0000
1125.000000 0.000 0.0000
1133.152214 0.000 0.0000
1141.363502 0.000 0.0000
1149.634292 0.000 0.0000
1157.965016 0.000 0.0000
1166.356108 0.000 0.0000
1174.808005 0.000 0.0000
1183.321148 0.000 0.0000
1191.895981 0.000 0.0000
1200.532951 0.000 0.0000
1209.232507 0.000 0.0000
1217.995105 0.000 0.0000
1226.821199 0.000 -0.0000
1235.711251 0.000 -0.0000
1244.665724 0.000 -0.0000
1253.685085 0.000 -0.0000
1262.769804 0.000 -0.0000
1271.920355 0.000 -0.0000
1281.137214 0.000 -0.0000
1290.420862 0.000 -0.0000
1299.771784 0.000 -0.0000
1309.190466 0.000 -0.0000
1318.677400 0.000 -0.0000
1328.233080 0.000 0.0000
1337.858004 0.000 0.0000
1347.552675 0.000 0.0000
1357.317597 0.000 0.0000
1367.153280 0.000 0.0000
1377.060236 0.000 0.0000
1387.038982 0.000 0.0000
1397.090039 0.000 0.0000
1407.213929 0.000 0.0000
1417.411181 0.000 -0.0000
1427.682327 0.000 -0.0000
1438.027902 0.000 -0.0000
1448.448444 0.000 -0.0000
1458.944499 0.000 0.0000
1469.516612 0.000 0.0000
1480.165335 0.000 -0.0000
1490.891224 0.000 0.0000
1501.694836 0.000 -0.0000
1512.576736 0.000 -0.0000
1523.537490 0.000 0.0000
1534.577671 0.000 0.0000
1545.697853 0.000 0.0000
1556.898617 0.000 0.0000
1568.180546 0.000 -0.0000
1579.544229 0.000 -0.0000
1590.990258 0.000 0.0000
1602.519229 0.000 0.0000
1614.131744 0.000 0.0000
1625.828408 0.000 0.0000
1637.609831 0.000 -0.0000
1649.476627 0.000 -0.0000
1661.429414 0.000 -0.0000
1673.468817 0.000 -0.0000
1685.595461 0.000 0.0000
1697.809981 0.000 0.0000
1710.113012 0.000 0.0000
1722.505196 0.000 0.0000
1734.987179 0.000 0.0000
1747.559611 0.000 0.0000
1760.223148 0.000 0.0000
1772.978451 0.000 0.0000
1785.826183 0.000 -0.0000
1798.767016 0.000 -0.0000
1811.801623 0.000 -0.0000
1824.930685 0.000 -0.0000
1838.154885 0.000 -0.0000
1851.474913 0.000 -0.0000
1864.891463 0.000 -0.0000
1878.405236 0.000 -0.0000
1892.016934 0.000 0.0000
1905.727269 0.000 0.0000
1919.536954 0.000 0.0000
1933.446710 0.000 0.0000
1947.457262 0.000 0.0000
1961.569340 0.000 0.0000
1975.783680 0.000 -0.0000
1990.101023 0.000 0.0000
2004.522116 0.000 -0.0000
2019.047709 0.000 -0.0000
2033.678561 0.000 -0.0000
2048.415435 0.000 -0.0000
2063.259097 0.000 -0.0000
2078.210323 0.000 -0.0000
2093.269892 0.000 0.0000
2108.438588 0.000 0.0000
2123.717204 0.000 0.0000
2139.106534 0.000 0.0000
2154.607382 0.000 -0.0000
2170.220555 0.000 -0.0000
2185.946868 0.000 -0.0000
2201.787140 0.000 -0.0000
2217.742197 0.000 -0.0000
2233.812871 0.000 -0.0000
2250.000000 0.000 0.0000
2266.304428 0.000 0.0000
2282.727004 0.000 0.0000
2299.268584 0.000 0.0000
2315.930032 0.000 0.0000
2332.712216 0.000 0.0000
2349.616010 0.000 0.0000
2366.642297 0.000 0.0000
2383.791962 0.000 -0.0000
2401.065902 0.000 -0.0000
2418.465015 0.000 0.0000
2435.990209 0.000 0.0000
2453.642398 0.000 0.0000
2471.422503 0.000 0.0000
2489.331449 0.000 0.0000
2507.370171 0.000 0.0000
2525.539609 0.000 -0.0000
2543.840710 0.000 -0.0000
2562.274428 0.000 -0.0000
2580.841725 0.000 -0.0000
2599.543568 0.000 -0.0000
2618.380932 0.000 -0.0000
2637.354800 0.000 0.0000
2656.466160 0.000 0.0000
2675.716009 0.000 0.0000
2695.105350 0.000 0.0000
2714.635194 0.000 0.0000
2734.306560 0.000 0.0000
2754.120472 0.000 -0.0000
2774.077965 0.000 -0.0000
2794.180077 0.000 -0.0000
2814.427858 0.000 -0.0000
2834.822362 0.000 0.0000
2855.364654 0.000 0.0000
2876.055803 0.000 0.0000
2896.896889 0.000 0.0000
2917.888998 0.000 0.0000
2939.033224 0.000 0.0000
2960.330671 0.000 0.0000
2981.782447 0.000 0.0000
3003.389672 0.000 0.0000
3025.153472 0.000 0.0000
3047.074981 0.000 0.0000
3069.155342 0.000 0.0000
3091.395707 0.000 0.0000
3113.797234 0.000 0.0000
3136.361093 0.000 -0.0000
3159.088458 0.000 -0.0000
3181.980515 0.000 0.0000
3205.038458 0.000 0.0000
3228.263488 0.000 0.0000
3251.656816 0.000 0.0000
3275.219661 0.000 -0.0000
3298.953253 0.000 -0.0000
3322.858828 0.000 -0.0000
3346.937633 0.000 -0.0000
3371.190923 0.000 0.0000
3395.619962 0.000 0.0000
3420.226024 0.000 0.0000
3445.010392 0.000 0.0000
3469.974357 0.000 0.0000
3495.119222 0.000 0.0000
3520.446296 0.000 -0.0000
3545.956901 0.000 -0.0000
3571.652367 0.000 -0.0000
3597.534032 0.000 0.0000
3623.603247 0.000 0.0000
3649.861370 0.000 -0.0000
3676.309770 0.000 -0.0000
3702.949826 0.000 -0.0000
3729.782927 0.000 -0.0000
3756.810471 0.000 0.0000
3784.033869 0.000 0.0000
3811.454538 0.000 0.0000
3839.073909 0.000 0.0000
3866.893421 0.000 0.0000
3894.914525 0.000 0.0000
3923.138681 0.000 0.0000
3951.567361 0.000 0.0000
3980.202047 0.000 0.0000
4009.044232 0.000 0.0000
4038.095419 0.000 0.0000
4067.357123 0.000 0.0000
4096.830869 0.000 0.0000
4126.518194 0.000 0.0000
4156.420646 0.000 0.0000
4186.539784 0.000 0.0000
4216.877177 0.000 0.0000
4247.434407 0.000 0.0000
4278.213068 0.000 -0.0000
4309.214763 0.000 -0.0000
4340.441110 0.000 0.0000
4371.893735 0.000 0.0000
4403.574279 0.000 -0.0000
4435.484394 0.000 -0.0000
4467.625742 0.000 -0.0000
4500.000000 0.000 0.0000
4532.608855 0.000 0.0000
4565.454007 0.000 0.0000
4598.537169 0.000 0.0000
4631.860065 0.000 0.0000
4665.424432 0.000 -0.0000
4699.232021 0.000 0.0000
4733.284593 0.000 0.0000
4767.583925 0.000 0.0000
4802.131803 0.000 -0.0000
4836.930030 0.000 -0.0000
4871.980419 0.000 -0.0000
4907.284797 0.000 0.0000
4942.845006 0.000 0.0000
4978.662898 0.000 0.0000
5014.740342 0.000 -0.0000
5051.079217 0.000 -0.0000
5087.681420 0.000 -0.0000
5124.548856 0.000 -0.0000
5161.683450 0.000 -0.0000
5199.087136 0.000 -0.0000
5236.761864 0.000 0.0000
5274.709600 0.000 0.0000
5312.932320 0.000 0.0000
5351.432018 0.000 0.0000
5390.210700 0.000 0.0000
5429.270389 0.000 0.0000
5468.613120 0.000 0.0000
5508.240945 0.000 0.0000
5548.155929 0.000 -0.0000
5588.360154 0.000 0.0000
5628.855716 0.000 0.0000
5669.644725 0.000 0.0000
5710.729307 0.000 0.0000
5752.111606 0.000 -0.0000
5793.793778 0.000 -0.0000
5835.777996 0.000 -0.0000
5878.066449 0.000 0.0000
5920.661342 0.000 0.0000
5963.564894 0.000 0.0000
6006.779344 0.000 -0.0000
6050.306943 0.000 -0.0000
6094.149961 0.000 -0.0000
6138.310684 0.000 -0.0000
6182.791414 0.000 0.0000
6227.594469 0.000 0.0000
6272.722186 0.000 -0.0000
6318.176916 0.000 -0.0000
6363.961031 0.000 -0.0000
6410.076916 0.000 0.0000
6456.526975 0.000 0.0000
6503.313631 0.000 0.0000
6550.439323 0.000 0.0000
6597.906506 0.000 0.0000
6645.717657 0.000 0.0000
6693.875266 0.000 0.0000
6742.381846 0.000 0.0000
6791.239924 0.000 0.0000
6840.452048 0.000 0.0000
6890.020784 0.000 0.0000
6939.948714 0.000 0.0000
6990.238444 0.000 0.0000
7040.892593 0.000 -0.0000
7091.913803 0.000 -0.0000
7143.304734 0.000 0.0000
7195.068065 0.000 0.0000
7247.206494 0.000 -0.0000
7299.722739 0.000 -0.0000
7352.619540 0.000 -0.0000
7405.899652 0.000 -0.0000
7459.565853 0.000 -0.0000
7513.620943 0.000 -0.0000
7568.067737 0.000 -0.0000
7622.909076 0.000 -0.0000
7678.147817 0.000 0.0000
7733.786842 0.000 0.0000
7789.829049 0.000 -0.0000
7846.277361 0.000 -0.0000
7903.134722 0.000 -0.0000
7960.404094 0.000 0.0000
8018.088463 0.000 -0.0000
8076.190838 0.000 0.0000
8134.714246 0.000 0.0000
8193.661738 0.000 0.0000
8253.036389 0.000 0.0000
8312.841293 0.000 0.0000
8373.079567 0.000 0.0000
8433.754353 0.000 0.0000
8494.868814 0.000 0.0000
8556.426135 0.000 0.0000
8618.429526 0.000 0.0000
8680.882219 0.000 0.0000
8743.787470 0.000 0.0000
8807.148559 0.000 -0.0000
8870.968788 0.000 -0.0000
8935.251484 0.000 -0.0000
9000.000000 0.000 -0.0000
9065.217710 0.000 -0.0000
9130.908014 0.000 -0.0000
9197.074338 0.000 0.0000
9263.720130 0.000 0.0000
9330.848865 0.000 0.0000
9398.464042 0.000 0.0000
9466.569187 0.000 0.0000
9535.167849 0.000 0.0000
9604.263606 0.000 -0.0000
9673.860059 0.000 -0.0000
9743.960837 0.000 -0.0000
9814.569594 0.000 0.0000
9885.690011 0.000 0.0000
9957.325796 0.000 0.0000
10029.480683 0.000 0.0000
10102.158435 0.000 0.0000
10175.362839 0.000 0.0000
10249.097713 0.000 0.0000
10323.366900 0.000 -0.0000
10398.174272 0.000 -0.0000
10473.523729 0.000 -0.0000
10549.419199 0.000 -0.0000
10625.864640 0.000 -0.0000
10702.864035 0.000 -0.0000
10780.421400 0.000 0.0000
10858.540777 0.000 -0.0000
10937.226240 0.000 -0.0000
11016.481890 0.000 -0.0000
11096.311859 0.000 -0.0000
11176.720309 0.000 -0.0000
11257.711431 0.000 -0.0000
11339.289449 0.000 0.0000
11421.458615 0.000 0.0000
11504.223212 0.000 0.0000
11587.587556 0.000 0.0000
11671.555992 0.000 0.0000
11756.132898 0.000 0.0000
11841.322683 0.000 -0.0000
11927.129788 0.000 -0.0000
12013.558688 0.000 -0.0000
12100.613886 0.000 -0.0000
12188.299922 0.000 -0.0000
12276.621368 0.000 -0.0000
12365.582827 0.000 -0.0000
12455.188938 0.000 -0.0000
12545.444371 0.000 -0.0000
12636.353832 0.000 0.0000
12727.922061 0.000 0.0000
12820.153831 0.000 -0.0000
12913.053951 0.000 -0.0000
13006.627263 0.000 -0.0000
13100.878646 0.000 0.0000
13195.813013 0.000 0.0000
13291.435313 0.000 0.0000
13387.750533 0.000 0.0000
13484.763692 0.000 0.0000
13582.479848 0.000 0.0000
13680.904096 0.000 0.0000
13780.041567 0.000 0.0000
13879.897429 0.000 0.0000
13980.476887 0.000 0.0000
14081.785186 0.000 0.0000
14183.827606 0.000 0.0000
14286.609468 0.000 0.0000
14390.136129 0.000 -0.0000
14494.412988 0.000 -0.0000
14599.445479 0.000 -0.0000
14705.239079 0.000 -0.0000
14811.799303 0.000 -0.0000
14919.131707 0.000 -0.0000
15027.241885 0.000 -0.0000
15136.135475 0.000 -0.0000
15245.818152 0.000 -0.0000
15356.295635 0.000 -0.0000
15467.573683 0.000 -0.0000
15579.658098 0.000 -0.0000
15692.554723 0.000 0.0000
15806.269443 0.000 0.0000
15920.808187 0.000 -0.0000
16036.176927 0.000 -0.0000
16152.381675 0.000 -0.0000
16269.428491 0.000 0.0000
16387.323477 0.000 0.0000
16506.072778 0.000 0.0000
16625.682585 0.000 0.0000
16746.159135 0.000 0.0000
16867.508707 0.000 0.0000
16989.737628 0.000 0.0000
17112.852271 0.000 0.0000
17236.859053 0.000 -0.0000
17361.764439 0.000 -0.0000
17487.574941 0.000 0.0000
17614.297118 0.000 0.0000
17741.937576 0.000 0.0000
17870.502969 0.000 0.0000
18000.000000 0.000 0.0000
18130.435420 0.000 0.0000
18261.816029 0.000 0.0000
18394.148676 0.000 0.0000
18527.440260 0.000 0.0000
18661.697729 0.000 0.0000
18796.928084 0.000 0.0000
18933.138373 0.000 -0.0000
19070.335698 0.000 0.0000
19208.527212 0.000 0.0000
19347.720119 0.000 -0.0000
19487.921674 0.000 -0.0000
19629.139188 0.000 -0.0000
19771.380022 0.000 -0.0000
19914.651592 0.000 -0.0000
20058.961367 0.000 -0.0000
20204.316870 0.000 0.0000
20350.725678 0.000 -0.0000
20498.195426 0.000 -0.0000
20646.733800 0.000 -0.0000
20796.348544 0.000 -0.0000
20947.047458 0.000 -0.0000
21098.838399 0.000 -0.0000
21251.729279 0.000 -0.0000
21405.728070 0.000 -0.0000
21560.842800 0.000 -0.0000
21717.081554 0.000 -0.0000
21874.452480 0.000 -0.0000
22032.963779 0.000 -0.0000
22192.623718 0.000 -0.0000
22353.440617 0.000 -0.0000
22515.422863 0.000 -0.0000
22678.578898 0.000 -0.0000
22842.917229 0.000 0.0000
23008.446424 0.000 0.0000
23175.175112 0.000 0.0000
23343.111984 0.000 0.0000
23512.265796 0.000 0.0000
23682.645366 0.000 0.0000
23854.259577 0.000 0.0000
24027.117375 0.000 0.0000
