* Measurement data measured by REW V5.40 beta 121
* Source: 
* Format: 
* Dated: Aug 12, 2026, 4:14:57 PM
* REW Settings:
*  C-weighting compensation: Off
*  Target level: 71.2 dB
* Note: ; Copy of L 120.Rscreen.orig
* Measurement: L120 [FDW8]
* Smoothing: 1/48 octave
* Frequency Step: 96 ppo
* Start Frequency: 15.014648 Hz
*
* Freq(Hz) SPL(dB) Phase(degrees)
15.014648 69.576 -159.8014
15.123451 69.661 -161.3081
15.233042 69.769 -162.7707
15.343426 69.886 -164.1783
15.454611 70.009 -165.5184
15.566602 70.138 -166.7945
15.679404 70.270 -168.0202
15.793023 70.402 -169.2033
15.907466 70.537 -170.3304
16.022738 70.670 -171.4288
16.138845 70.802 -172.5299
16.255794 70.933 -173.6171
16.373590 71.061 -174.7107
16.492240 71.187 -175.8510
16.611750 71.311 -177.0300
16.732125 71.434 -178.2543
16.853373 71.556 -179.5567
16.975500 71.680 179.0653
17.098511 71.805 177.6132
17.222414 71.933 176.0687
17.347215 72.067 174.4366
17.472920 72.206 172.7197
17.599536 72.351 170.9111
17.727069 72.505 169.0173
17.855527 72.667 167.0451
17.984915 72.839 164.9948
18.115241 73.022 162.8727
18.246512 73.216 160.6951
18.378734 73.419 158.4722
18.511914 73.634 156.2054
18.646058 73.858 153.9332
18.781175 74.090 151.6671
18.917272 74.328 149.4084
19.054354 74.568 147.2200
19.192430 74.808 145.0869
19.331506 75.044 143.0310
19.471590 75.270 141.1040
19.612689 75.483 139.2673
19.754811 75.680 137.5573
19.897962 75.856 135.9830
20.042151 76.011 134.5160
20.187385 76.140 133.1727
20.333671 76.244 131.9368
20.481017 76.324 130.7856
20.629431 76.381 129.7098
20.778920 76.415 128.6924
20.929493 76.433 127.6901
21.081157 76.436 126.7058
21.233919 76.428 125.6939
21.387789 76.415 124.6316
21.542774 76.398 123.5107
21.698882 76.384 122.2876
21.856121 76.374 120.9690
22.014499 76.369 119.5336
22.174025 76.372 117.9753
22.334708 76.383 116.3055
22.496554 76.400 114.5166
22.659573 76.423 112.6270
22.823774 76.449 110.6519
22.989164 76.477 108.5923
23.155753 76.502 106.4849
23.323549 76.523 104.3163
23.492562 76.537 102.1308
23.662798 76.541 99.9117
23.834269 76.534 97.6969
24.006982 76.513 95.4765
24.180946 76.478 93.2748
24.356171 76.428 91.0921
24.532666 76.363 88.9396
24.710440 76.283 86.8268
24.889502 76.189 84.7559
25.069862 76.082 82.7411
25.251528 75.963 80.7814
25.434511 75.835 78.8901
25.618820 75.699 77.0673
25.804465 75.557 75.3227
25.991454 75.410 73.6581
26.179799 75.261 72.0784
26.369509 75.110 70.5859
26.560593 74.959 69.1818
26.753062 74.809 67.8670
26.946926 74.660 66.6422
27.142194 74.513 65.5049
27.338878 74.366 64.4568
27.536987 74.220 63.4928
27.736531 74.074 62.6166
27.937521 73.927 61.8221
28.139968 73.780 61.1151
28.343882 73.631 60.4909
28.549273 73.480 59.9554
28.756153 73.330 59.5049
28.964532 73.180 59.1431
29.174421 73.033 58.8712
29.385831 72.891 58.6852
29.598773 72.757 58.5887
29.813258 72.635 58.5703
30.029297 72.528 58.6288
30.246902 72.439 58.7514
30.466083 72.372 58.9191
30.686853 72.332 59.1208
30.909222 72.320 59.3177
31.133203 72.339 59.4900
31.358807 72.389 59.5999
31.586046 72.469 59.6066
31.814932 72.577 59.4897
32.045476 72.710 59.2032
32.277691 72.863 58.7326
32.511588 73.032 58.0613
32.747180 73.210 57.1751
32.984480 73.393 56.0806
33.223499 73.576 54.7776
33.464250 73.754 53.2846
33.706746 73.924 51.6168
33.950999 74.081 49.7909
34.197022 74.223 47.8405
34.444828 74.347 45.7827
34.694429 74.451 43.6404
34.945839 74.532 41.4486
35.199071 74.589 39.2280
35.454138 74.620 37.0094
35.711054 74.624 34.8296
35.969831 74.601 32.7010
36.230483 74.551 30.6392
36.493024 74.473 28.6717
36.757467 74.366 26.8143
37.023827 74.231 25.0795
37.292117 74.069 23.4821
37.562351 73.880 22.0359
37.834543 73.666 20.7491
38.108708 73.429 19.6311
38.384859 73.171 18.6884
38.663012 72.896 17.9254
38.943180 72.606 17.3483
39.225378 72.307 16.9637
39.509622 72.002 16.7755
39.795925 71.696 16.7853
40.084302 71.395 16.9989
40.374770 71.104 17.4191
40.667342 70.829 18.0455
40.962034 70.577 18.8719
41.258862 70.353 19.8887
41.557841 70.162 21.0804
41.858986 70.010 22.4242
42.162313 69.901 23.8901
42.467839 69.839 25.4419
42.775578 69.825 27.0378
43.085548 69.862 28.6340
43.397763 69.948 30.1861
43.712242 70.081 31.6511
44.028998 70.261 32.9884
44.348051 70.483 34.1605
44.669415 70.745 35.1340
44.993108 71.041 35.8786
45.319147 71.367 36.3663
45.647548 71.717 36.5742
45.978329 72.086 36.4840
46.311507 72.467 36.0819
46.647099 72.855 35.3595
46.985123 73.243 34.3134
47.325597 73.626 32.9456
47.668537 73.998 31.2633
48.013963 74.355 29.2787
48.361892 74.693 27.0089
48.712342 75.008 24.4732
49.065332 75.297 21.6937
49.420880 75.559 18.6952
49.779004 75.790 15.5023
50.139723 75.991 12.1390
50.503056 76.158 8.6290
50.869022 76.293 4.9941
51.237640 76.395 1.2546
51.608929 76.463 -2.5716
51.982909 76.498 -6.4695
52.359598 76.501 -10.4263
52.739018 76.473 -14.4316
53.121186 76.414 -18.4781
53.506124 76.326 -22.5601
53.893852 76.209 -26.6748
54.284389 76.066 -30.8219
54.677756 75.898 -35.0020
55.073973 75.704 -39.2190
55.473062 75.484 -43.4785
55.875043 75.240 -47.7876
56.279936 74.970 -52.1552
56.687764 74.673 -56.5914
57.098547 74.345 -61.1100
57.512306 73.983 -65.7274
57.929064 73.583 -70.4669
58.348842 73.138 -75.3594
58.771662 72.642 -80.4442
59.197546 72.087 -85.7756
59.626515 71.466 -91.4271
60.058594 70.769 -97.4976
60.493803 69.990 -104.1218
60.932166 69.126 -111.4812
61.373706 68.179 -119.8120
61.818445 67.167 -129.4115
62.266407 66.130 -140.6144
62.717615 65.147 -153.7075
63.172093 64.333 -168.7075
63.629864 63.819 174.9324
64.090952 63.676 158.3462
64.555381 63.866 142.7509
65.023176 64.269 128.8766
65.494361 64.756 116.8722
65.968960 65.234 106.5399
66.446998 65.647 97.5694
66.928501 65.964 89.6990
67.413492 66.175 82.7375
67.901998 66.273 76.5452
68.394044 66.258 71.0536
68.889655 66.129 66.2545
69.388858 65.885 62.1776
69.891679 65.529 58.9219
70.398142 65.063 56.6578
70.908276 64.500 55.6376
71.422107 63.869 56.2222
71.939661 63.232 58.8462
72.460965 62.709 63.8751
72.986047 62.478 71.2150
73.514934 62.703 79.8898
74.047654 63.424 88.1666
74.584234 64.517 94.6174
75.124702 65.798 98.7241
75.669086 67.123 100.7012
76.217416 68.408 100.9829
76.769719 69.616 99.9949
77.326024 70.733 98.0649
77.886360 71.755 95.4350
78.450757 72.686 92.2778
79.019243 73.529 88.7177
79.591849 74.289 84.8477
80.168605 74.970 80.7368
80.749539 75.576 76.4417
81.334684 76.110 72.0078
81.924068 76.576 67.4728
82.517724 76.976 62.8737
83.115681 77.314 58.2382
83.717972 77.590 53.5956
84.324627 77.808 48.9720
84.935678 77.971 44.3882
85.551157 78.080 39.8682
86.171096 78.139 35.4325
86.795527 78.148 31.1000
87.424483 78.111 26.8922
88.057997 78.030 22.8306
88.696102 77.907 18.9370
89.338830 77.743 15.2354
89.986216 77.543 11.7532
90.638293 77.308 8.5179
91.295096 77.040 5.5589
91.956658 76.745 2.9060
92.623013 76.426 0.5897
93.294198 76.089 -1.3618
93.970246 75.741 -2.9243
94.651193 75.391 -4.0801
95.337075 75.047 -4.8217
96.027927 74.720 -5.1552
96.723785 74.422 -5.1030
97.424685 74.162 -4.7078
98.130664 73.949 -4.0304
98.841760 73.792 -3.1459
99.558008 73.692 -2.1378
100.279446 73.649 -1.0891
101.006112 73.662 -0.0754
101.738044 73.726 0.8402
102.475280 73.833 1.6108
103.217858 73.978 2.2042
103.965817 74.154 2.5992
104.719197 74.356 2.7821
105.478035 74.578 2.7433
106.242372 74.815 2.4755
107.012248 75.062 1.9732
107.787703 75.314 1.2328
108.568777 75.567 0.2544
109.355511 75.814 -0.9558
110.147947 76.051 -2.3859
110.946124 76.273 -4.0173
111.750085 76.476 -5.8253
112.559873 76.656 -7.7801
113.375528 76.810 -9.8493
114.197094 76.939 -11.9989
115.024613 77.041 -14.1953
115.858129 77.117 -16.4072
116.697684 77.169 -18.6074
117.543324 77.198 -20.7733
118.395091 77.209 -22.8882
119.253031 77.203 -24.9404
120.117188 77.183 -26.9241
120.987606 77.152 -28.8381
121.864332 77.112 -30.6853
122.747411 77.066 -32.4705
123.636890 77.014 -34.1990
124.532814 76.958 -35.8760
125.435230 76.898 -37.5049
126.344185 76.835 -39.0879
127.259727 76.771 -40.6257
128.181904 76.706 -42.1180
129.110763 76.642 -43.5654
130.046352 76.579 -44.9706
130.988722 76.520 -46.3385
131.937920 76.465 -47.6779
132.893997 76.415 -49.0004
133.857001 76.371 -50.3207
134.826984 76.332 -51.6556
135.803996 76.298 -53.0214
136.788088 76.266 -54.4328
137.779311 76.235 -55.9011
138.777717 76.202 -57.4330
139.783357 76.165 -59.0301
140.796285 76.120 -60.6884
141.816553 76.065 -62.3987
142.844214 76.000 -64.1474
143.879322 75.922 -65.9182
144.921931 75.832 -67.6931
145.972095 75.730 -69.4549
147.029869 75.616 -71.1879
148.095308 75.493 -72.8806
149.168468 75.364 -74.5266
150.249404 75.230 -76.1263
151.338173 75.094 -77.6866
152.434832 74.957 -79.2201
153.539437 74.820 -80.7437
154.652047 74.683 -82.2775
155.772720 74.546 -83.8412
156.901513 74.407 -85.4528
158.038486 74.263 -87.1251
159.183698 74.110 -88.8660
160.337209 73.945 -90.6779
161.499079 73.764 -92.5568
162.669367 73.566 -94.4942
163.848137 73.346 -96.4773
165.035448 73.102 -98.4907
166.231363 72.832 -100.5183
167.435944 72.533 -102.5430
168.649254 72.205 -104.5488
169.871356 71.843 -106.5203
171.102314 71.446 -108.4424
172.342191 71.009 -110.2979
173.591054 70.526 -112.0640
174.848966 69.990 -113.7084
176.115994 69.389 -115.1788
177.392203 68.712 -116.3907
178.677660 67.944 -117.2115
179.972432 67.071 -117.4300
181.276587 66.079 -116.7144
182.590191 64.972 -114.5479
183.913315 63.790 -110.1648
185.246027 62.663 -102.6142
186.588396 61.870 -91.3613
187.940492 61.762 -77.6850
189.302387 62.447 -64.9243
190.674150 63.654 -55.7002
192.055853 65.036 -50.3046
193.447569 66.385 -47.8801
194.849370 67.616 -47.5206
196.261329 68.708 -48.5629
197.683519 69.664 -50.5628
199.116016 70.495 -53.2263
200.558892 71.213 -56.3547
202.012225 71.831 -59.8109
203.476089 72.360 -63.4977
204.950560 72.808 -67.3436
206.435716 73.184 -71.2955
207.931635 73.494 -75.3137
209.438393 73.746 -79.3679
210.956070 73.943 -83.4344
212.484745 74.091 -87.4954
214.024497 74.194 -91.5367
215.575406 74.254 -95.5473
217.137555 74.274 -99.5172
218.711023 74.257 -103.4377
220.295893 74.205 -107.3004
221.892248 74.120 -111.0975
223.500171 74.004 -114.8218
225.119745 73.859 -118.4662
226.751056 73.686 -122.0237
228.394187 73.488 -125.4885
230.049226 73.266 -128.8577
231.716257 73.022 -132.1287
233.395369 72.759 -135.3024
235.086648 72.478 -138.3824
236.790182 72.181 -141.3748
238.506062 71.868 -144.2861
240.234375 71.540 -147.1251
241.975212 71.198 -149.9001
243.728664 70.839 -152.6198
245.494823 70.464 -155.2904
247.273780 70.070 -157.9176
249.065627 69.655 -160.5046
250.870459 69.217 -163.0530
252.688370 68.752 -165.5621
254.519454 68.256 -168.0283
256.363807 67.725 -170.4438
258.221525 67.152 -172.7939
260.092705 66.530 -175.0554
261.977444 65.850 -177.1903
263.875840 65.103 -179.1406
265.787993 64.276 179.1802
267.714003 63.358 177.8993
269.653969 62.337 177.2039
271.607992 61.201 177.3706
273.576176 59.952 178.8101
275.558622 58.608 -177.8782
277.555433 57.250 -171.9004
279.566714 56.059 -162.5253
281.592570 55.340 -149.9705
283.633106 55.345 -136.3934
285.688428 56.018 -124.7910
287.758644 57.058 -116.6128
289.843862 58.193 -111.6005
291.944190 59.281 -108.9420
294.059738 60.265 -107.9086
296.190616 61.134 -107.9781
298.336935 61.891 -108.7982
300.498808 62.548 -110.1338
302.676346 63.114 -111.8267
304.869664 63.600 -113.7683
307.078875 64.014 -115.8828
309.304095 64.361 -118.1135
311.545440 64.647 -120.4154
313.803027 64.875 -122.7473
316.076973 65.048 -125.0673
318.367397 65.167 -127.3293
320.674418 65.236 -129.4812
322.998157 65.257 -131.4641
325.338735 65.238 -133.2146
327.696273 65.184 -134.6663
330.070896 65.109 -135.7557
332.462726 65.026 -136.4314
334.871888 64.955 -136.6632
337.298507 64.916 -136.4578
339.742711 64.931 -135.8701
342.204627 65.021 -135.0117
344.684383 65.198 -134.0425
347.182108 65.465 -133.1494
349.697933 65.815 -132.5142
352.231988 66.233 -132.2815
354.784406 66.698 -132.5410
357.355320 67.188 -133.3279
359.944864 67.684 -134.6306
362.553173 68.169 -136.4062
365.180383 68.630 -138.5941
367.826630 69.061 -141.1261
370.492054 69.456 -143.9355
373.176792 69.813 -146.9604
375.880985 70.130 -150.1455
378.604773 70.409 -153.4441
381.348300 70.651 -156.8167
384.111707 70.859 -160.2319
386.895138 71.034 -163.6655
389.698740 71.180 -167.0984
392.522658 71.299 -170.5164
395.367039 71.393 -173.9092
398.232031 71.464 -177.2690
401.117785 71.512 179.4103
404.024450 71.541 176.1327
406.952177 71.551 172.9011
409.901120 71.543 169.7168
412.871433 71.515 166.5820
415.863270 71.470 163.5012
418.876786 71.404 160.4824
421.912140 71.318 157.5371
424.969489 71.211 154.6826
428.048993 71.081 151.9415
431.150813 70.929 149.3434
434.275109 70.755 146.9220
437.422046 70.563 144.7139
440.591786 70.355 142.7585
443.784496 70.137 141.0935
447.000341 69.918 139.7500
450.239490 69.706 138.7493
453.502111 69.513 138.0979
456.788374 69.351 137.7825
460.098451 69.233 137.7649
463.432514 69.171 137.9811
466.790737 69.173 138.3435
470.173295 69.244 138.7483
473.580365 69.383 139.0857
477.012124 69.587 139.2515
480.468750 69.846 139.1561
483.950425 70.150 138.7318
487.457329 70.485 137.9360
490.989646 70.839 136.7498
494.547559 71.199 135.1746
498.131254 71.555 133.2283
501.740919 71.897 130.9399
505.376740 72.219 128.3459
509.038909 72.514 125.4858
512.727614 72.781 122.3992
516.443050 73.015 119.1235
520.185409 73.215 115.6941
523.954887 73.380 112.1415
527.751680 73.511 108.4924
531.575987 73.606 104.7705
535.428005 73.666 100.9965
539.307937 73.690 97.1888
543.215985 73.678 93.3652
547.152352 73.630 89.5432
551.117243 73.546 85.7407
555.110866 73.425 81.9766
559.133428 73.267 78.2716
563.185140 73.072 74.6489
567.266211 72.839 71.1338
571.376856 72.571 67.7544
575.517288 72.266 64.5420
579.687724 71.929 61.5295
583.888380 71.560 58.7507
588.119476 71.166 56.2383
592.381232 70.750 54.0217
596.673871 70.320 52.1244
600.997615 69.883 50.5580
605.352692 69.450 49.3192
609.739327 69.026 48.3870
614.157750 68.621 47.7211
618.608190 68.238 47.2666
623.090880 67.878 46.9591
627.606053 67.540 46.7365
632.153945 67.217 46.5493
636.734793 66.899 46.3715
641.348836 66.577 46.2053
645.996314 66.239 46.0865
650.677470 65.877 46.0831
655.392547 65.485 46.2921
660.141792 65.061 46.8373
664.925451 64.614 47.8625
669.743775 64.157 49.5193
674.597014 63.719 51.9392
679.485423 63.336 55.1964
684.409254 63.059 59.2483
689.368766 62.933 63.8901
694.364216 62.988 68.7598
699.395865 63.229 73.4224
704.463976 63.629 77.4973
709.568812 64.145 80.7485
714.710640 64.731 83.0964
719.889728 65.347 84.5747
725.106346 65.964 85.2778
730.360766 66.565 85.3174
735.653261 67.137 84.7999
740.984108 67.674 83.8179
746.353584 68.172 82.4485
751.761970 68.629 80.7561
757.209547 69.043 78.7953
762.696599 69.414 76.6135
768.223413 69.742 74.2544
773.790277 70.027 71.7600
779.397480 70.268 69.1699
785.045315 70.467 66.5226
790.734077 70.627 63.8540
796.464062 70.749 61.1973
802.235569 70.836 58.5829
808.048899 70.891 56.0354
813.904354 70.921 53.5732
819.802241 70.928 51.2069
825.742866 70.918 48.9376
831.726539 70.896 46.7576
837.753572 70.863 44.6505
843.824280 70.822 42.5944
849.938979 70.775 40.5648
856.097987 70.719 38.5393
862.301626 70.651 36.5015
868.550219 70.568 34.4445
874.844092 70.467 32.3729
881.183573 70.343 30.3030
887.568992 70.192 28.2605
894.000683 70.014 26.2815
900.478980 69.807 24.4059
907.004222 69.573 22.6753
913.576749 69.315 21.1278
920.196903 69.039 19.7948
926.865029 68.749 18.6962
933.581475 68.453 17.8375
940.346591 68.157 17.2095
947.160730 67.864 16.7908
954.024247 67.578 16.5540
960.937500 67.300 16.4740
967.900849 67.027 16.5370
974.914658 66.756 16.7460
981.979291 66.486 17.1243
989.095118 66.219 17.7133
996.262509 65.957 18.5609
1003.481838 65.709 19.7102
1010.753481 65.488 21.1829
1018.077817 65.309 22.9646
1025.455229 65.186 24.9973
1032.886100 65.130 27.1809
1040.370819 65.145 29.3885
1047.909774 65.230 31.4922
1055.503361 65.375 33.3861
1063.151973 65.567 35.0017
1070.856010 65.792 36.3101
1078.615875 66.039 37.3145
1086.431970 66.296 38.0400
1094.304704 66.558 38.5212
1102.234487 66.822 38.7916
1110.221732 67.084 38.8785
1118.266856 67.347 38.8016
1126.370279 67.608 38.5707
1134.532422 67.868 38.1871
1142.753712 68.127 37.6467
1151.034577 68.383 36.9432
1159.375448 68.634 36.0709
1167.776760 68.877 35.0262
1176.238952 69.109 33.8092
1184.762464 69.327 32.4266
1193.347741 69.525 30.8920
1201.995231 69.702 29.2244
1210.705384 69.854 27.4478
1219.478654 69.980 25.5903
1228.315499 70.079 23.6812
1237.216380 70.152 21.7469
1246.181760 70.201 19.8119
1255.212106 70.226 17.8954
1264.307891 70.231 16.0107
1273.469587 70.217 14.1653
1282.697672 70.186 12.3615
1291.992628 70.141 10.5978
1301.354940 70.081 8.8712
1310.785094 70.007 7.1772
1320.283583 69.919 5.5135
1329.850902 69.815 3.8811
1339.487550 69.694 2.2828
1349.194029 69.556 0.7258
1358.970845 69.398 -0.7789
1368.818508 69.218 -2.2155
1378.737531 69.016 -3.5618
1388.728432 68.790 -4.7904
1398.791730 68.540 -5.8672
1408.927952 68.267 -6.7504
1419.137625 67.972 -7.3903
1429.421281 67.661 -7.7316
1439.779457 67.340 -7.7169
1450.212692 67.021 -7.2969
1460.721531 66.719 -6.4386
1471.306521 66.453 -5.1422
1481.968215 66.242 -3.4548
1492.707168 66.105 -1.4775
1503.523939 66.053 0.6388
1514.419093 66.089 2.7162
1525.393198 66.208 4.5826
1536.446826 66.393 6.1007
1547.580553 66.624 7.1851
1558.794960 66.881 7.8041
1570.090631 67.144 7.9697
1581.468155 67.398 7.7253
1592.928125 67.630 7.1315
1604.471139 67.831 6.2582
1616.097798 67.997 5.1772
1627.808709 68.125 3.9591
1639.604482 68.213 2.6714
1651.485732 68.264 1.3761
1663.453078 68.281 0.1284
1675.507145 68.268 -1.0231
1687.648560 68.232 -2.0399
1699.877958 68.179 -2.8944
1712.195974 68.116 -3.5714
1724.603252 68.051 -4.0687
1737.100438 67.992 -4.3979
1749.688184 67.945 -4.5826
1762.367146 67.914 -4.6564
1775.137984 67.903 -4.6588
1788.001366 67.913 -4.6313
1800.957961 67.945 -4.6135
1814.008445 67.994 -4.6385
1827.153498 68.060 -4.7334
1840.393805 68.139 -4.9164
1853.730057 68.226 -5.1979
1867.162949 68.319 -5.5819
1880.693182 68.414 -6.0685
1894.321460 68.510 -6.6536
1908.048494 68.603 -7.3315
1921.875000 68.693 -8.0961
1935.801698 68.777 -8.9407
1949.829316 68.855 -9.8580
1963.958583 68.924 -10.8411
1978.190236 68.985 -11.8835
1992.525018 69.036 -12.9789
2006.963676 69.077 -14.1204
2021.506962 69.105 -15.3004
2036.155634 69.121 -16.5105
2050.910458 69.123 -17.7415
2065.772200 69.109 -18.9816
2080.741637 69.080 -20.2164
2095.819549 69.035 -21.4287
2111.006721 68.972 -22.5984
2126.303946 68.893 -23.7023
2141.712021 68.798 -24.7150
2157.231749 68.691 -25.6102
2172.863940 68.573 -26.3625
2188.609407 68.449 -26.9502
2204.468973 68.326 -27.3591
2220.443464 68.210 -27.5853
2236.533713 68.106 -27.6383
2252.740558 68.024 -27.5424
2269.064845 67.966 -27.3358
2285.507424 67.938 -27.0673
2302.069153 67.939 -26.7889
2318.750895 67.968 -26.5505
2335.553520 68.022 -26.3922
2352.477904 68.095 -26.3424
2369.524928 68.182 -26.4143
2386.695483 68.278 -26.6085
2403.990462 68.381 -26.9170
2421.410768 68.486 -27.3265
2438.957308 68.592 -27.8245
2456.630998 68.700 -28.4016
2474.432759 68.809 -29.0538
2492.363519 68.920 -29.7831
2510.424213 69.032 -30.5966
2528.615781 69.144 -31.5042
2546.939174 69.255 -32.5160
2565.395345 69.361 -33.6388
2583.985257 69.460 -34.8740
2602.709879 69.548 -36.2167
2621.570188 69.622 -37.6548
2640.567166 69.678 -39.1703
2659.701804 69.715 -40.7402
2678.975100 69.731 -42.3385
2698.388058 69.726 -43.9376
2717.941690 69.701 -45.5106
2737.637016 69.657 -47.0321
2757.475062 69.595 -48.4799
2777.456863 69.520 -49.8344
2797.583461 69.433 -51.0791
2817.855904 69.340 -52.2030
2838.275249 69.243 -53.1997
2858.842562 69.148 -54.0682
2879.558913 69.059 -54.8148
2900.425384 68.981 -55.4531
2921.443062 68.918 -56.0060
2942.613043 68.872 -56.5040
2963.936430 68.847 -56.9834
2985.414335 68.841 -57.4839
3007.047878 68.853 -58.0454
3028.838187 68.881 -58.7039
3050.786397 68.919 -59.4880
3072.893653 68.963 -60.4170
3095.161107 69.005 -61.4998
3117.589920 69.041 -62.7354
3140.181262 69.064 -64.1133
3162.936310 69.068 -65.6147
3185.856250 69.049 -67.2145
3208.942278 69.003 -68.8809
3232.195596 68.927 -70.5780
3255.617418 68.818 -72.2657
3279.208964 68.675 -73.8992
3302.971464 68.499 -75.4303
3326.906156 68.289 -76.8079
3351.014290 68.049 -77.9786
3375.297121 67.784 -78.8873
3399.755915 67.498 -79.4810
3424.391948 67.203 -79.7124
3449.206504 66.909 -79.5443
3474.200876 66.632 -78.9606
3499.376367 66.386 -77.9735
3524.734291 66.189 -76.6313
3550.275969 66.055 -75.0214
3576.002732 65.993 -73.2642
3601.915922 66.006 -71.4979
3628.016889 66.089 -69.8573
3654.306995 66.231 -68.4521
3680.787610 66.418 -67.3545
3707.460115 66.633 -66.5958
3734.325899 66.862 -66.1711
3761.386364 67.093 -66.0488
3788.642920 67.315 -66.1802
3816.096988 67.524 -66.5076
3843.750000 67.717 -66.9736
3871.603397 67.893 -67.5260
3899.658631 68.055 -68.1208
3927.917165 68.208 -68.7267
3956.380472 68.355 -69.3256
3985.050036 68.502 -69.9156
4013.927351 68.654 -70.5093
4043.013923 68.813 -71.1294
4072.311269 68.980 -71.8069
4101.820915 69.156 -72.5746
4131.544400 69.338 -73.4631
4161.483274 69.522 -74.4972
4191.639097 69.703 -75.6912
4222.013442 69.875 -77.0494
4252.607892 70.033 -78.5657
4283.424042 70.173 -80.2238
4314.463498 70.289 -82.0010
4345.727879 70.378 -83.8672
4377.218815 70.438 -85.7880
4408.937947 70.466 -87.7251
4440.886929 70.464 -89.6383
4473.067426 70.432 -91.4872
4505.481116 70.372 -93.2333
4538.129690 70.290 -94.8425
4571.014848 70.189 -96.2885
4604.138306 70.076 -97.5554
4637.501790 69.959 -98.6414
4671.107040 69.843 -99.5599
4704.955807 69.733 -100.3396
4739.049856 69.633 -101.0188
4773.390965 69.544 -101.6399
4807.980924 69.464 -102.2426
4842.821536 69.389 -102.8564
4877.914617 69.315 -103.4965
4913.261997 69.235 -104.1606
4948.865519 69.145 -104.8330
4984.727038 69.042 -105.4849
5020.848425 68.923 -106.0806
5057.231563 68.790 -106.5825
5093.878347 68.644 -106.9551
5130.790689 68.488 -107.1692
5167.970514 68.329 -107.2053
5205.419759 68.172 -107.0551
5243.140376 68.023 -106.7234
5281.134332 67.886 -106.2255
5319.403609 67.766 -105.5833
5357.950200 67.665 -104.8220
5396.776116 67.584 -103.9663
5435.883380 67.524 -103.0360
5475.274032 67.486 -102.0463
5514.950125 67.470 -101.0096
5554.913727 67.477 -99.9382
5595.166922 67.509 -98.8488
5635.711808 67.566 -97.7635
5676.550498 67.650 -96.7128
5717.685123 67.762 -95.7327
5759.117827 67.897 -94.8624
5800.850769 68.053 -94.1381
5842.886124 68.224 -93.5887
5885.226086 68.404 -93.2327
5927.872860 68.586 -93.0745
5970.828671 68.764 -93.1063
6014.095756 68.931 -93.3097
6057.676373 69.082 -93.6571
6101.572794 69.215 -94.1157
6145.787305 69.327 -94.6511
6190.322213 69.417 -95.2299
6235.179840 69.487 -95.8224
6280.362523 69.538 -96.4037
6325.872619 69.572 -96.9546
6371.712500 69.591 -97.4613
6417.884555 69.596 -97.9149
6464.391192 69.590 -98.3092
6511.234836 69.575 -98.6403
6558.417927 69.551 -98.9047
6605.942927 69.521 -99.0996
6653.812313 69.485 -99.2224
6702.028580 69.445 -99.2706
6750.594241 69.401 -99.2433
6799.511830 69.357 -99.1401
6848.783896 69.312 -98.9637
6898.413007 69.269 -98.7186
6948.401751 69.228 -98.4104
6998.752735 69.190 -98.0454
7049.468582 69.155 -97.6281
7100.551937 69.125 -97.1619
7152.005464 69.098 -96.6495
7203.831844 69.076 -96.0928
7256.033779 69.059 -95.4926
7308.613991 69.048 -94.8516
7361.575220 69.044 -94.1750
7414.920229 69.048 -93.4712
7468.651798 69.062 -92.7521
7522.772727 69.084 -92.0316
7577.285840 69.114 -91.3232
7632.193976 69.151 -90.6383
7687.500000 69.193 -89.9847
7743.206794 69.238 -89.3658
7799.317262 69.284 -88.7800
7855.834330 69.330 -88.2222
7912.760944 69.376 -87.6854
7970.100072 69.420 -87.1631
8027.854702 69.462 -86.6498
8086.027847 69.501 -86.1401
8144.622538 69.539 -85.6305
8203.641830 69.576 -85.1179
8263.088801 69.611 -84.5995
8322.966548 69.645 -84.0719
8383.278195 69.679 -83.5334
8444.026884 69.712 -82.9835
8505.215784 69.747 -82.4232
8566.848084 69.783 -81.8558
8628.926996 69.821 -81.2869
8691.455758 69.861 -80.7223
8754.437630 69.902 -80.1675
8817.875894 69.945 -79.6271
8881.773857 69.988 -79.1051
8946.134852 70.032 -78.6045
9010.962233 70.075 -78.1276
9076.259380 70.116 -77.6761
9142.029697 70.155 -77.2505
9208.276612 70.189 -76.8494
9275.003581 70.219 -76.4692
9342.214080 70.244 -76.1046
9409.911614 70.262 -75.7494
9478.099713 70.274 -75.3969
9546.781930 70.279 -75.0408
9615.961848 70.277 -74.6764
9685.643071 70.268 -74.2996
9755.829233 70.253 -73.9065
9826.523994 70.231 -73.4926
9897.731037 70.202 -73.0505
9969.454076 70.165 -72.5726
10041.696850 70.123 -72.0496
10114.463125 70.075 -71.4718
10187.756694 70.022 -70.8313
10261.581379 69.967 -70.1222
10335.941028 69.912 -69.3407
10410.839517 69.858 -68.4867
10486.280752 69.808 -67.5629
10562.268665 69.763 -66.5760
10638.807218 69.726 -65.5367
10715.900400 69.699 -64.4595
10793.552232 69.682 -63.3612
10871.766761 69.677 -62.2620
10950.548064 69.681 -61.1823
11029.900250 69.695 -60.1411
11109.827454 69.716 -59.1548
11190.333843 69.740 -58.2339
11271.423615 69.767 -57.3849
11353.100997 69.792 -56.6090
11435.370247 69.812 -55.9019
11518.235653 69.825 -55.2545
11601.701537 69.829 -54.6548
11685.772249 69.822 -54.0872
11770.452172 69.802 -53.5341
11855.745720 69.769 -52.9774
11941.657341 69.724 -52.3982
12028.191513 69.667 -51.7793
12115.352747 69.600 -51.1039
12203.145587 69.523 -50.3571
12291.574610 69.441 -49.5270
12380.644427 69.354 -48.6058
12470.359680 69.267 -47.5903
12560.725047 69.183 -46.4825
12651.745238 69.104 -45.2897
12743.425000 69.034 -44.0245
12835.769110 68.974 -42.7047
12928.782385 68.928 -41.3513
13022.469671 68.894 -39.9878
13116.835855 68.872 -38.6395
13211.885854 68.862 -37.3301
13307.624625 68.861 -36.0797
13404.057159 68.866 -34.9043
13501.188483 68.873 -33.8127
13599.023660 68.879 -32.8066
13697.567791 68.881 -31.8809
13796.826014 68.874 -31.0249
13896.803503 68.856 -30.2216
13997.505470 68.825 -29.4493
14098.937164 68.781 -28.6844
14201.103875 68.723 -27.9015
14304.010928 68.653 -27.0756
14407.663687 68.572 -26.1833
14512.067557 68.483 -25.2058
14617.227981 68.392 -24.1310
14723.150441 68.302 -22.9547
14829.840458 68.217 -21.6819
14937.303595 68.143 -20.3274
15045.545455 68.083 -18.9160
15154.571679 68.038 -17.4780
15264.387953 68.010 -16.0464
15375.000000 67.997 -14.6537
15486.413588 67.997 -13.3270
15598.634525 68.007 -12.0850
15711.668661 68.023 -10.9373
15825.521888 68.041 -9.8837
15940.200144 68.057 -8.9159
16055.709405 68.070 -8.0197
16172.055694 68.078 -7.1771
16289.245076 68.081 -6.3694
16407.283660 68.079 -5.5800
16526.177601 68.073 -4.7948
16645.933097 68.068 -4.0054
16766.556390 68.065 -3.2100
16888.053769 68.066 -2.4137
17010.431568 68.076 -1.6274
17133.696167 68.094 -0.8683
17257.853993 68.123 -0.1591
17382.911517 68.163 0.4799
17508.875259 68.214 1.0280
17635.751787 68.271 1.4492
17763.547714 68.332 1.7311
17892.269704 68.394 1.9131
18021.924466 68.458 1.9829
18152.518759 68.523 1.9225
18284.059393 68.587 1.7340
18416.553225 68.647 1.4207
18550.007161 68.705 0.9865
18684.428160 68.758 0.4346
18819.823228 68.808 -0.2327
18956.199425 68.853 -1.0161
19093.563861 68.894 -1.9186
19231.923695 68.929 -2.9440
19371.286142 68.959 -4.0977
19511.658467 68.980 -5.3864
19653.047987 68.992 -6.8156
19795.462074 68.989 -8.3912
19938.908153 68.969 -10.1248
20083.393701 68.918 -11.8884
20228.926250 68.833 -13.6328
20375.513389 68.712 -15.4882
20523.162758 68.547 -17.4417
20671.882055 68.329 -19.4778
20821.679034 68.047 -21.5801
20972.561504 67.687 -23.7312
21124.537330 67.235 -25.9135
21277.614435 66.672 -28.1097
21431.800801 65.979 -30.3040
21587.104464 65.133 -32.4810
21743.533521 64.132 -34.6279
21901.096129 63.150 -36.7336
