* Measurement data measured by REW V5.40 beta 122
* Source: U18dB [plughw:3,0], Mic (Mic), R, volume: 1.000. Timing signal peak level -29.0 dBFS, measurement signal peak level -14.8 dBFS
* Format: 512k Log Swept Sine, 1 sweep at -12.0 dBFS using an acoustic timing reference
* Dated: Aug 10, 2026, 4:22:17 PM
* REW Settings:
*  C-weighting compensation: Off
*  Target level: 75.0 dB
* Note: ; L -12dBFS OKTO@-29dB mic - speakers 3.48m mic - front wall 4.34 MIC centered Screen panels prolong the 1.75 half wall LEFT Screen panels as traditional Foam panels moved back into the room Delay -0.0009 ms (-0.31 mm, -0.01 in) using estimated IR delay relative to Acoustic reference played from DAC8STEREO R with no timing offset Clock adjustment: -14.8 ppm
* Measurement: R.120.Rscreen
* Smoothing: 1/48 octave
* Frequency Step: 96 ppo
* Start Frequency: 15.014648 Hz
*
* Freq(Hz) SPL(dB) Phase(degrees)
15.014648 68.540 -161.6764
15.123451 68.758 -162.6772
15.233042 69.024 -163.5009
15.343426 69.293 -164.2380
15.454611 69.555 -164.9303
15.566602 69.811 -165.5345
15.679404 70.056 -166.1422
15.793023 70.284 -166.8329
15.907466 70.500 -167.5577
16.022738 70.701 -168.3587
16.138845 70.887 -169.3009
16.255794 71.061 -170.3740
16.373590 71.222 -171.5723
16.492240 71.372 -172.9117
16.611750 71.512 -174.4072
16.732125 71.644 -176.0404
16.853373 71.767 -177.7803
16.975500 71.884 -179.6434
17.098511 71.994 178.3804
17.222414 72.099 176.3428
17.347215 72.198 174.2283
17.472920 72.293 172.0420
17.599536 72.384 169.8376
17.727069 72.472 167.5927
17.855527 72.558 165.3223
17.984915 72.644 163.0791
18.115241 72.731 160.8382
18.246512 72.821 158.6266
18.378734 72.916 156.4910
18.511914 73.016 154.4115
18.646058 73.122 152.4119
18.781175 73.236 150.5161
18.917272 73.357 148.7126
19.054354 73.482 146.9966
19.192430 73.611 145.3735
19.331506 73.742 143.8281
19.471590 73.870 142.3304
19.612689 73.995 140.8837
19.754811 74.112 139.4665
19.897962 74.221 138.0556
20.042151 74.322 136.6533
20.187385 74.412 135.2525
20.333671 74.493 133.8412
20.481017 74.568 132.4288
20.629431 74.638 131.0193
20.778920 74.707 129.6079
20.929493 74.779 128.2073
21.081157 74.856 126.8198
21.233919 74.941 125.4379
21.387789 75.036 124.0676
21.542774 75.141 122.7010
21.698882 75.255 121.3121
21.856121 75.378 119.9123
22.014499 75.506 118.4565
22.174025 75.637 116.9470
22.334708 75.767 115.3607
22.496554 75.893 113.6699
22.659573 76.011 111.8828
22.823774 76.119 109.9763
22.989164 76.217 107.9527
23.155753 76.300 105.8328
23.323549 76.369 103.5952
23.492562 76.424 101.3053
23.662798 76.464 98.9355
23.834269 76.489 96.5602
24.006982 76.500 94.1729
24.180946 76.499 91.8209
24.356171 76.485 89.5244
24.532666 76.461 87.2951
24.710440 76.430 85.1608
24.889502 76.395 83.1110
25.069862 76.358 81.1593
25.251528 76.322 79.2889
25.434511 76.293 77.4906
25.618820 76.272 75.7484
25.804465 76.263 74.0358
25.991454 76.267 72.3380
26.179799 76.286 70.6212
26.369509 76.318 68.8711
26.560593 76.362 67.0559
26.753062 76.415 65.1644
26.946926 76.476 63.1725
27.142194 76.538 61.0780
27.338878 76.600 58.8642
27.536987 76.655 56.5468
27.736531 76.701 54.1122
27.937521 76.733 51.5977
28.139968 76.748 48.9930
28.343882 76.742 46.3478
28.549273 76.712 43.6617
28.756153 76.656 40.9738
28.964532 76.574 38.3047
29.174421 76.462 35.6673
29.385831 76.324 33.0988
29.598773 76.158 30.5950
29.813258 75.968 28.1864
30.029297 75.757 25.8658
30.246902 75.529 23.6467
30.466083 75.290 21.5187
30.686853 75.042 19.4863
30.909222 74.792 17.5312
31.133203 74.543 15.6536
31.358807 74.298 13.8391
31.586046 74.058 12.0786
31.814932 73.824 10.3728
32.045476 73.593 8.7086
32.277691 73.365 7.0896
32.511588 73.138 5.5137
32.747180 72.909 3.9767
32.984480 72.677 2.4794
33.223499 72.441 1.0174
33.464250 72.201 -0.4176
33.706746 71.957 -1.8290
33.950999 71.708 -3.2267
34.197022 71.455 -4.6198
34.444828 71.195 -6.0114
34.694429 70.927 -7.4094
34.945839 70.649 -8.8131
35.199071 70.356 -10.2107
35.454138 70.047 -11.5822
35.711054 69.719 -12.8956
35.969831 69.373 -14.1219
36.230483 69.008 -15.2228
36.493024 68.624 -16.1411
36.757467 68.226 -16.8288
37.023827 67.816 -17.2408
37.292117 67.404 -17.3369
37.562351 67.001 -17.1178
37.834543 66.621 -16.6096
38.108708 66.274 -15.8665
38.384859 65.973 -14.9957
38.663012 65.720 -14.1479
38.943180 65.512 -13.4514
39.225378 65.336 -13.0226
39.509622 65.175 -12.9554
39.795925 65.006 -13.2819
40.084302 64.807 -13.9689
40.374770 64.558 -14.9504
40.667342 64.246 -16.1249
40.962034 63.861 -17.3378
41.258862 63.405 -18.3765
41.557841 62.889 -19.0139
41.858986 62.342 -18.9900
42.162313 61.812 -18.0353
42.467839 61.375 -15.9548
42.775578 61.127 -12.8021
43.085548 61.151 -9.0145
43.397763 61.476 -5.3319
43.712242 62.062 -2.5126
44.028998 62.820 -1.0479
44.348051 63.657 -1.0977
44.669415 64.496 -2.6042
44.993108 65.287 -5.4270
45.319147 66.002 -9.4124
45.647548 66.629 -14.4302
45.978329 67.166 -20.3821
46.311507 67.617 -27.1932
46.647099 67.992 -34.8018
46.985123 68.301 -43.1476
47.325597 68.561 -52.1606
47.668537 68.785 -61.7493
48.013963 68.990 -71.7929
48.361892 69.186 -82.1409
48.712342 69.378 -92.6261
49.065332 69.564 -103.0879
49.420880 69.733 -113.3976
49.779004 69.868 -123.4835
50.139723 69.954 -133.3408
50.503056 69.977 -143.0227
50.869022 69.929 -152.6268
51.237640 69.813 -162.2657
51.608929 69.640 -172.0325
51.982909 69.431 178.0414
52.359598 69.210 168.0218
52.739018 69.000 158.0828
53.121186 68.812 148.4777
53.506124 68.644 139.4805
53.893852 68.480 131.3209
54.284389 68.303 124.1537
54.677756 68.094 118.0617
55.073973 67.841 113.0816
55.473062 67.540 109.2354
55.875043 67.199 106.5535
56.279936 66.836 105.0846
56.687764 66.484 104.8859
57.098547 66.189 105.9851
57.512306 66.014 108.3116
57.929064 66.024 111.6121
58.348842 66.269 115.4064
58.771662 66.761 119.0685
59.197546 67.465 122.0153
59.626515 68.318 123.8702
60.058594 69.249 124.5004
60.493803 70.201 123.9552
60.932166 71.132 122.3698
61.373706 72.012 119.9010
61.818445 72.825 116.7030
62.266407 73.561 112.9167
62.717615 74.214 108.6658
63.172093 74.784 104.0592
63.629864 75.269 99.2000
64.090952 75.671 94.1852
64.555381 75.990 89.0972
65.023176 76.228 84.0109
65.494361 76.387 79.0034
65.968960 76.470 74.1446
66.446998 76.480 69.4871
66.928501 76.419 65.0911
67.413492 76.292 61.0160
67.901998 76.105 57.3125
68.394044 75.863 54.0388
68.889655 75.574 51.2582
69.388858 75.247 49.0370
69.891679 74.894 47.4515
70.398142 74.531 46.5820
70.908276 74.182 46.5070
71.422107 73.881 47.2723
71.939661 73.668 48.8587
72.460965 73.589 51.1278
72.986047 73.682 53.7813
73.514934 73.966 56.4075
74.047654 74.431 58.5393
74.584234 75.036 59.8175
75.124702 75.731 60.0138
75.669086 76.461 59.0745
76.217416 77.183 57.0424
76.769719 77.864 54.0286
77.326024 78.477 50.1691
77.886360 79.008 45.6010
78.450757 79.445 40.4685
79.019243 79.780 34.8951
79.591849 80.009 29.0172
80.168605 80.129 22.9436
80.749539 80.139 16.7960
81.334684 80.041 10.6768
81.924068 79.835 4.6818
82.517724 79.526 -1.0932
83.115681 79.119 -6.5753
83.717972 78.618 -11.6908
84.324627 78.028 -16.3823
84.935678 77.355 -20.5978
85.551157 76.601 -24.2875
86.171096 75.768 -27.3945
86.795527 74.855 -29.8343
87.424483 73.861 -31.4767
88.057997 72.784 -32.1113
88.696102 71.635 -31.4099
89.338830 70.447 -28.9110
89.986216 69.304 -24.0922
90.638293 68.363 -16.6704
91.295096 67.829 -7.1948
91.956658 67.826 2.6620
92.623013 68.286 11.0098
93.294198 69.006 16.9470
93.970246 69.796 20.6117
94.651193 70.545 22.5664
95.337075 71.205 23.3887
96.027927 71.763 23.5414
96.723785 72.227 23.3672
97.424685 72.613 23.1096
98.130664 72.945 22.9332
98.841760 73.246 22.9363
99.558008 73.541 23.1531
100.279446 73.856 23.5549
101.006112 74.210 24.0554
101.738044 74.615 24.5253
102.475280 75.076 24.8187
103.217858 75.590 24.8005
103.965817 76.145 24.3688
104.719197 76.728 23.4628
105.478035 77.324 22.0607
106.242372 77.919 20.1689
107.012248 78.504 17.8110
107.787703 79.068 15.0186
108.568777 79.604 11.8260
109.355511 80.105 8.2687
110.147947 80.565 4.3811
110.946124 80.980 0.1974
111.750085 81.347 -4.2473
112.559873 81.660 -8.9180
113.375528 81.918 -13.7787
114.197094 82.116 -18.7918
115.024613 82.253 -23.9175
115.858129 82.326 -29.1151
116.697684 82.334 -34.3400
117.543324 82.276 -39.5450
118.395091 82.155 -44.6816
119.253031 81.971 -49.7001
120.117188 81.727 -54.5499
120.987606 81.429 -59.1830
121.864332 81.080 -63.5552
122.747411 80.689 -67.6267
123.636890 80.263 -71.3682
124.532814 79.812 -74.7637
125.435230 79.345 -77.8153
126.344185 78.871 -80.5455
127.259727 78.395 -82.9932
128.181904 77.920 -85.2049
129.110763 77.444 -87.2213
130.046352 76.963 -89.0634
130.988722 76.470 -90.7195
131.937920 75.959 -92.1382
132.893997 75.429 -93.2290
133.857001 74.883 -93.8687
134.826984 74.336 -93.9211
135.803996 73.815 -93.2716
136.788088 73.359 -91.8821
137.779311 73.013 -89.8544
138.777717 72.815 -87.4637
139.783357 72.781 -85.1187
140.796285 72.897 -83.2365
141.816553 73.121 -82.1150
142.844214 73.407 -81.8793
143.879322 73.709 -82.5074
144.921931 73.995 -83.8895
145.972095 74.242 -85.8818
147.029869 74.441 -88.3406
148.095308 74.585 -91.1385
149.168468 74.678 -94.1716
150.249404 74.722 -97.3632
151.338173 74.725 -100.6656
152.434832 74.692 -104.0599
153.539437 74.628 -107.5545
154.652047 74.536 -111.1787
155.772720 74.418 -114.9720
156.901513 74.271 -118.9719
158.038486 74.089 -123.2021
159.183698 73.865 -127.6663
160.337209 73.593 -132.3479
161.499079 73.266 -137.2122
162.669367 72.882 -142.2126
163.848137 72.437 -147.3003
165.035448 71.934 -152.4290
166.231363 71.377 -157.5654
167.435944 70.776 -162.6959
168.649254 70.142 -167.8344
169.871356 69.491 -173.0322
171.102314 68.841 -178.3862
172.342191 68.213 175.9575
173.591054 67.627 169.8049
174.848966 67.106 162.9282
176.115994 66.673 155.0967
177.392203 66.353 146.1212
178.677660 66.177 135.9109
179.972432 66.172 124.5303
181.276587 66.359 112.2231
182.590191 66.737 99.3796
183.913315 67.281 86.4370
185.246027 67.944 73.7661
186.588396 68.675 61.6113
187.940492 69.422 50.0896
189.302387 70.146 39.2297
190.674150 70.818 29.0160
192.055853 71.422 19.4169
193.447569 71.949 10.4011
194.849370 72.396 1.9421
196.261329 72.766 -5.9818
197.683519 73.065 -13.3906
199.116016 73.301 -20.3066
200.558892 73.484 -26.7563
202.012225 73.622 -32.7720
203.476089 73.723 -38.3923
204.950560 73.796 -43.6604
206.435716 73.848 -48.6244
207.931635 73.883 -53.3361
209.438393 73.906 -57.8474
210.956070 73.919 -62.2091
212.484745 73.922 -66.4684
214.024497 73.917 -70.6689
215.575406 73.899 -74.8500
217.137555 73.867 -79.0458
218.711023 73.814 -83.2832
220.295893 73.734 -87.5787
221.892248 73.618 -91.9363
223.500171 73.457 -96.3428
225.119745 73.240 -100.7675
226.751056 72.957 -105.1576
228.394187 72.599 -109.4375
230.049226 72.158 -113.5043
231.716257 71.629 -117.2228
233.395369 71.011 -120.4191
235.086648 70.309 -122.8777
236.790182 69.543 -124.3417
238.506062 68.748 -124.5336
240.234375 67.987 -123.2241
241.975212 67.354 -120.3752
243.728664 66.950 -116.3259
245.494823 66.845 -111.8527
247.273780 67.033 -107.9119
249.065627 67.434 -105.2134
250.870459 67.945 -104.0120
252.688370 68.476 -104.2026
254.519454 68.967 -105.5134
256.363807 69.388 -107.6387
258.221525 69.725 -110.3033
260.092705 69.980 -113.2839
261.977444 70.158 -116.4120
263.875840 70.273 -119.5720
265.787993 70.336 -122.6976
267.714003 70.361 -125.7639
269.653969 70.356 -128.7777
271.607992 70.329 -131.7679
273.576176 70.283 -134.7753
275.558622 70.217 -137.8431
277.555433 70.128 -141.0138
279.566714 70.009 -144.3209
281.592570 69.849 -147.7827
283.633106 69.635 -151.3912
285.688428 69.352 -155.1062
287.758644 68.982 -158.8479
289.843862 68.510 -162.4871
291.944190 67.919 -165.8359
294.059738 67.199 -168.6312
296.190616 66.349 -170.5038
298.336935 65.388 -170.9514
300.498808 64.380 -169.3512
302.676346 63.463 -165.1465
304.869664 62.856 -158.4044
307.078875 62.768 -150.4941
309.304095 63.214 -143.6670
311.545440 64.004 -139.4789
313.803027 64.907 -138.1520
316.076973 65.767 -139.1836
318.367397 66.501 -141.9534
320.674418 67.075 -145.9445
322.998157 67.472 -150.7643
325.338735 67.683 -156.1088
327.696273 67.702 -161.7240
330.070896 67.524 -167.3715
332.462726 67.140 -172.8007
334.871888 66.543 -177.7135
337.298507 65.724 178.2811
339.742711 64.687 175.7382
342.204627 63.461 175.4683
344.684383 62.151 178.5808
347.182108 61.014 -173.8966
349.697933 60.468 -162.4963
352.231988 60.782 -150.6127
354.784406 61.755 -141.8558
357.355320 62.982 -137.0447
359.944864 64.201 -135.2588
362.553173 65.311 -135.4333
365.180383 66.295 -136.8269
367.826630 67.165 -139.0006
370.492054 67.940 -141.7228
373.176792 68.635 -144.8848
375.880985 69.257 -148.4376
378.604773 69.808 -152.3468
381.348300 70.286 -156.5620
384.111707 70.684 -161.0063
386.895138 70.998 -165.5746
389.698740 71.230 -170.1437
392.522658 71.383 -174.5859
395.367039 71.467 -178.7850
398.232031 71.500 177.3485
401.117785 71.500 173.8622
404.024450 71.491 170.7485
406.952177 71.492 167.9454
409.901120 71.520 165.3417
412.871433 71.580 162.7981
415.863270 71.674 160.1709
418.876786 71.790 157.3347
421.912140 71.915 154.1984
424.969489 72.027 150.7137
428.048993 72.109 146.8762
431.150813 72.141 142.7209
434.275109 72.104 138.3119
437.422046 71.985 133.7334
440.591786 71.769 129.0880
443.784496 71.443 124.4972
447.000341 70.994 120.1107
450.239490 70.407 116.1322
453.502111 69.671 112.8563
456.788374 68.782 110.7228
460.098451 67.762 110.3752
463.432514 66.692 112.6576
466.790737 65.766 118.3179
470.173295 65.287 127.0603
473.580365 65.483 136.6348
477.012124 66.269 144.1572
480.468750 67.348 148.4006
483.950425 68.472 149.7449
487.457329 69.517 149.0262
490.989646 70.441 146.9586
494.547559 71.240 144.0356
498.131254 71.928 140.5732
501.740919 72.517 136.7662
505.376740 73.024 132.7318
509.038909 73.459 128.5389
512.727614 73.833 124.2295
516.443050 74.151 119.8291
520.185409 74.418 115.3523
523.954887 74.639 110.8026
527.751680 74.815 106.1744
531.575987 74.944 101.4578
535.428005 75.024 96.6455
539.307937 75.047 91.7417
543.215985 75.008 86.7710
547.152352 74.897 81.7828
551.117243 74.709 76.8524
555.110866 74.437 72.0792
559.133428 74.081 67.5873
563.185140 73.641 63.5226
567.266211 73.127 60.0526
571.376856 72.556 57.3619
575.517288 71.957 55.6332
579.687724 71.378 54.9994
583.888380 70.881 55.4630
588.119476 70.531 56.7982
592.381232 70.380 58.5189
596.673871 70.436 59.9894
600.997615 70.659 60.6360
605.352692 70.983 60.1108
609.739327 71.334 58.3120
614.157750 71.648 55.3123
618.608190 71.876 51.2760
623.090880 71.981 46.4028
627.606053 71.935 40.8995
632.153945 71.713 34.9689
636.734793 71.293 28.8120
641.348836 70.644 22.6437
645.996314 69.731 16.7267
650.677470 68.498 11.4512
655.392547 66.867 7.5201
660.141792 64.740 6.4628
664.925451 62.112 12.1465
669.743775 59.772 33.3154
674.597014 60.087 66.5170
679.485423 62.626 83.8495
684.409254 65.159 87.4473
689.368766 67.151 85.2406
694.364216 68.644 80.5040
699.395865 69.735 74.5946
704.463976 70.500 68.1842
709.568812 70.993 61.6725
714.710640 71.258 55.3395
719.889728 71.332 49.4060
725.106346 71.249 44.0509
730.360766 71.049 39.4048
735.653261 70.769 35.5289
740.984108 70.447 32.3943
746.353584 70.111 29.8828
751.761970 69.779 27.8248
757.209547 69.452 26.0670
762.696599 69.120 24.5359
768.223413 68.772 23.2659
773.790277 68.405 22.3816
779.397480 68.031 22.0436
785.045315 67.679 22.3723
790.734077 67.394 23.3625
796.464062 67.217 24.8206
802.235569 67.173 26.3748
808.048899 67.257 27.5848
813.904354 67.429 28.0969
819.802241 67.636 27.7484
825.742866 67.820 26.5778
831.726539 67.940 24.7686
837.753572 67.970 22.5803
843.824280 67.900 20.2878
849.938979 67.738 18.1318
856.097987 67.498 16.2864
862.301626 67.197 14.8434
868.550219 66.851 13.8358
874.844092 66.469 13.2919
881.183573 66.055 13.2992
887.568992 65.622 14.0396
894.000683 65.205 15.7524
900.478980 64.872 18.5934
907.004222 64.712 22.4037
913.576749 64.796 26.5529
920.196903 65.127 30.1080
926.865029 65.628 32.3009
933.581475 66.185 32.8450
940.346591 66.697 31.8892
947.160730 67.094 29.8093
954.024247 67.336 27.0476
960.937500 67.407 24.0428
967.900849 67.311 21.2156
974.914658 67.061 18.9741
981.979291 66.695 17.7188
989.095118 66.274 17.8087
996.262509 65.887 19.4510
1003.481838 65.647 22.5039
1010.753481 65.648 26.3226
1018.077817 65.914 29.9197
1025.455229 66.378 32.4424
1032.886100 66.936 33.5269
1040.370819 67.486 33.2646
1047.909774 67.966 31.9855
1055.503361 68.340 30.0801
1063.151973 68.602 27.9171
1070.856010 68.762 25.8116
1078.615875 68.844 24.0092
1086.431970 68.880 22.6649
1094.304704 68.912 21.8176
1102.234487 68.974 21.3739
1110.221732 69.090 21.1337
1118.266856 69.265 20.8600
1126.370279 69.487 20.3595
1134.532422 69.736 19.5319
1142.753712 69.992 18.3663
1151.034577 70.240 16.9061
1159.375448 70.471 15.2069
1167.776760 70.681 13.3125
1176.238952 70.868 11.2512
1184.762464 71.030 9.0486
1193.347741 71.165 6.7375
1201.995231 71.272 4.3605
1210.705384 71.355 1.9592
1219.478654 71.419 -0.4407
1228.315499 71.472 -2.8458
1237.216380 71.519 -5.2980
1246.181760 71.561 -7.8615
1255.212106 71.591 -10.6018
1264.307891 71.602 -13.5619
1273.469587 71.579 -16.7479
1282.697672 71.512 -20.1284
1291.992628 71.392 -23.6476
1301.354940 71.212 -27.2429
1310.785094 70.971 -30.8627
1320.283583 70.666 -34.4733
1329.850902 70.293 -38.0531
1339.487550 69.844 -41.5808
1349.194029 69.309 -45.0151
1358.970845 68.671 -48.2789
1368.818508 67.916 -51.2461
1378.737531 67.027 -53.7275
1388.728432 65.987 -55.4480
1398.791730 64.785 -55.9980
1408.927952 63.426 -54.7521
1419.137625 61.962 -50.7792
1429.421281 60.554 -42.9332
1439.779457 59.551 -30.7389
1450.212692 59.349 -16.2432
1460.721531 59.980 -3.5323
1471.306521 61.069 5.1322
1481.968215 62.258 10.1147
1492.707168 63.369 12.5559
1503.523939 64.351 13.3967
1514.419093 65.202 13.2548
1525.393198 65.938 12.5175
1536.446826 66.577 11.4304
1547.580553 67.140 10.1539
1558.794960 67.649 8.7854
1570.090631 68.124 7.3667
1581.468155 68.581 5.8821
1592.928125 69.032 4.2657
1604.471139 69.481 2.4233
1616.097798 69.922 0.2667
1627.808709 70.344 -2.2526
1639.604482 70.733 -5.1309
1651.485732 71.076 -8.3192
1663.453078 71.369 -11.7466
1675.507145 71.607 -15.3438
1687.648560 71.794 -19.0620
1699.877958 71.931 -22.8798
1712.195974 72.019 -26.7975
1724.603252 72.056 -30.8235
1737.100438 72.036 -34.9604
1749.688184 71.952 -39.1925
1762.367146 71.795 -43.4806
1775.137984 71.557 -47.7617
1788.001366 71.230 -51.9504
1800.957961 70.809 -55.9407
1814.008445 70.289 -59.6035
1827.153498 69.670 -62.7831
1840.393805 68.954 -65.2897
1853.730057 68.153 -66.8937
1867.162949 67.290 -67.3291
1880.693182 66.408 -66.3224
1894.321460 65.579 -63.6738
1908.048494 64.902 -59.4186
1921.875000 64.476 -54.0068
1935.801698 64.358 -48.2992
1949.829316 64.523 -43.2303
1963.958583 64.881 -39.3934
1978.190236 65.332 -36.9181
1992.525018 65.799 -35.6255
2006.963676 66.237 -35.2288
2021.506962 66.626 -35.4540
2036.155634 66.962 -36.0845
2050.910458 67.248 -36.9646
2065.772200 67.492 -37.9861
2080.741637 67.703 -39.0780
2095.819549 67.892 -40.2032
2111.006721 68.065 -41.3574
2126.303946 68.229 -42.5624
2141.712021 68.386 -43.8553
2157.231749 68.533 -45.2701
2172.863940 68.665 -46.8225
2188.609407 68.775 -48.5021
2204.468973 68.857 -50.2733
2220.443464 68.908 -52.0803
2236.533713 68.927 -53.8557
2252.740558 68.918 -55.5304
2269.064845 68.888 -57.0459
2285.507424 68.847 -58.3671
2302.069153 68.808 -59.4912
2318.750895 68.782 -60.4515
2335.553520 68.777 -61.3121
2352.477904 68.799 -62.1566
2369.524928 68.847 -63.0723
2386.695483 68.914 -64.1379
2403.990462 68.993 -65.4126
2421.410768 69.070 -66.9269
2438.957308 69.134 -68.6802
2456.630998 69.174 -70.6448
2474.432759 69.180 -72.7728
2492.363519 69.145 -75.0057
2510.424213 69.064 -77.2783
2528.615781 68.935 -79.5194
2546.939174 68.756 -81.6509
2565.395345 68.528 -83.5861
2583.985257 68.256 -85.2314
2602.709879 67.948 -86.4918
2621.570188 67.617 -87.2788
2640.567166 67.280 -87.5223
2659.701804 66.960 -87.1842
2678.975100 66.682 -86.2714
2698.388058 66.475 -84.8491
2717.941690 66.362 -83.0518
2737.637016 66.361 -81.0779
2757.475062 66.477 -79.1669
2777.456863 66.703 -77.5568
2797.583461 67.018 -76.4407
2817.855904 67.396 -75.9435
2838.275249 67.807 -76.1194
2858.842562 68.227 -76.9623
2879.558913 68.631 -78.4221
2900.425384 69.003 -80.4214
2921.443062 69.329 -82.8671
2942.613043 69.601 -85.6632
2963.936430 69.815 -88.7174
2985.414335 69.969 -91.9458
3007.047878 70.063 -95.2772
3028.838187 70.100 -98.6515
3050.786397 70.081 -102.0192
3072.893653 70.008 -105.3374
3095.161107 69.883 -108.5669
3117.589920 69.707 -111.6665
3140.181262 69.482 -114.5878
3162.936310 69.210 -117.2726
3185.856250 68.894 -119.6527
3208.942278 68.541 -121.6522
3232.195596 68.163 -123.1957
3255.617418 67.773 -124.2177
3279.208964 67.392 -124.6781
3302.971464 67.045 -124.5837
3326.906156 66.757 -124.0051
3351.014290 66.548 -123.0820
3375.297121 66.431 -122.0087
3399.755915 66.406 -120.9985
3424.391948 66.462 -120.2415
3449.206504 66.579 -119.8729
3474.200876 66.736 -119.9696
3499.376367 66.908 -120.5568
3524.734291 67.076 -121.6224
3550.275969 67.219 -123.1290
3576.002732 67.323 -125.0195
3601.915922 67.372 -127.2177
3628.016889 67.353 -129.6288
3654.306995 67.259 -132.1400
3680.787610 67.080 -134.6194
3707.460115 66.813 -136.9154
3734.325899 66.459 -138.8511
3761.386364 66.023 -140.2194
3788.642920 65.522 -140.7815
3816.096988 64.987 -140.2820
3843.750000 64.471 -138.4991
3871.603397 64.054 -135.3517
3899.658631 63.826 -131.0491
3927.917165 63.861 -126.1813
3956.380472 64.176 -121.5823
3985.050036 64.719 -117.9998
4013.927351 65.402 -115.8385
4043.013923 66.136 -115.1531
4072.311269 66.853 -115.7833
4101.820915 67.509 -117.4847
4131.544400 68.076 -120.0002
4161.483274 68.541 -123.0875
4191.639097 68.900 -126.5256
4222.013442 69.152 -130.1147
4252.607892 69.306 -133.6758
4283.424042 69.373 -137.0531
4314.463498 69.371 -140.1204
4345.727879 69.320 -142.7887
4377.218815 69.244 -145.0181
4408.937947 69.168 -146.8282
4440.886929 69.114 -148.3018
4473.067426 69.098 -149.5735
4505.481116 69.124 -150.8063
4538.129690 69.190 -152.1583
4571.014848 69.282 -153.7531
4604.138306 69.383 -155.6655
4637.501790 69.472 -157.9192
4671.107040 69.532 -160.4932
4704.955807 69.545 -163.3319
4739.049856 69.499 -166.3522
4773.390965 69.384 -169.4480
4807.980924 69.191 -172.4941
4842.821536 68.921 -175.3472
4877.914617 68.576 -177.8501
4913.261997 68.168 -179.8418
4948.865519 67.717 178.8252
4984.727038 67.254 178.2566
5020.848425 66.816 178.4773
5057.231563 66.443 179.3925
5093.878347 66.167 -179.2249
5130.790689 66.002 -177.6936
5167.970514 65.937 -176.3317
5205.419759 65.942 -175.3608
5243.140376 65.978 -174.8566
5281.134332 66.008 -174.7544
5319.403609 66.009 -174.8904
5357.950200 65.971 -175.0515
5396.776116 65.899 -175.0247
5435.883380 65.817 -174.6460
5475.274032 65.756 -173.8523
5514.950125 65.752 -172.7198
5554.913727 65.827 -171.4629
5595.166922 65.987 -170.3721
5635.711808 66.213 -169.7112
5676.550498 66.469 -169.6328
5717.685123 66.718 -170.1488
5759.117827 66.926 -171.1515
5800.850769 67.072 -172.4553
5842.886124 67.148 -173.8407
5885.226086 67.160 -175.0890
5927.872860 67.126 -176.0164
5970.828671 67.076 -176.5128
6014.095756 67.043 -176.5801
6057.676373 67.058 -176.3489
6101.572794 67.136 -176.0521
6145.787305 67.274 -175.9478
6190.322213 67.449 -176.2284
6235.179840 67.628 -176.9672
6280.362523 67.782 -178.1158
6325.872619 67.890 -179.5420
6371.712500 67.940 178.9248
6417.884555 67.935 177.4529
6464.391192 67.885 176.1772
6511.234836 67.808 175.1766
6558.417927 67.723 174.4644
6605.942927 67.646 173.9915
6653.812313 67.586 173.6689
6702.028580 67.545 173.4014
6750.594241 67.517 173.1188
6799.511830 67.494 172.7980
6848.783896 67.468 172.4608
6898.413007 67.436 172.1584
6948.401751 67.399 171.9445
6998.752735 67.366 171.8497
7049.468582 67.344 171.8658
7100.551937 67.341 171.9452
7152.005464 67.359 172.0140
7203.831844 67.393 172.0016
7256.033779 67.436 171.8627
7308.613991 67.477 171.5897
7361.575220 67.507 171.2134
7414.920229 67.520 170.7917
7468.651798 67.516 170.3931
7522.772727 67.498 170.0767
7577.285840 67.474 169.8766
7632.193976 67.453 169.7916
7687.500000 67.441 169.7867
7743.206794 67.440 169.8104
7799.317262 67.447 169.8170
7855.834330 67.457 169.7877
7912.760944 67.463 169.7394
7970.100072 67.464 169.7178
8027.854702 67.461 169.7798
8086.027847 67.461 169.9690
8144.622538 67.475 170.2903
8203.641830 67.513 170.6967
8263.088801 67.581 171.1008
8322.966548 67.678 171.4053
8383.278195 67.792 171.5363
8444.026884 67.913 171.4684
8505.215784 68.030 171.2238
8566.848084 68.135 170.8529
8628.926996 68.228 170.4121
8691.455758 68.309 169.9415
8754.437630 68.382 169.4554
8817.875894 68.451 168.9443
8881.773857 68.515 168.3887
8946.134852 68.572 167.7732
9010.962233 68.619 167.0973
9076.259380 68.653 166.3756
9142.029697 68.672 165.6320
9208.276612 68.674 164.8909
9275.003581 68.660 164.1736
9342.214080 68.631 163.4972
9409.911614 68.588 162.8795
9478.099713 68.531 162.3429
9546.781930 68.463 161.9153
9615.961848 68.388 161.6221
9685.643071 68.315 161.4767
9755.829233 68.249 161.4700
9826.523994 68.196 161.5720
9897.731037 68.160 161.7396
9969.454076 68.142 161.9312
10041.696850 68.141 162.1156
10114.463125 68.155 162.2742
10187.756694 68.183 162.3905
10261.581379 68.225 162.4412
10335.941028 68.279 162.3921
10410.839517 68.340 162.2059
10486.280752 68.401 161.8545
10562.268665 68.453 161.3335
10638.807218 68.486 160.6659
10715.900400 68.496 159.8993
10793.552232 68.477 159.0959
10871.766761 68.430 158.3195
10950.548064 68.357 157.6257
11029.900250 68.266 157.0573
11109.827454 68.161 156.6403
11190.333843 68.052 156.3850
11271.423615 67.945 156.2831
11353.100997 67.849 156.3096
11435.370247 67.766 156.4249
11518.235653 67.699 156.5813
11601.701537 67.648 156.7321
11685.772249 67.609 156.8427
11770.452172 67.577 156.8961
11855.745720 67.548 156.8922
11941.657341 67.519 156.8416
12028.191513 67.486 156.7587
12115.352747 67.450 156.6595
12203.145587 67.410 156.5587
12291.574610 67.368 156.4675
12380.644427 67.325 156.3894
12470.359680 67.283 156.3203
12560.725047 67.242 156.2483
12651.745238 67.204 156.1603
12743.425000 67.165 156.0470
12835.769110 67.126 155.9060
12928.782385 67.085 155.7399
13022.469671 67.040 155.5525
13116.835855 66.991 155.3468
13211.885854 66.936 155.1263
13307.624625 66.876 154.8972
13404.057159 66.809 154.6700
13501.188483 66.734 154.4586
13599.023660 66.653 154.2794
13697.567791 66.567 154.1458
13796.826014 66.477 154.0664
13896.803503 66.388 154.0439
13997.505470 66.302 154.0732
14098.937164 66.219 154.1411
14201.103875 66.142 154.2316
14304.010928 66.071 154.3314
14407.663687 66.004 154.4354
14512.067557 65.940 154.5464
14617.227981 65.882 154.6698
14723.150441 65.830 154.8087
14829.840458 65.787 154.9595
14937.303595 65.754 155.1085
15045.545455 65.735 155.2321
15154.571679 65.728 155.3021
15264.387953 65.731 155.2910
15375.000000 65.742 155.1771
15486.413588 65.756 154.9498
15598.634525 65.769 154.6104
15711.668661 65.778 154.1699
15825.521888 65.780 153.6462
15940.200144 65.773 153.0590
16055.709405 65.759 152.4279
16172.055694 65.738 151.7695
16289.245076 65.712 151.0972
16407.283660 65.683 150.4176
16526.177601 65.654 149.7322
16645.933097 65.628 149.0341
16766.556390 65.607 148.3073
16888.053769 65.593 147.5286
17010.431568 65.584 146.6738
17133.696167 65.580 145.7190
17257.853993 65.577 144.6464
17382.911517 65.573 143.4500
17508.875259 65.563 142.1334
17635.751787 65.544 140.6899
17763.547714 65.510 139.1395
17892.269704 65.463 137.5542
18021.924466 65.405 135.9498
18152.518759 65.340 134.3291
18284.059393 65.273 132.7028
18416.553225 65.207 131.0685
18550.007161 65.147 129.4082
18684.428160 65.096 127.6925
18819.823228 65.057 125.8846
18956.199425 65.028 123.9476
19093.563861 65.006 121.8513
19231.923695 64.990 119.5765
19371.286142 64.976 117.1136
19511.658467 64.961 114.4580
19653.047987 64.943 111.6057
19795.462074 64.922 108.5499
19938.908153 64.895 105.2721
20083.393701 64.855 101.8857
20228.926250 64.803 98.4213
20375.513389 64.742 94.7262
20523.162758 64.669 90.7920
20671.882055 64.581 86.6161
20821.679034 64.474 82.2057
20972.561504 64.341 77.5791
21124.537330 64.173 72.7671
21277.614435 63.961 67.8124
21431.800801 63.691 62.7690
21587.104464 63.344 57.7004
21743.533521 62.910 52.6768
21901.096129 62.466 47.7701
