* Measurement data measured by REW V5.40 beta 121
* Source: EQ window target shape
* Format: 
* Dated: Aug 12, 2026, 4:20:30 PM
* REW Settings:
*  C-weighting compensation: Off
*  Target level: 75.0 dB
* Note: ; 
* Measurement: Target RMS8 + phase average8
* Smoothing: 1/48 octave
* Frequency Step: 96 ppo
* Start Frequency: 2.5 Hz
*
* Freq(Hz) SPL(dB)
2.500000 48.847
2.518116 49.049
2.536363 49.292
2.554743 49.541
2.573256 49.791
2.591902 50.041
2.610684 50.290
2.629603 50.540
2.648658 50.789
2.667851 51.038
2.687183 51.287
2.706656 51.536
2.726269 51.785
2.746025 52.034
2.765924 52.283
2.785967 52.532
2.806155 52.780
2.826490 53.028
2.846972 53.277
2.867602 53.525
2.888382 53.772
2.909312 54.020
2.930394 54.268
2.951629 54.515
2.973018 54.762
2.994561 55.009
3.016261 55.256
3.038118 55.502
3.060134 55.748
3.082309 55.994
3.104645 56.240
3.127142 56.485
3.149803 56.730
3.172627 56.974
3.195618 57.219
3.218774 57.462
3.242099 57.706
3.265592 57.949
3.289256 58.191
3.313092 58.434
3.337100 58.675
3.361282 58.916
3.385639 59.157
3.410173 59.397
3.434884 59.636
3.459775 59.875
3.484846 60.113
3.510098 60.350
3.535534 60.586
3.561154 60.822
3.586959 61.057
3.612952 61.291
3.639133 61.524
3.665504 61.756
3.692065 61.987
3.718820 62.216
3.745768 62.445
3.772911 62.673
3.800251 62.899
3.827789 63.124
3.855527 63.348
3.883466 63.570
3.911607 63.791
3.939952 64.010
3.968503 64.227
3.997260 64.443
4.026226 64.657
4.055402 64.869
4.084789 65.079
4.114389 65.288
4.144203 65.494
4.174234 65.698
4.204482 65.900
4.234949 66.099
4.265638 66.296
4.296548 66.491
4.327683 66.683
4.359043 66.872
4.390630 67.059
4.422447 67.242
4.454494 67.423
4.486773 67.601
4.519286 67.776
4.552034 67.948
4.585020 68.117
4.618245 68.283
4.651711 68.445
4.685419 68.604
4.719372 68.759
4.753570 68.911
4.788016 69.060
4.822712 69.205
4.857660 69.347
4.892860 69.485
4.928316 69.619
4.964029 69.750
5.000000 69.877
5.036232 70.001
5.072727 70.121
5.109486 70.237
5.146511 70.350
5.183805 70.459
5.221369 70.564
5.259205 70.667
5.297315 70.765
5.335702 70.860
5.374367 70.952
5.413312 71.041
5.452539 71.126
5.492050 71.208
5.531848 71.287
5.571934 71.363
5.612310 71.435
5.652979 71.505
5.693943 71.572
5.735204 71.636
5.776763 71.698
5.818624 71.756
5.860788 71.813
5.903258 71.866
5.946036 71.918
5.989123 71.967
6.032523 72.014
6.076237 72.058
6.120268 72.101
6.164618 72.141
6.209289 72.180
6.254284 72.217
6.299605 72.252
6.345255 72.285
6.391235 72.317
6.437549 72.347
6.484198 72.375
6.531185 72.403
6.578513 72.428
6.626183 72.453
6.674199 72.476
6.722563 72.498
6.771278 72.519
6.820345 72.539
6.869768 72.558
6.919549 72.576
6.969691 72.593
7.020197 72.609
7.071068 72.624
7.122308 72.638
7.173919 72.652
7.225904 72.665
7.278266 72.677
7.331007 72.688
7.384131 72.699
7.437639 72.710
7.491535 72.719
7.545822 72.729
7.600502 72.737
7.655579 72.746
7.711054 72.754
7.766932 72.761
7.823214 72.768
7.879904 72.775
7.937005 72.781
7.994520 72.787
8.052452 72.792
8.110803 72.798
8.169577 72.803
8.228777 72.807
8.288407 72.812
8.348468 72.816
8.408964 72.820
8.469899 72.824
8.531275 72.827
8.593096 72.831
8.655366 72.834
8.718086 72.837
8.781261 72.840
8.844893 72.842
8.908987 72.845
8.973545 72.847
9.038571 72.849
9.104069 72.851
9.170040 72.853
9.236490 72.855
9.303422 72.857
9.370838 72.859
9.438743 72.860
9.507140 72.862
9.576033 72.863
9.645425 72.865
9.715319 72.866
9.785721 72.867
9.856632 72.868
9.928057 72.869
10.000000 72.870
10.072464 72.871
10.145453 72.872
10.218971 72.872
10.293022 72.873
10.367610 72.873
10.442738 72.874
10.518410 72.874
10.594631 72.875
10.671404 72.875
10.748733 72.875
10.826623 72.876
10.905077 72.876
10.984100 72.876
11.063695 72.876
11.143867 72.876
11.224620 72.877
11.305959 72.876
11.387886 72.876
11.470408 72.876
11.553527 72.876
11.637249 72.876
11.721577 72.876
11.806516 72.876
11.892071 72.876
11.978246 72.876
12.065045 72.875
12.152474 72.875
12.240535 72.875
12.329235 72.875
12.418578 72.874
12.508568 72.874
12.599210 72.874
12.690510 72.873
12.782470 72.873
12.875097 72.873
12.968396 72.872
13.062370 72.872
13.157025 72.871
13.252366 72.871
13.348399 72.870
13.445127 72.870
13.542555 72.869
13.640690 72.869
13.739536 72.868
13.839099 72.867
13.939383 72.867
14.040393 72.866
14.142136 72.865
14.244615 72.864
14.347838 72.864
14.451808 72.863
14.556532 72.862
14.662014 72.862
14.768261 72.861
14.875278 72.860
14.983071 72.859
15.091644 72.858
15.201005 72.858
15.311157 72.857
15.422108 72.856
15.533863 72.855
15.646428 72.854
15.759808 72.853
15.874011 72.852
15.989040 72.850
16.104903 72.849
16.221606 72.848
16.339155 72.847
16.457555 72.845
16.576813 72.844
16.696935 72.843
16.817928 72.842
16.939798 72.840
17.062551 72.839
17.186193 72.837
17.310731 72.836
17.436172 72.834
17.562522 72.833
17.689787 72.831
17.817974 72.830
17.947091 72.828
18.077143 72.826
18.208137 72.824
18.340081 72.822
18.472981 72.820
18.606843 72.818
18.741676 72.816
18.877486 72.815
19.014280 72.812
19.152066 72.810
19.290849 72.808
19.430639 72.805
19.571441 72.803
19.713264 72.801
19.856114 72.798
20.000000 72.796
20.144928 72.793
20.290907 72.790
20.437943 72.788
20.586045 72.785
20.735220 72.782
20.885476 72.779
21.036820 72.776
21.189262 72.773
21.342808 72.770
21.497467 72.767
21.653246 72.763
21.810155 72.760
21.968200 72.757
22.127391 72.753
22.287735 72.750
22.449241 72.746
22.611917 72.742
22.775773 72.738
22.940815 72.734
23.107054 72.730
23.274497 72.725
23.443154 72.721
23.613033 72.717
23.784142 72.712
23.956492 72.708
24.130091 72.703
24.304947 72.698
24.481071 72.693
24.658471 72.688
24.837156 72.683
25.017137 72.677
25.198421 72.672
25.381019 72.666
25.564940 72.660
25.750195 72.655
25.936791 72.649
26.124740 72.642
26.314050 72.636
26.504733 72.630
26.696797 72.623
26.890253 72.616
27.085111 72.609
27.281381 72.602
27.479073 72.595
27.678198 72.588
27.878765 72.580
28.080786 72.572
28.284271 72.565
28.489231 72.556
28.695675 72.548
28.903616 72.540
29.113064 72.531
29.324029 72.522
29.536523 72.513
29.750557 72.504
29.966142 72.495
30.183289 72.485
30.402009 72.475
30.622315 72.465
30.844217 72.455
31.067726 72.444
31.292856 72.434
31.519617 72.423
31.748021 72.411
31.978080 72.400
32.209807 72.388
32.443212 72.377
32.678309 72.365
32.915110 72.352
33.153626 72.340
33.393871 72.327
33.635857 72.314
33.879596 72.300
34.125101 72.287
34.372386 72.273
34.621462 72.258
34.872344 72.244
35.125043 72.229
35.379574 72.215
35.635949 72.199
35.894182 72.183
36.154286 72.167
36.416274 72.151
36.680162 72.135
36.945961 72.118
37.213687 72.101
37.483353 72.084
37.754973 72.067
38.028561 72.049
38.304131 72.030
38.581699 72.012
38.861278 71.993
39.142882 71.973
39.426528 71.954
39.712229 71.934
40.000000 71.914
40.289856 71.893
40.581813 71.872
40.875886 71.851
41.172089 71.830
41.470439 71.808
41.770951 71.786
42.073641 71.763
42.378524 71.741
42.685616 71.717
42.994934 71.694
43.306493 71.670
43.620309 71.645
43.936400 71.621
44.254781 71.596
44.575470 71.571
44.898482 71.545
45.223835 71.519
45.551545 71.493
45.881631 71.467
46.214108 71.440
46.548994 71.413
46.886308 71.385
47.226065 71.357
47.568285 71.329
47.912984 71.300
48.260181 71.271
48.609894 71.241
48.962142 71.212
49.316942 71.181
49.674312 71.151
50.034273 71.120
50.396842 71.089
50.762038 71.058
51.129881 71.026
51.500389 70.994
51.873582 70.962
52.249480 70.929
52.628101 70.896
53.009466 70.862
53.393594 70.828
53.780506 70.794
54.170222 70.760
54.562762 70.725
54.958146 70.690
55.356395 70.655
55.757531 70.619
56.161573 70.583
56.568542 70.547
56.978461 70.510
57.391351 70.473
57.807232 70.436
58.226127 70.398
58.648058 70.360
59.073046 70.322
59.501113 70.284
59.932283 70.245
60.366577 70.206
60.804018 70.167
61.244629 70.128
61.688433 70.088
62.135453 70.048
62.585712 70.008
63.039234 69.967
63.496042 69.927
63.956161 69.886
64.419613 69.844
64.886424 69.803
65.356618 69.761
65.830219 69.719
66.307252 69.677
66.787742 69.635
67.271713 69.592
67.759192 69.550
68.250203 69.507
68.744772 69.464
69.242925 69.421
69.744688 69.378
70.250086 69.334
70.759147 69.291
71.271897 69.248
71.788363 69.204
72.308571 69.160
72.832549 69.117
73.360323 69.073
73.891923 69.029
74.427374 68.985
74.966705 68.941
75.509945 68.897
76.057121 68.854
76.608262 68.810
77.163398 68.767
77.722555 68.723
78.285765 68.680
78.853056 68.636
79.424458 68.593
80.000000 68.550
80.579713 68.508
81.163627 68.465
81.751772 68.423
82.344179 68.381
82.940879 68.339
83.541903 68.298
84.147282 68.257
84.757048 68.217
85.371232 68.176
85.989867 68.136
86.612985 68.096
87.240619 68.058
87.872800 68.019
88.509563 67.981
89.150939 67.943
89.796964 67.906
90.447670 67.870
91.103091 67.834
91.763261 67.798
92.428216 67.764
93.097989 67.731
93.772615 67.697
94.452130 67.664
95.136569 67.633
95.825968 67.602
96.520362 67.571
97.219789 67.541
97.924283 67.513
98.633883 67.485
99.348625 67.458
100.068546 67.431
100.793684 67.407
101.524077 67.383
102.259762 67.359
103.000778 67.336
103.747164 67.315
104.498959 67.295
105.256202 67.275
106.018931 67.256
106.787188 67.239
107.561012 67.223
108.340444 67.207
109.125523 67.192
109.916292 67.179
110.712791 67.167
111.515061 67.156
112.323145 67.145
113.137085 67.136
113.956923 67.128
114.782702 67.121
115.614465 67.114
116.452255 67.110
117.296116 67.106
118.146092 67.103
119.002227 67.100
119.864566 67.100
120.733154 67.100
121.608036 67.101
122.489258 67.102
123.376866 67.106
124.270906 67.110
125.171424 67.115
126.078468 67.120
126.992084 67.127
127.912321 67.135
128.839227 67.143
129.772849 67.152
130.713236 67.163
131.660438 67.175
132.614504 67.186
133.575483 67.199
134.543426 67.212
135.518384 67.227
136.500406 67.241
137.489544 67.256
138.485850 67.273
139.489375 67.290
140.500173 67.307
141.518295 67.325
142.543795 67.343
143.576726 67.363
144.617142 67.382
145.665098 67.402
146.720647 67.423
147.783845 67.444
148.854748 67.465
149.933411 67.486
151.019890 67.508
152.114242 67.531
153.216525 67.553
154.326795 67.576
155.445111 67.599
156.571530 67.622
157.706112 67.646
158.848915 67.669
160.000000 67.693
161.159426 67.716
162.327254 67.740
163.503544 67.763
164.688358 67.787
165.881758 67.811
167.083805 67.835
168.294563 67.858
169.514095 67.882
170.742464 67.906
171.979734 67.929
173.225970 67.953
174.481237 67.975
175.745600 67.998
177.019125 68.021
178.301879 68.044
179.593928 68.065
180.895339 68.087
182.206182 68.109
183.526523 68.131
184.856431 68.152
186.195977 68.173
187.545230 68.194
188.904260 68.214
190.273138 68.234
191.651936 68.254
193.040725 68.273
194.439578 68.292
195.848567 68.311
197.267766 68.329
198.697250 68.347
200.137092 68.365
201.587368 68.382
203.048153 68.399
204.519524 68.416
206.001557 68.432
207.494329 68.447
208.997918 68.462
210.512403 68.477
212.037863 68.492
213.574377 68.505
215.122025 68.519
216.680888 68.533
218.251047 68.546
219.832584 68.559
221.425581 68.571
223.030122 68.583
224.646290 68.595
226.274170 68.606
227.913846 68.617
229.565404 68.627
231.228929 68.638
232.904509 68.647
234.592231 68.657
236.292183 68.666
238.004454 68.675
239.729132 68.684
241.466308 68.692
243.216073 68.700
244.978517 68.708
246.753732 68.715
248.541811 68.722
250.342848 68.729
252.156935 68.736
253.984168 68.742
255.824642 68.748
257.678453 68.754
259.545697 68.759
261.426473 68.764
263.320877 68.769
265.229008 68.774
267.150967 68.779
269.086853 68.783
271.036767 68.788
273.000811 68.792
274.979088 68.796
276.971700 68.799
278.978751 68.803
281.000346 68.806
283.036590 68.809
285.087590 68.812
287.153452 68.815
289.234284 68.818
291.330195 68.820
293.441294 68.823
295.567690 68.825
297.709496 68.827
299.866821 68.829
302.039780 68.831
304.228485 68.833
306.433050 68.835
308.653590 68.837
310.890221 68.839
313.143060 68.840
315.412224 68.841
317.697831 68.843
320.000000 68.844
322.318852 68.845
324.654507 68.846
327.007088 68.847
329.376716 68.848
331.763515 68.849
334.167610 68.850
336.589127 68.851
339.028190 68.851
341.484928 68.852
343.959469 68.853
346.451941 68.854
348.962474 68.854
351.491200 68.855
354.038251 68.855
356.603758 68.855
359.187855 68.856
361.790679 68.856
364.412363 68.856
367.053045 68.857
369.712863 68.857
372.391955 68.858
375.090460 68.858
377.808521 68.858
380.546277 68.858
383.303872 68.858
386.081450 68.858
388.879155 68.858
391.697134 68.859
394.535533 68.859
397.394500 68.859
400.274184 68.859
403.174736 68.859
406.096306 68.859
409.039048 68.859
412.003113 68.859
414.988657 68.860
417.995836 68.860
421.024807 68.860
424.075726 68.860
427.148753 68.860
430.244049 68.860
433.361775 68.860
436.502093 68.860
439.665167 68.860
442.851162 68.860
446.060244 68.860
449.292581 68.860
452.548340 68.860
455.827692 68.860
459.130807 68.860
462.457858 68.860
465.809019 68.860
469.184463 68.860
472.584367 68.860
476.008908 68.860
479.458265 68.860
482.932617 68.860
486.432146 68.860
489.957033 68.860
493.507464 68.860
497.083623 68.860
500.685695 68.860
504.313870 68.860
507.968337 68.860
511.649285 68.860
515.356906 68.859
519.091395 68.859
522.852945 68.859
526.641753 68.859
530.458016 68.859
534.301934 68.859
538.173706 68.859
542.073534 68.859
546.001623 68.859
549.958175 68.859
553.943399 68.859
557.957501 68.859
562.000691 68.859
566.073180 68.859
570.175180 68.859
574.306904 68.859
578.468569 68.859
582.660390 68.859
586.882588 68.859
591.135381 68.859
595.418991 68.859
599.733643 68.859
604.079560 68.859
608.456970 68.859
612.866100 68.859
617.307180 68.859
621.780442 68.859
626.286120 68.859
630.824447 68.859
635.395661 68.859
640.000000 68.859
644.637704 68.859
649.309014 68.859
654.014175 68.859
658.753431 68.859
663.527030 68.859
668.335221 68.859
673.178253 68.859
678.056380 68.859
682.969856 68.859
687.918938 68.859
692.903882 68.859
697.924949 68.859
702.982401 68.859
708.076501 68.859
713.207515 68.859
718.375711 68.859
723.581357 68.859
728.824726 68.859
734.106091 68.859
739.425726 68.859
744.783910 68.859
750.180921 68.859
755.617041 68.859
761.092554 68.859
766.607744 68.859
772.162900 68.859
777.758310 68.859
783.394268 68.859
789.071066 68.859
794.789000 68.859
800.548368 68.859
806.349472 68.859
812.192613 68.859
818.078095 68.859
824.006226 68.859
829.977315 68.859
835.991673 68.859
842.049613 68.859
848.151452 68.859
854.297507 68.859
860.488099 68.859
866.723550 68.859
873.004186 68.859
879.330334 68.859
885.702324 68.859
892.120489 68.859
898.585161 68.859
905.096680 68.859
911.655384 68.859
918.261614 68.859
924.915716 68.859
931.618037 68.859
938.368925 68.859
945.168733 68.859
952.017816 68.859
958.916529 68.859
965.865234 68.859
972.864291 68.859
979.914067 68.859
987.014928 68.859
994.167245 68.859
1001.371391 68.859
1008.627741 68.859
1015.936673 68.859
1023.298569 68.859
1030.713812 68.859
1038.182790 68.859
1045.705890 68.859
1053.283506 68.859
1060.916032 68.859
1068.603867 68.859
1076.347412 68.859
1084.147069 68.859
1092.003245 68.858
1099.916351 68.858
1107.886798 68.858
1115.915003 68.858
1124.001383 68.858
1132.146360 68.858
1140.350359 68.858
1148.613808 68.858
1156.937137 68.858
1165.320781 68.858
1173.765175 68.858
1182.270762 68.858
1190.837983 68.858
1199.467286 68.858
1208.159120 68.858
1216.913939 68.858
1225.732199 68.858
1234.614360 68.858
1243.560885 68.858
1252.572239 68.858
1261.648894 68.858
1270.791322 68.858
1280.000000 68.858
1289.275408 68.858
1298.618029 68.858
1308.028350 68.858
1317.506863 68.858
1327.054061 68.858
1336.670442 68.858
1346.356507 68.858
1356.112761 68.858
1365.939713 68.858
1375.837875 68.858
1385.807763 68.858
1395.849898 68.858
1405.964802 68.858
1416.153002 68.858
1426.415031 68.858
1436.751422 68.858
1447.162715 68.858
1457.649452 68.858
1468.212181 68.858
1478.851452 68.858
1489.567819 68.858
1500.361842 68.858
1511.234082 68.858
1522.185107 68.858
1533.215488 68.858
1544.325799 68.858
1555.516621 68.858
1566.788535 68.858
1578.142131 68.858
1589.577999 68.858
1601.096737 68.858
1612.698944 68.858
1624.385225 68.858
1636.156190 68.858
1648.012452 68.858
1659.954630 68.858
1671.983345 68.858
1684.099226 68.858
1696.302903 68.858
1708.595013 68.858
1720.976197 68.858
1733.447100 68.858
1746.008372 68.858
1758.660669 68.858
1771.404649 68.858
1784.240977 68.858
1797.170323 68.858
1810.193360 68.858
1823.310767 68.858
1836.523229 68.858
1849.831433 68.858
1863.236074 68.858
1876.737851 68.858
1890.337467 68.858
1904.035631 68.858
1917.833058 68.858
1931.730467 68.858
1945.728583 68.858
1959.828134 68.858
1974.029857 68.858
1988.334491 68.858
2002.742782 68.858
2017.255482 68.858
2031.873347 68.858
2046.597138 68.858
2061.427625 68.858
2076.365579 68.858
2091.411780 68.858
2106.567012 68.858
2121.832065 68.858
2137.207735 68.858
2152.694823 68.858
2168.294137 68.858
2184.006490 68.858
2199.832702 68.858
2215.773596 68.858
2231.830005 68.858
2248.002765 68.858
2264.292720 68.858
2280.700718 68.858
2297.227616 68.858
2313.874274 68.858
2330.641561 68.858
2347.530351 68.858
2364.541523 68.858
2381.675966 68.858
2398.934572 68.858
2416.318240 68.858
2433.827878 68.858
2451.464399 68.858
2469.228720 68.858
2487.121769 68.858
2505.144479 68.858
2523.297789 68.858
2541.582644 68.858
2560.000000 68.858
2578.550815 68.858
2597.236057 68.858
2616.056701 68.858
2635.013726 68.858
2654.108121 68.858
2673.340883 68.858
2692.713013 68.858
2712.225522 68.858
2731.879426 68.858
2751.675750 68.858
2771.615527 68.858
2791.699796 68.858
2811.929603 68.858
2832.306004 68.858
2852.830061 68.858
2873.502844 68.858
2894.325430 68.858
2915.298905 68.858
2936.424363 68.858
2957.702904 68.858
2979.135638 68.858
3000.723683 68.858
3022.468164 68.858
3044.370214 68.858
3066.430976 68.858
3088.651599 68.858
3111.033242 68.858
3133.577071 68.858
3156.284262 68.858
3179.155999 68.858
3202.193474 68.858
3225.397888 68.858
3248.770450 68.858
3272.312380 68.858
3296.024905 68.858
3319.909260 68.858
3343.966691 68.858
3368.198452 68.858
3392.605806 68.858
3417.190027 68.858
3441.952394 68.858
3466.894200 68.858
3492.016745 68.858
3517.321337 68.858
3542.809298 68.858
3568.481954 68.858
3594.340646 68.858
3620.386720 68.858
3646.621534 68.858
3673.046457 68.858
3699.662866 68.858
3726.472148 68.858
3753.475701 68.858
3780.674934 68.858
3808.071263 68.858
3835.666117 68.858
3863.460935 68.858
3891.457165 68.858
3919.656268 68.858
3948.059713 68.858
3976.668981 68.858
4005.485564 68.858
4034.510963 68.858
4063.746693 68.858
4093.194277 68.858
4122.855250 68.858
4152.731158 68.858
4182.823560 68.858
4213.134024 68.858
4243.664130 68.858
4274.415470 68.858
4305.389646 68.858
4336.588274 68.858
4368.012981 68.858
4399.665403 68.858
4431.547192 68.858
4463.660010 68.858
4496.005531 68.858
4528.585440 68.858
4561.401437 68.858
4594.455232 68.858
4627.748549 68.858
4661.283122 68.858
4695.060701 68.858
4729.083046 68.858
4763.351932 68.858
4797.869143 68.858
4832.636481 68.858
4867.655757 68.858
4902.928797 68.858
4938.457440 68.858
4974.243539 68.858
5010.288958 68.858
5046.595577 68.858
5083.165289 68.858
5120.000000 68.858
5157.101631 68.858
5194.472115 68.858
5232.113401 68.858
5270.027452 68.858
5308.216243 68.858
5346.681766 68.858
5385.426026 68.858
5424.451043 68.858
5463.758851 68.858
5503.351500 68.858
5543.231054 68.858
5583.399591 68.858
5623.859206 68.858
5664.612008 68.858
5705.660122 68.858
5747.005687 68.858
5788.650860 68.858
5830.597810 68.858
5872.848725 68.858
5915.405808 68.858
5958.271277 68.858
6001.447367 68.858
6044.936328 68.858
6088.740429 68.858
6132.861952 68.858
6177.303198 68.858
6222.066483 68.858
6267.154142 68.858
6312.568524 68.858
6358.311998 68.858
6404.386948 68.858
6450.795775 68.858
6497.540901 68.858
6544.624761 68.858
6592.049809 68.858
6639.818520 68.858
6687.933382 68.858
6736.396904 68.858
6785.211613 68.858
6834.380053 68.858
6883.904789 68.858
6933.788400 68.858
6984.033489 68.858
7034.642675 68.858
7085.618596 68.858
7136.963909 68.858
7188.681291 68.858
7240.773439 68.858
7293.243069 68.858
7346.092914 68.858
7399.325732 68.858
7452.944296 68.858
7506.951403 68.858
7561.349867 68.858
7616.142525 68.858
7671.332234 68.858
7726.921869 68.858
7782.914330 68.858
7839.312536 68.858
7896.119426 68.858
7953.337962 68.858
8010.971128 68.858
8069.021927 68.858
8127.493386 68.858
8186.388553 68.858
8245.710500 68.858
8305.462317 68.858
8365.647121 68.858
8426.268048 68.858
8487.328260 68.858
8548.830939 68.858
8610.779292 68.858
8673.176549 68.858
8736.025961 68.858
8799.330806 68.858
8863.094385 68.858
8927.320020 68.858
8992.011061 68.858
9057.170880 68.858
9122.802874 68.858
9188.910464 68.858
9255.497097 68.858
9322.566244 68.858
9390.121402 68.858
9458.166093 68.858
9526.703863 68.858
9595.738287 68.858
9665.272962 68.858
9735.311514 68.858
9805.857594 68.858
9876.914881 68.858
9948.487077 68.858
10020.577916 68.858
10093.191154 68.858
10166.330578 68.858
10240.000000 68.858
10314.203261 68.858
10388.944230 68.858
10464.226802 68.858
10540.054903 68.858
10616.432486 68.858
10693.363532 68.858
10770.852052 68.858
10848.902086 68.858
10927.517703 68.858
11006.703001 68.858
11086.462108 68.858
11166.799182 68.858
11247.718413 68.858
11329.224017 68.858
11411.320244 68.858
11494.011375 68.858
11577.301719 68.858
11661.195620 68.858
11745.697450 68.858
11830.811616 68.858
11916.542554 68.858
12002.894734 68.858
12089.872657 68.858
12177.480858 68.858
12265.723904 68.858
12354.606395 68.858
12444.132966 68.858
12534.308283 68.858
12625.137048 68.858
12716.623996 68.858
12808.773895 68.858
12901.591551 68.858
12995.081802 68.858
13089.249521 68.858
13184.099619 68.858
13279.637040 68.858
13375.866764 68.858
13472.793808 68.858
13570.423226 68.858
13668.760107 68.858
13767.809577 68.858
13867.576801 68.858
13968.066979 68.858
14069.285350 68.858
14171.237191 68.858
14273.927818 68.858
14377.362583 68.858
14481.546879 68.858
14586.486137 68.858
14692.185828 68.858
14798.651463 68.858
14905.888592 68.858
15013.902806 68.858
15122.699734 68.858
15232.285051 68.858
15342.664467 68.858
15453.843739 68.858
15565.828661 68.858
15678.625072 68.858
15792.238852 68.858
15906.675925 68.858
16021.942256 68.858
16138.043854 68.858
16254.986772 68.858
16372.777107 68.858
16491.420999 68.858
16610.924634 68.858
16731.294241 68.858
16852.536096 68.858
16974.656520 68.858
17097.661878 68.858
17221.558584 68.858
17346.353097 68.858
17472.051922 68.858
17598.661613 68.858
17726.188769 68.858
17854.640040 68.858
17984.022122 68.858
18114.341760 68.858
18245.605748 68.858
18377.820928 68.858
18510.994194 68.858
18645.132489 68.858
18780.242805 68.858
18916.332186 68.858
19053.407727 68.858
19191.476573 68.858
19330.545924 68.858
19470.623028 68.858
19611.715189 68.858
19753.829761 68.858
19896.974155 68.858
20041.155832 68.858
20186.382308 68.858
20332.661156 68.858
20480.000000 68.858
20628.406522 68.858
20777.888460 68.858
20928.453604 68.858
21080.109806 68.858
21232.864972 68.858
21386.727064 68.858
21541.704105 68.858
21697.804172 68.858
21855.035406 68.858
22013.406002 68.858
