* Measurement data measured by REW V5.40 beta 121
* Source: EQ window target shape
* Format: 
* Dated: Aug 12, 2026, 3:15:20 PM
* REW Settings:
*  C-weighting compensation: Off
*  Target level: 75.0 dB
* Note: ; 
* Measurement: Target LRrms+phavg
* Smoothing: 1/48 octave
* Frequency Step: 96 ppo
* Start Frequency: 2.5 Hz
*
* Freq(Hz) SPL(dB)
2.500000 49.163
2.518116 49.365
2.536363 49.608
2.554743 49.857
2.573256 50.107
2.591902 50.356
2.610684 50.606
2.629603 50.855
2.648658 51.105
2.667851 51.354
2.687183 51.603
2.706656 51.852
2.726269 52.101
2.746025 52.350
2.765924 52.599
2.785967 52.847
2.806155 53.096
2.826490 53.344
2.846972 53.592
2.867602 53.840
2.888382 54.088
2.909312 54.336
2.930394 54.583
2.951629 54.831
2.973018 55.078
2.994561 55.325
3.016261 55.571
3.038118 55.818
3.060134 56.064
3.082309 56.310
3.104645 56.555
3.127142 56.801
3.149803 57.046
3.172627 57.290
3.195618 57.534
3.218774 57.778
3.242099 58.022
3.265592 58.265
3.289256 58.507
3.313092 58.749
3.337100 58.991
3.361282 59.232
3.385639 59.472
3.410173 59.712
3.434884 59.952
3.459775 60.190
3.484846 60.428
3.510098 60.666
3.535534 60.902
3.561154 61.138
3.586959 61.372
3.612952 61.606
3.639133 61.839
3.665504 62.071
3.692065 62.302
3.718820 62.532
3.745768 62.761
3.772911 62.989
3.800251 63.215
3.827789 63.440
3.855527 63.663
3.883466 63.886
3.911607 64.106
3.939952 64.326
3.968503 64.543
3.997260 64.759
4.026226 64.973
4.055402 65.185
4.084789 65.395
4.114389 65.603
4.144203 65.810
4.174234 66.014
4.204482 66.215
4.234949 66.415
4.265638 66.612
4.296548 66.806
4.327683 66.998
4.359043 67.188
4.390630 67.374
4.422447 67.558
4.454494 67.739
4.486773 67.917
4.519286 68.092
4.552034 68.264
4.585020 68.433
4.618245 68.598
4.651711 68.761
4.685419 68.919
4.719372 69.075
4.753570 69.227
4.788016 69.376
4.822712 69.521
4.857660 69.662
4.892860 69.800
4.928316 69.935
4.964029 70.066
5.000000 70.193
5.036232 70.316
5.072727 70.436
5.109486 70.553
5.146511 70.665
5.183805 70.775
5.221369 70.880
5.259205 70.982
5.297315 71.081
5.335702 71.176
5.374367 71.268
5.413312 71.356
5.452539 71.442
5.492050 71.524
5.531848 71.603
5.571934 71.678
5.612310 71.751
5.652979 71.821
5.693943 71.888
5.735204 71.952
5.776763 72.013
5.818624 72.072
5.860788 72.128
5.903258 72.182
5.946036 72.233
5.989123 72.283
6.032523 72.329
6.076237 72.374
6.120268 72.417
6.164618 72.457
6.209289 72.496
6.254284 72.532
6.299605 72.568
6.345255 72.601
6.391235 72.632
6.437549 72.663
6.484198 72.691
6.531185 72.718
6.578513 72.744
6.626183 72.769
6.674199 72.792
6.722563 72.814
6.771278 72.835
6.820345 72.855
6.869768 72.874
6.919549 72.891
6.969691 72.908
7.020197 72.924
7.071068 72.940
7.122308 72.954
7.173919 72.968
7.225904 72.980
7.278266 72.993
7.331007 73.004
7.384131 73.015
7.437639 73.025
7.491535 73.035
7.545822 73.044
7.600502 73.053
7.655579 73.062
7.711054 73.069
7.766932 73.077
7.823214 73.084
7.879904 73.090
7.937005 73.097
7.994520 73.102
8.052452 73.108
8.110803 73.113
8.169577 73.118
8.228777 73.123
8.288407 73.128
8.348468 73.132
8.408964 73.136
8.469899 73.139
8.531275 73.143
8.593096 73.146
8.655366 73.150
8.718086 73.152
8.781261 73.155
8.844893 73.158
8.908987 73.160
8.973545 73.163
9.038571 73.165
9.104069 73.167
9.170040 73.169
9.236490 73.171
9.303422 73.173
9.370838 73.175
9.438743 73.176
9.507140 73.178
9.576033 73.179
9.645425 73.180
9.715319 73.182
9.785721 73.183
9.856632 73.184
9.928057 73.185
10.000000 73.186
10.072464 73.187
10.145453 73.187
10.218971 73.188
10.293022 73.189
10.367610 73.189
10.442738 73.190
10.518410 73.190
10.594631 73.190
10.671404 73.191
10.748733 73.191
10.826623 73.191
10.905077 73.192
10.984100 73.192
11.063695 73.192
11.143867 73.192
11.224620 73.192
11.305959 73.192
11.387886 73.192
11.470408 73.192
11.553527 73.192
11.637249 73.192
11.721577 73.192
11.806516 73.192
11.892071 73.192
11.978246 73.192
12.065045 73.191
12.152474 73.191
12.240535 73.191
12.329235 73.190
12.418578 73.190
12.508568 73.190
12.599210 73.189
12.690510 73.189
12.782470 73.189
12.875097 73.188
12.968396 73.188
13.062370 73.188
13.157025 73.187
13.252366 73.187
13.348399 73.186
13.445127 73.186
13.542555 73.185
13.640690 73.184
13.739536 73.184
13.839099 73.183
13.939383 73.182
14.040393 73.182
14.142136 73.181
14.244615 73.180
14.347838 73.180
14.451808 73.179
14.556532 73.178
14.662014 73.177
14.768261 73.177
14.875278 73.176
14.983071 73.175
15.091644 73.174
15.201005 73.173
15.311157 73.172
15.422108 73.171
15.533863 73.170
15.646428 73.169
15.759808 73.168
15.874011 73.167
15.989040 73.166
16.104903 73.165
16.221606 73.164
16.339155 73.162
16.457555 73.161
16.576813 73.160
16.696935 73.159
16.817928 73.157
16.939798 73.156
17.062551 73.154
17.186193 73.153
17.310731 73.152
17.436172 73.150
17.562522 73.149
17.689787 73.147
17.817974 73.145
17.947091 73.143
18.077143 73.141
18.208137 73.139
18.340081 73.138
18.472981 73.136
18.606843 73.134
18.741676 73.132
18.877486 73.130
19.014280 73.128
19.152066 73.126
19.290849 73.124
19.430639 73.121
19.571441 73.119
19.713264 73.116
19.856114 73.114
20.000000 73.111
20.144928 73.109
20.290907 73.106
20.437943 73.104
20.586045 73.101
20.735220 73.098
20.885476 73.095
21.036820 73.092
21.189262 73.089
21.342808 73.086
21.497467 73.082
21.653246 73.079
21.810155 73.076
21.968200 73.072
22.127391 73.069
22.287735 73.065
22.449241 73.062
22.611917 73.058
22.775773 73.054
22.940815 73.050
23.107054 73.045
23.274497 73.041
23.443154 73.037
23.613033 73.033
23.784142 73.028
23.956492 73.024
24.130091 73.019
24.304947 73.014
24.481071 73.009
24.658471 73.004
24.837156 72.998
25.017137 72.993
25.198421 72.988
25.381019 72.982
25.564940 72.976
25.750195 72.970
25.936791 72.964
26.124740 72.958
26.314050 72.952
26.504733 72.946
26.696797 72.939
26.890253 72.932
27.085111 72.925
27.281381 72.918
27.479073 72.911
27.678198 72.903
27.878765 72.896
28.080786 72.888
28.284271 72.880
28.489231 72.872
28.695675 72.864
28.903616 72.855
29.113064 72.847
29.324029 72.838
29.536523 72.829
29.750557 72.820
29.966142 72.810
30.183289 72.801
30.402009 72.791
30.622315 72.781
30.844217 72.771
31.067726 72.760
31.292856 72.749
31.519617 72.738
31.748021 72.727
31.978080 72.716
32.209807 72.704
32.443212 72.693
32.678309 72.681
32.915110 72.668
33.153626 72.656
33.393871 72.643
33.635857 72.630
33.879596 72.616
34.125101 72.602
34.372386 72.588
34.621462 72.574
34.872344 72.560
35.125043 72.545
35.379574 72.530
35.635949 72.515
35.894182 72.499
36.154286 72.483
36.416274 72.467
36.680162 72.451
36.945961 72.434
37.213687 72.417
37.483353 72.400
37.754973 72.382
38.028561 72.364
38.304131 72.346
38.581699 72.328
38.861278 72.309
39.142882 72.289
39.426528 72.270
39.712229 72.250
40.000000 72.230
40.289856 72.209
40.581813 72.188
40.875886 72.167
41.172089 72.146
41.470439 72.124
41.770951 72.102
42.073641 72.079
42.378524 72.056
42.685616 72.033
42.994934 72.009
43.306493 71.986
43.620309 71.961
43.936400 71.937
44.254781 71.912
44.575470 71.887
44.898482 71.861
45.223835 71.835
45.551545 71.809
45.881631 71.783
46.214108 71.756
46.548994 71.728
46.886308 71.701
47.226065 71.673
47.568285 71.644
47.912984 71.615
48.260181 71.586
48.609894 71.557
48.962142 71.527
49.316942 71.497
49.674312 71.467
50.034273 71.436
50.396842 71.405
50.762038 71.374
51.129881 71.342
51.500389 71.310
51.873582 71.278
52.249480 71.245
52.628101 71.211
53.009466 71.178
53.393594 71.144
53.780506 71.110
54.170222 71.076
54.562762 71.041
54.958146 71.006
55.356395 70.970
55.757531 70.935
56.161573 70.899
56.568542 70.863
56.978461 70.826
57.391351 70.789
57.807232 70.752
58.226127 70.714
58.648058 70.676
59.073046 70.638
59.501113 70.600
59.932283 70.561
60.366577 70.522
60.804018 70.483
61.244629 70.443
61.688433 70.404
62.135453 70.364
62.585712 70.323
63.039234 70.283
63.496042 70.242
63.956161 70.201
64.419613 70.160
64.886424 70.119
65.356618 70.077
65.830219 70.035
66.307252 69.993
66.787742 69.951
67.271713 69.908
67.759192 69.866
68.250203 69.823
68.744772 69.780
69.242925 69.737
69.744688 69.694
70.250086 69.650
70.759147 69.607
71.271897 69.563
71.788363 69.520
72.308571 69.476
72.832549 69.432
73.360323 69.389
73.891923 69.345
74.427374 69.301
74.966705 69.257
75.509945 69.213
76.057121 69.170
76.608262 69.126
77.163398 69.082
77.722555 69.039
78.285765 68.995
78.853056 68.952
79.424458 68.909
80.000000 68.866
80.579713 68.823
81.163627 68.781
81.751772 68.738
82.344179 68.697
82.940879 68.655
83.541903 68.614
84.147282 68.573
84.757048 68.532
85.371232 68.492
85.989867 68.452
86.612985 68.412
87.240619 68.373
87.872800 68.335
88.509563 68.297
89.150939 68.259
89.796964 68.222
90.447670 68.186
91.103091 68.150
91.763261 68.114
92.428216 68.080
93.097989 68.046
93.772615 68.013
94.452130 67.980
95.136569 67.948
95.825968 67.917
96.520362 67.887
97.219789 67.856
97.924283 67.828
98.633883 67.801
99.348625 67.774
100.068546 67.747
100.793684 67.723
101.524077 67.699
102.259762 67.675
103.000778 67.652
103.747164 67.631
104.498959 67.611
105.256202 67.591
106.018931 67.572
106.787188 67.555
107.561012 67.539
108.340444 67.523
109.125523 67.508
109.916292 67.495
110.712791 67.483
111.515061 67.472
112.323145 67.461
113.137085 67.452
113.956923 67.444
114.782702 67.437
115.614465 67.430
116.452255 67.425
117.296116 67.422
118.146092 67.419
119.002227 67.416
119.864566 67.416
120.733154 67.416
121.608036 67.417
122.489258 67.418
123.376866 67.422
124.270906 67.426
125.171424 67.430
126.078468 67.436
126.992084 67.443
127.912321 67.451
128.839227 67.459
129.772849 67.468
130.713236 67.479
131.660438 67.490
132.614504 67.502
133.575483 67.514
134.543426 67.528
135.518384 67.542
136.500406 67.557
137.489544 67.572
138.485850 67.588
139.489375 67.605
140.500173 67.623
141.518295 67.640
142.543795 67.659
143.576726 67.679
144.617142 67.698
145.665098 67.718
146.720647 67.739
147.783845 67.760
148.854748 67.781
149.933411 67.802
151.019890 67.824
152.114242 67.847
153.216525 67.869
154.326795 67.892
155.445111 67.915
156.571530 67.938
157.706112 67.961
158.848915 67.985
160.000000 68.008
161.159426 68.032
162.327254 68.055
163.503544 68.079
164.688358 68.103
165.881758 68.127
167.083805 68.151
168.294563 68.174
169.514095 68.198
170.742464 68.221
171.979734 68.245
173.225970 68.268
174.481237 68.291
175.745600 68.314
177.019125 68.337
178.301879 68.359
179.593928 68.381
180.895339 68.403
182.206182 68.425
183.526523 68.446
184.856431 68.468
186.195977 68.489
187.545230 68.510
188.904260 68.530
190.273138 68.550
191.651936 68.569
193.040725 68.589
194.439578 68.608
195.848567 68.627
197.267766 68.645
198.697250 68.663
200.137092 68.681
201.587368 68.698
203.048153 68.715
204.519524 68.731
206.001557 68.747
207.494329 68.763
208.997918 68.778
210.512403 68.793
212.037863 68.807
213.574377 68.821
215.122025 68.835
216.680888 68.849
218.251047 68.862
219.832584 68.874
221.425581 68.887
223.030122 68.899
224.646290 68.911
226.274170 68.922
227.913846 68.932
229.565404 68.943
231.228929 68.953
232.904509 68.963
234.592231 68.973
236.292183 68.982
238.004454 68.991
239.729132 68.999
241.466308 69.008
243.216073 69.016
244.978517 69.024
246.753732 69.031
248.541811 69.038
250.342848 69.045
252.156935 69.051
253.984168 69.057
255.824642 69.063
257.678453 69.069
259.545697 69.075
261.426473 69.080
263.320877 69.085
265.229008 69.090
267.150967 69.095
269.086853 69.099
271.036767 69.103
273.000811 69.108
274.979088 69.111
276.971700 69.115
278.978751 69.119
281.000346 69.122
283.036590 69.125
285.087590 69.128
287.153452 69.131
289.234284 69.134
291.330195 69.136
293.441294 69.138
295.567690 69.141
297.709496 69.143
299.866821 69.145
302.039780 69.147
304.228485 69.149
306.433050 69.151
308.653590 69.153
310.890221 69.154
313.143060 69.156
315.412224 69.157
317.697831 69.159
320.000000 69.160
322.318852 69.161
324.654507 69.162
327.007088 69.163
329.376716 69.164
331.763515 69.165
334.167610 69.166
336.589127 69.166
339.028190 69.167
341.484928 69.168
343.959469 69.169
346.451941 69.169
348.962474 69.170
351.491200 69.170
354.038251 69.171
356.603758 69.171
359.187855 69.171
361.790679 69.172
364.412363 69.172
367.053045 69.172
369.712863 69.173
372.391955 69.173
375.090460 69.174
377.808521 69.174
380.546277 69.174
383.303872 69.174
386.081450 69.174
388.879155 69.174
391.697134 69.174
394.535533 69.175
397.394500 69.175
400.274184 69.175
403.174736 69.175
406.096306 69.175
409.039048 69.175
412.003113 69.175
414.988657 69.175
417.995836 69.176
421.024807 69.176
424.075726 69.176
427.148753 69.176
430.244049 69.176
433.361775 69.176
436.502093 69.176
439.665167 69.176
442.851162 69.176
446.060244 69.176
449.292581 69.176
452.548340 69.176
455.827692 69.176
459.130807 69.176
462.457858 69.176
465.809019 69.176
469.184463 69.176
472.584367 69.176
476.008908 69.176
479.458265 69.176
482.932617 69.176
486.432146 69.176
489.957033 69.176
493.507464 69.176
497.083623 69.176
500.685695 69.176
504.313870 69.176
507.968337 69.176
511.649285 69.175
515.356906 69.175
519.091395 69.175
522.852945 69.175
526.641753 69.175
530.458016 69.175
534.301934 69.175
538.173706 69.175
542.073534 69.175
546.001623 69.175
549.958175 69.175
553.943399 69.175
557.957501 69.175
562.000691 69.175
566.073180 69.175
570.175180 69.175
574.306904 69.175
578.468569 69.175
582.660390 69.175
586.882588 69.175
591.135381 69.175
595.418991 69.175
599.733643 69.175
604.079560 69.175
608.456970 69.175
612.866100 69.175
617.307180 69.175
621.780442 69.175
626.286120 69.175
630.824447 69.175
635.395661 69.175
640.000000 69.175
644.637704 69.175
649.309014 69.175
654.014175 69.175
658.753431 69.175
663.527030 69.175
668.335221 69.175
673.178253 69.175
678.056380 69.175
682.969856 69.175
687.918938 69.175
692.903882 69.175
697.924949 69.175
702.982401 69.175
708.076501 69.175
713.207515 69.175
718.375711 69.175
723.581357 69.175
728.824726 69.175
734.106091 69.175
739.425726 69.175
744.783910 69.175
750.180921 69.175
755.617041 69.175
761.092554 69.175
766.607744 69.175
772.162900 69.175
777.758310 69.175
783.394268 69.175
789.071066 69.175
794.789000 69.175
800.548368 69.175
806.349472 69.175
812.192613 69.175
818.078095 69.175
824.006226 69.175
829.977315 69.175
835.991673 69.175
842.049613 69.175
848.151452 69.175
854.297507 69.175
860.488099 69.175
866.723550 69.175
873.004186 69.175
879.330334 69.175
885.702324 69.175
892.120489 69.175
898.585161 69.175
905.096680 69.175
911.655384 69.175
918.261614 69.175
924.915716 69.175
931.618037 69.175
938.368925 69.175
945.168733 69.175
952.017816 69.175
958.916529 69.175
965.865234 69.175
972.864291 69.175
979.914067 69.175
987.014928 69.175
994.167245 69.175
1001.371391 69.175
1008.627741 69.175
1015.936673 69.175
1023.298569 69.175
1030.713812 69.175
1038.182790 69.175
1045.705890 69.175
1053.283506 69.175
1060.916032 69.175
1068.603867 69.175
1076.347412 69.175
1084.147069 69.174
1092.003245 69.174
1099.916351 69.174
1107.886798 69.174
1115.915003 69.174
1124.001383 69.174
1132.146360 69.174
1140.350359 69.174
1148.613808 69.174
1156.937137 69.174
1165.320781 69.174
1173.765175 69.174
1182.270762 69.174
1190.837983 69.174
1199.467286 69.174
1208.159120 69.174
1216.913939 69.174
1225.732199 69.174
1234.614360 69.174
1243.560885 69.174
1252.572239 69.174
1261.648894 69.174
1270.791322 69.174
1280.000000 69.174
1289.275408 69.174
1298.618029 69.174
1308.028350 69.174
1317.506863 69.174
1327.054061 69.174
1336.670442 69.174
1346.356507 69.174
1356.112761 69.174
1365.939713 69.174
1375.837875 69.174
1385.807763 69.174
1395.849898 69.174
1405.964802 69.174
1416.153002 69.174
1426.415031 69.174
1436.751422 69.174
1447.162715 69.174
1457.649452 69.174
1468.212181 69.174
1478.851452 69.174
1489.567819 69.174
1500.361842 69.174
1511.234082 69.174
1522.185107 69.174
1533.215488 69.174
1544.325799 69.174
1555.516621 69.174
1566.788535 69.174
1578.142131 69.174
1589.577999 69.174
1601.096737 69.174
1612.698944 69.174
1624.385225 69.174
1636.156190 69.174
1648.012452 69.174
1659.954630 69.174
1671.983345 69.174
1684.099226 69.174
1696.302903 69.174
1708.595013 69.174
1720.976197 69.174
1733.447100 69.174
1746.008372 69.174
1758.660669 69.174
1771.404649 69.174
1784.240977 69.174
1797.170323 69.174
1810.193360 69.174
1823.310767 69.174
1836.523229 69.174
1849.831433 69.174
1863.236074 69.174
1876.737851 69.174
1890.337467 69.174
1904.035631 69.174
1917.833058 69.174
1931.730467 69.174
1945.728583 69.174
1959.828134 69.174
1974.029857 69.174
1988.334491 69.174
2002.742782 69.174
2017.255482 69.174
2031.873347 69.174
2046.597138 69.174
2061.427625 69.174
2076.365579 69.174
2091.411780 69.174
2106.567012 69.174
2121.832065 69.174
2137.207735 69.174
2152.694823 69.174
2168.294137 69.174
2184.006490 69.174
2199.832702 69.174
2215.773596 69.174
2231.830005 69.174
2248.002765 69.174
2264.292720 69.174
2280.700718 69.174
2297.227616 69.174
2313.874274 69.174
2330.641561 69.174
2347.530351 69.174
2364.541523 69.174
2381.675966 69.174
2398.934572 69.174
2416.318240 69.174
2433.827878 69.174
2451.464399 69.174
2469.228720 69.174
2487.121769 69.174
2505.144479 69.174
2523.297789 69.174
2541.582644 69.174
2560.000000 69.174
2578.550815 69.174
2597.236057 69.174
2616.056701 69.174
2635.013726 69.174
2654.108121 69.174
2673.340883 69.174
2692.713013 69.174
2712.225522 69.174
2731.879426 69.174
2751.675750 69.174
2771.615527 69.174
2791.699796 69.174
2811.929603 69.174
2832.306004 69.174
2852.830061 69.174
2873.502844 69.174
2894.325430 69.174
2915.298905 69.174
2936.424363 69.174
2957.702904 69.174
2979.135638 69.174
3000.723683 69.174
3022.468164 69.174
3044.370214 69.174
3066.430976 69.174
3088.651599 69.174
3111.033242 69.174
3133.577071 69.174
3156.284262 69.174
3179.155999 69.174
3202.193474 69.174
3225.397888 69.174
3248.770450 69.174
3272.312380 69.174
3296.024905 69.174
3319.909260 69.174
3343.966691 69.174
3368.198452 69.174
3392.605806 69.174
3417.190027 69.174
3441.952394 69.174
3466.894200 69.174
3492.016745 69.174
3517.321337 69.174
3542.809298 69.174
3568.481954 69.174
3594.340646 69.174
3620.386720 69.174
3646.621534 69.174
3673.046457 69.174
3699.662866 69.174
3726.472148 69.174
3753.475701 69.174
3780.674934 69.174
3808.071263 69.174
3835.666117 69.174
3863.460935 69.174
3891.457165 69.174
3919.656268 69.174
3948.059713 69.174
3976.668981 69.174
4005.485564 69.174
4034.510963 69.174
4063.746693 69.174
4093.194277 69.174
4122.855250 69.174
4152.731158 69.174
4182.823560 69.174
4213.134024 69.174
4243.664130 69.174
4274.415470 69.174
4305.389646 69.174
4336.588274 69.174
4368.012981 69.174
4399.665403 69.174
4431.547192 69.174
4463.660010 69.174
4496.005531 69.174
4528.585440 69.174
4561.401437 69.174
4594.455232 69.174
4627.748549 69.174
4661.283122 69.174
4695.060701 69.174
4729.083046 69.174
4763.351932 69.174
4797.869143 69.174
4832.636481 69.174
4867.655757 69.174
4902.928797 69.174
4938.457440 69.174
4974.243539 69.174
5010.288958 69.174
5046.595577 69.174
5083.165289 69.174
5120.000000 69.174
5157.101631 69.174
5194.472115 69.174
5232.113401 69.174
5270.027452 69.174
5308.216243 69.174
5346.681766 69.174
5385.426026 69.174
5424.451043 69.174
5463.758851 69.174
5503.351500 69.174
5543.231054 69.174
5583.399591 69.174
5623.859206 69.174
5664.612008 69.174
5705.660122 69.174
5747.005687 69.174
5788.650860 69.174
5830.597810 69.174
5872.848725 69.174
5915.405808 69.174
5958.271277 69.174
6001.447367 69.174
6044.936328 69.174
6088.740429 69.174
6132.861952 69.174
6177.303198 69.174
6222.066483 69.174
6267.154142 69.174
6312.568524 69.174
6358.311998 69.174
6404.386948 69.174
6450.795775 69.174
6497.540901 69.174
6544.624761 69.174
6592.049809 69.174
6639.818520 69.174
6687.933382 69.174
6736.396904 69.174
6785.211613 69.174
6834.380053 69.174
6883.904789 69.174
6933.788400 69.174
6984.033489 69.174
7034.642675 69.174
7085.618596 69.174
7136.963909 69.174
7188.681291 69.174
7240.773439 69.174
7293.243069 69.174
7346.092914 69.174
7399.325732 69.174
7452.944296 69.174
7506.951403 69.174
7561.349867 69.174
7616.142525 69.174
7671.332234 69.174
7726.921869 69.174
7782.914330 69.174
7839.312536 69.174
7896.119426 69.174
7953.337962 69.174
8010.971128 69.174
8069.021927 69.174
8127.493386 69.174
8186.388553 69.174
8245.710500 69.174
8305.462317 69.174
8365.647121 69.174
8426.268048 69.174
8487.328260 69.174
8548.830939 69.174
8610.779292 69.174
8673.176549 69.174
8736.025961 69.174
8799.330806 69.174
8863.094385 69.174
8927.320020 69.174
8992.011061 69.174
9057.170880 69.174
9122.802874 69.174
9188.910464 69.174
9255.497097 69.174
9322.566244 69.174
9390.121402 69.174
9458.166093 69.174
9526.703863 69.174
9595.738287 69.174
9665.272962 69.174
9735.311514 69.174
9805.857594 69.174
9876.914881 69.174
9948.487077 69.174
10020.577916 69.174
10093.191154 69.174
10166.330578 69.174
10240.000000 69.174
10314.203261 69.174
10388.944230 69.174
10464.226802 69.174
10540.054903 69.174
10616.432486 69.174
10693.363532 69.174
10770.852052 69.174
10848.902086 69.174
10927.517703 69.174
11006.703001 69.174
11086.462108 69.174
11166.799182 69.174
11247.718413 69.174
11329.224017 69.174
11411.320244 69.174
11494.011375 69.174
11577.301719 69.174
11661.195620 69.174
11745.697450 69.174
11830.811616 69.174
11916.542554 69.174
12002.894734 69.174
12089.872657 69.174
12177.480858 69.174
12265.723904 69.174
12354.606395 69.174
12444.132966 69.174
12534.308283 69.174
12625.137048 69.174
12716.623996 69.174
12808.773895 69.174
12901.591551 69.174
12995.081802 69.174
13089.249521 69.174
13184.099619 69.174
13279.637040 69.174
13375.866764 69.174
13472.793808 69.174
13570.423226 69.174
13668.760107 69.174
13767.809577 69.174
13867.576801 69.174
13968.066979 69.174
14069.285350 69.174
14171.237191 69.174
14273.927818 69.174
14377.362583 69.174
14481.546879 69.174
14586.486137 69.174
14692.185828 69.174
14798.651463 69.174
14905.888592 69.174
15013.902806 69.174
15122.699734 69.174
15232.285051 69.174
15342.664467 69.174
15453.843739 69.174
15565.828661 69.174
15678.625072 69.174
15792.238852 69.174
15906.675925 69.174
16021.942256 69.174
16138.043854 69.174
16254.986772 69.174
16372.777107 69.174
16491.420999 69.174
16610.924634 69.174
16731.294241 69.174
16852.536096 69.174
16974.656520 69.174
17097.661878 69.174
17221.558584 69.174
17346.353097 69.174
17472.051922 69.174
17598.661613 69.174
17726.188769 69.174
17854.640040 69.174
17984.022122 69.174
18114.341760 69.174
18245.605748 69.174
18377.820928 69.174
18510.994194 69.174
18645.132489 69.174
18780.242805 69.174
18916.332186 69.174
19053.407727 69.174
19191.476573 69.174
19330.545924 69.174
19470.623028 69.174
19611.715189 69.174
19753.829761 69.174
19896.974155 69.174
20041.155832 69.174
20186.382308 69.174
20332.661156 69.174
20480.000000 69.174
20628.406522 69.174
20777.888460 69.174
20928.453604 69.174
21080.109806 69.174
21232.864972 69.174
21386.727064 69.174
21541.704105 69.174
21697.804172 69.174
21855.035406 69.174
22013.406002 69.174
