* Measurement data measured by REW V5.40 beta 122
* Source: U18dB [plughw:2,0], Mic (Mic), R, volume: 1.000. Timing signal peak level -23.2 dBFS, measurement signal peak level -12.2 dBFS
* Format: 512k Log Swept Sine, 1 sweep at -14.0 dBFS using an acoustic timing reference
* Dated: Apr 28, 2026, 3:09:05 PM
* REW Settings:
*  C-weighting compensation: Off
*  Target level: 75.0 dB
* Note: new measurements: trad: traditional foams on the right. Rscreen screen panels on the Right prolong the half wall; Delay -0.0094 ms (-3.2 mm, -0.13 in) using estimated IR delay relative to Acoustic reference played from DAC8STEREO L with no timing offset Clock adjustment: -17.1 ppm
* Measurement: L 120.blue
* Smoothing: Variable
* Frequency Step: 96 ppo
* Start Frequency: 15.014648 Hz
*
* Freq(Hz)	SPL(dB)	Phase(degrees)
15.014648	71.658	-134.5217
15.123451	71.874	-135.8757
15.233042	72.165	-137.8957
15.343426	72.472	-140.2752
15.454611	72.767	-142.8890
15.566602	73.040	-145.7037
15.679404	73.280	-148.6516
15.793023	73.477	-151.6753
15.907466	73.633	-154.7268
16.022738	73.757	-157.6908
16.138845	73.863	-160.4150
16.255794	73.961	-162.8098
16.373590	74.079	-164.8303
16.492240	74.248	-166.4342
16.611750	74.482	-167.6647
16.732125	74.768	-168.6685
16.853373	75.082	-169.5624
16.975500	75.405	-170.3965
17.098511	75.720	-171.2461
17.222414	76.004	-172.2206
17.347215	76.244	-173.3817
17.472920	76.441	-174.7231
17.599536	76.599	-176.2209
17.727069	76.724	-177.8586
17.855527	76.824	-179.5960
17.984915	76.912	178.6259
18.115241	77.005	176.8340
18.246512	77.132	175.0149
18.378734	77.321	173.1562
18.511914	77.575	171.2480
18.646058	77.876	169.2590
18.781175	78.203	167.1635
18.917272	78.520	164.9804
19.054354	78.791	162.7432
19.192430	78.998	160.4561
19.331506	79.151	158.1001
19.471590	79.274	155.6506
19.612689	79.382	153.0769
19.754811	79.485	150.3418
19.897962	79.578	147.4462
20.042151	79.643	144.4830
20.187385	79.649	141.5953
20.333671	79.596	138.9250
20.481017	79.515	136.6138
20.629431	79.448	134.7433
20.778920	79.442	133.2505
20.929493	79.524	131.9644
21.081157	79.677	130.7187
21.233919	79.836	129.3896
21.387789	79.941	127.9215
21.542774	79.978	126.3744
21.698882	79.966	124.8411
21.856121	79.962	123.3416
22.014499	80.037	121.8069
22.174025	80.229	120.0947
22.334708	80.515	118.0254
22.496554	80.837	115.4815
22.659573	81.136	112.4857
22.823774	81.365	109.1423
22.989164	81.507	105.5953
23.155753	81.569	101.9844
23.323549	81.572	98.3983
23.492562	81.540	94.8696
23.662798	81.496	91.4012
23.834269	81.450	87.9950
24.006982	81.401	84.6805
24.180946	81.340	81.5363
24.356171	81.261	78.6368
24.532666	81.170	76.0087
24.710440	81.081	73.5706
24.889502	81.009	71.1414
25.069862	80.938	68.5012
25.251528	80.813	65.5072
25.434511	80.557	62.1520
25.618820	80.108	58.6013
25.804465	79.450	55.1510
25.991454	78.635	52.1672
26.179799	77.777	49.9810
26.369509	77.012	48.7823
26.560593	76.427	48.5277
26.753062	76.017	48.9792
26.946926	75.753	49.7755
27.142194	75.649	50.4963
27.338878	75.735	50.6769
27.536987	75.979	49.9046
27.736531	76.258	47.9728
27.937521	76.421	44.9667
28.139968	76.356	41.2110
28.343882	76.013	37.1533
28.549273	75.382	33.2614
28.756153	74.473	29.9774
28.964532	73.300	27.7700
29.174421	71.878	27.2927
29.385831	70.262	29.7272
29.598773	68.657	37.0251
29.813258	67.598	50.4579
30.029297	67.745	66.0027
30.246902	68.952	76.7118
30.466083	70.434	81.4503
30.686853	71.710	82.6071
30.909222	72.693	82.2322
31.133203	73.465	81.4203
31.358807	74.114	80.5908
31.586046	74.672	79.8115
31.814932	75.142	79.0190
32.045476	75.556	78.1319
32.277691	75.975	77.0632
32.511588	76.429	75.7024
32.747180	76.892	73.9465
32.984480	77.311	71.7397
33.223499	77.671	69.0659
33.464250	77.988	65.9138
33.706746	78.284	62.2667
33.950999	78.552	58.1449
34.197022	78.764	53.6527
34.444828	78.896	48.9743
34.694429	78.929	44.3184
34.945839	78.858	39.8439
35.199071	78.678	35.6299
35.454138	78.396	31.7078
35.711054	78.020	28.1155
35.969831	77.564	24.9308
36.230483	77.063	22.2422
36.493024	76.567	20.0731
36.757467	76.107	18.3427
37.023827	75.667	16.9152
37.292117	75.204	15.6912
37.562351	74.704	14.6560
37.834543	74.192	13.8557
38.108708	73.688	13.3550
38.384859	73.187	13.2040
38.663012	72.692	13.4139
38.943180	72.217	13.9511
39.225378	71.747	14.7974
39.509622	71.242	16.0212
39.795925	70.709	17.7546
40.084302	70.211	20.1044
40.374770	69.783	23.1458
40.667342	69.417	26.9215
40.962034	69.171	31.1771
41.258862	69.142	35.1333
41.557841	69.295	37.9873
41.858986	69.462	39.7678
42.162313	69.552	41.4681
42.467839	69.641	44.3858
42.775578	69.906	49.1190
43.085548	70.458	54.9456
43.397763	71.248	60.4683
43.712242	72.160	64.7630
44.028998	73.140	67.5264
44.348051	74.177	68.6402
44.669415	75.211	68.0593
44.993108	76.159	65.9366
45.319147	76.980	62.6093
45.647548	77.670	58.4756
45.978329	78.216	53.9257
46.311507	78.603	49.3398
46.647099	78.836	45.0616
46.985123	78.958	41.3283
47.325597	79.018	38.2417
47.668537	79.051	35.8235
48.013963	79.096	34.0575
48.361892	79.215	32.7989
48.712342	79.464	31.6622
49.065332	79.852	30.1376
49.420880	80.351	27.8395
49.779004	80.949	24.5591
50.139723	81.623	20.1628
50.503056	82.275	14.5964
50.869022	82.776	7.9720
51.237640	83.045	0.5836
51.608929	83.067	-7.1447
51.982909	82.864	-14.7185
52.359598	82.483	-21.6758
52.739018	81.987	-27.7469
53.121186	81.448	-32.9532
53.506124	80.908	-37.4922
53.893852	80.378	-41.4714
54.284389	79.860	-44.7904
54.677756	79.384	-47.3469
55.073973	78.993	-49.3389
55.473062	78.720	-51.2771
55.875043	78.568	-53.6681
56.279936	78.518	-56.7327
56.687764	78.538	-60.4365
57.098547	78.594	-64.6970
57.512306	78.656	-69.4797
57.929064	78.700	-74.7446
58.348842	78.712	-80.4056
58.771662	78.704	-86.4105
59.197546	78.709	-92.8398
59.626515	78.766	-99.8860
60.058594	78.907	-107.7302
60.493803	79.135	-116.4461
60.932166	79.421	-125.9874
61.373706	79.701	-136.2398
61.818445	79.895	-147.1240
62.266407	79.954	-158.6793
62.717615	79.896	-170.9798
63.172093	79.795	176.1405
63.629864	79.709	163.2254
64.090952	79.649	150.8099
64.555381	79.613	138.9112
65.023176	79.609	127.0900
65.494361	79.612	114.9724
65.968960	79.551	102.5717
66.446998	79.348	90.1512
66.928501	78.967	78.0046
67.413492	78.419	66.4333
67.901998	77.753	55.7319
68.394044	77.025	46.0172
68.889655	76.272	37.1166
69.388858	75.497	28.7255
69.891679	74.696	20.6353
70.398142	73.891	12.7314
70.908276	73.149	4.7615
71.422107	72.582	-3.9001
71.939661	72.309	-14.3391
72.460965	72.385	-27.8701
72.986047	72.763	-45.4256
73.514934	73.327	-66.8238
74.047654	73.960	-90.4500
74.584234	74.600	-113.6989
75.124702	75.237	-134.1692
75.669086	75.907	-150.7319
76.217416	76.721	-163.4731
76.769719	77.854	-173.2026
77.326024	79.405	178.6145
77.886360	81.247	170.1030
78.450757	83.097	159.9233
79.019243	84.693	147.8510
79.591849	85.899	134.4368
80.168605	86.686	120.4523
80.749539	87.090	106.6047
81.334684	87.170	93.4604
81.924068	86.986	81.4398
82.517724	86.603	70.8384
83.115681	86.095	61.8157
83.717972	85.546	54.3181
84.324627	85.018	48.0479
84.935678	84.529	42.6259
85.551157	84.059	37.8344
86.171096	83.598	33.6499
86.795527	83.161	30.0585
87.424483	82.769	26.9370
88.057997	82.423	24.1176
88.696102	82.118	21.4377
89.338830	81.843	18.7013
89.986216	81.563	15.7274
90.638293	81.230	12.5345
91.295096	80.809	9.4459
91.956658	80.292	6.9518
92.623013	79.705	5.4159
93.294198	79.091	4.8761
93.970246	78.499	5.1287
94.651193	77.962	6.0045
95.337075	77.497	7.5298
96.027927	77.119	9.8381
96.723785	76.863	12.9939
97.424685	76.792	16.8466
98.130664	76.963	20.9233
98.841760	77.367	24.5538
99.558008	77.930	27.2539
100.279446	78.600	28.8000
101.006112	79.356	28.8800
101.738044	80.127	27.1123
102.475280	80.772	23.5383
103.217858	81.156	18.8737
103.965817	81.231	14.2731
104.719197	81.068	10.8975
105.478035	80.854	9.3932
106.242372	80.808	9.3669
107.012248	81.023	9.4971
107.787703	81.406	8.5820
108.568777	81.796	6.3447
109.355511	82.086	3.2649
110.147947	82.275	0.0398
110.946124	82.434	-2.9030
111.750085	82.650	-5.7668
112.559873	82.938	-9.3241
113.375528	83.201	-14.2974
114.197094	83.285	-20.7618
115.024613	83.046	-28.0653
115.858129	82.394	-35.0154
116.697684	81.311	-39.9633
117.543324	79.906	-40.8014
118.395091	78.511	-35.6150
119.253031	77.689	-25.3461
120.117188	77.788	-15.1259
120.987606	78.554	-8.6901
121.864332	79.580	-5.9738
122.747411	80.657	-6.0149
123.636890	81.691	-8.3215
124.532814	82.598	-12.6863
125.435230	83.278	-18.7937
126.344185	83.648	-26.0736
127.259727	83.666	-33.7576
128.181904	83.336	-40.9943
129.110763	82.707	-46.9583
130.046352	81.869	-50.9509
130.988722	80.948	-52.4908
131.937920	80.107	-51.4255
132.893997	79.531	-48.1746
133.857001	79.359	-43.9921
134.826984	79.580	-40.5748
135.803996	80.045	-38.9949
136.788088	80.590	-39.2811
137.779311	81.133	-40.9711
138.777717	81.652	-43.7300
139.783357	82.139	-47.5438
140.796285	82.553	-52.5426
141.816553	82.821	-58.7177
142.844214	82.852	-65.7443
143.879322	82.571	-72.9427
144.921931	81.938	-79.2908
145.972095	80.975	-83.4751
147.029869	79.806	-84.2014
148.095308	78.677	-81.1548
149.168468	77.872	-76.0173
150.249404	77.520	-71.2435
151.338173	77.550	-67.7679
152.434832	77.864	-65.3212
153.539437	78.397	-63.9135
154.652047	79.056	-64.1176
155.772720	79.693	-66.3348
156.901513	80.175	-70.3359
158.038486	80.424	-75.4513
159.183698	80.424	-80.9192
160.337209	80.209	-86.1046
161.499079	79.843	-90.6105
162.669367	79.405	-94.3386
163.848137	78.958	-97.4645
165.035448	78.522	-100.2888
166.231363	78.078	-103.0371
167.435944	77.589	-105.7488
168.649254	77.030	-108.3046
169.871356	76.396	-110.5132
171.102314	75.703	-112.1682
172.342191	74.973	-113.0375
173.591054	74.246	-112.8375
174.848966	73.592	-111.3313
176.115994	73.117	-108.6813
177.392203	72.914	-105.8488
178.677660	72.966	-104.3055
179.972432	73.132	-105.0228
181.276587	73.232	-107.9204
182.590191	73.133	-112.0911
183.913315	72.783	-115.9878
185.246027	72.226	-116.7751
186.588396	71.624	-107.0375
187.940492	71.247	-70.9324
189.302387	71.352	-36.6812
190.674150	71.966	-27.1138
192.055853	72.895	-26.6516
193.447569	73.932	-29.1091
194.849370	74.961	-32.6067
196.261329	75.934	-36.5485
197.683519	76.831	-40.7943
199.116016	77.632	-45.3558
200.558892	78.318	-50.2451
202.012225	78.869	-55.4059
203.476089	79.273	-60.6993
204.950560	79.531	-65.9235
206.435716	79.658	-70.8489
207.931635	79.687	-75.2664
209.438393	79.668	-79.0426
210.956070	79.661	-82.1801
212.484745	79.722	-84.8459
214.024497	79.881	-87.3372
215.575406	80.136	-89.9839
217.137555	80.456	-93.0471
218.711023	80.798	-96.6663
220.295893	81.117	-100.8639
221.892248	81.377	-105.5754
223.500171	81.553	-110.6766
225.119745	81.627	-116.0071
226.751056	81.593	-121.3912
228.394187	81.458	-126.6642
230.049226	81.240	-131.7010
231.716257	80.962	-136.4397
233.395369	80.654	-140.8926
235.086648	80.337	-145.1342
236.790182	80.026	-149.2640
238.506062	79.721	-153.3673
240.234375	79.412	-157.4874
241.975212	79.087	-161.6161
243.728664	78.730	-165.6904
245.494823	78.329	-169.5938
247.273780	77.880	-173.1646
249.065627	77.391	-176.2264
250.870459	76.888	-178.6537
252.688370	76.415	179.5360
254.519454	76.025	178.1111
256.363807	75.758	176.6550
258.221525	75.620	174.7150
260.092705	75.579	171.9796
261.977444	75.584	168.3588
263.875840	75.584	163.9478
265.787993	75.542	158.9427
267.714003	75.447	153.5585
269.653969	75.306	147.9589
271.607992	75.150	142.1978
273.576176	75.018	136.1758
275.558622	74.947	129.6361
277.555433	74.956	122.2081
279.566714	75.037	113.4731
281.592570	75.161	102.9874
283.633106	75.291	90.2081
285.688428	75.391	74.2999
287.758644	75.434	53.8826
289.843862	75.403	27.2850
291.944190	75.286	-4.8275
294.059738	75.077	-36.3835
296.190616	74.774	-61.9257
298.336935	74.379	-81.3583
300.498808	73.900	-96.3407
302.676346	73.353	-108.0614
304.869664	72.767	-117.1014
307.078875	72.180	-123.6760
309.304095	71.638	-127.8613
311.545440	71.180	-129.8220
313.803027	70.827	-130.0182
316.076973	70.572	-129.2314
318.367397	70.383	-128.2709
320.674418	70.220	-127.5653
322.998157	70.048	-126.9965
325.338735	69.849	-125.9944
327.696273	69.628	-123.7197
330.070896	69.413	-119.3035
332.462726	69.255	-112.3394
334.871888	69.214	-103.6366
337.298507	69.340	-95.2637
339.742711	69.650	-89.1168
342.204627	70.125	-85.7931
344.684383	70.712	-84.9396
347.182108	71.354	-85.9476
349.697933	72.000	-88.2712
352.231988	72.615	-91.4861
354.784406	73.180	-95.2642
357.355320	73.687	-99.3453
359.944864	74.141	-103.5184
362.553173	74.556	-107.6163
365.180383	74.949	-111.5225
367.826630	75.339	-115.1836
370.492054	75.741	-118.6213
373.176792	76.161	-121.9286
375.880985	76.592	-125.2491
378.604773	77.023	-128.7389
381.348300	77.433	-132.5245
384.111707	77.805	-136.6765
386.895138	78.123	-141.2046
389.698740	78.377	-146.0674
392.522658	78.560	-151.1924
395.367039	78.672	-156.4935
398.232031	78.716	-161.8846
401.117785	78.695	-167.2871
404.024450	78.617	-172.6364
406.952177	78.487	-177.8817
409.901120	78.314	177.0120
412.871433	78.102	172.0693
415.863270	77.859	167.3083
418.876786	77.586	162.7460
421.912140	77.287	158.4043
424.969489	76.963	154.3159
428.048993	76.614	150.5326
431.150813	76.240	147.1302
434.275109	75.843	144.2146
437.422046	75.428	141.9249
440.591786	75.002	140.4370
443.784496	74.580	139.9540
447.000341	74.182	140.6766
450.239490	73.836	142.7397
453.502111	73.574	146.1060
456.788374	73.426	150.4576
460.098451	73.415	155.1917
463.432514	73.546	159.5975
466.790737	73.808	163.1136
470.173295	74.176	165.4683
473.580365	74.618	166.6415
477.012124	75.102	166.7551
480.468750	75.602	165.9792
483.950425	76.096	164.4822
487.457329	76.569	162.4127
490.989646	77.012	159.8961
494.547559	77.419	157.0359
498.131254	77.789	153.9177
501.740919	78.121	150.6104
505.376740	78.418	147.1675
509.038909	78.684	143.6290
512.727614	78.923	140.0228
516.443050	79.137	136.3669
520.185409	79.329	132.6726
523.954887	79.502	128.9474
527.751680	79.657	125.1963
531.575987	79.794	121.4240
535.428005	79.915	117.6343
539.307937	80.019	113.8306
543.215985	80.105	110.0161
547.152352	80.173	106.1949
551.117243	80.219	102.3722
555.110866	80.243	98.5553
559.133428	80.242	94.7554
563.185140	80.215	90.9878
567.266211	80.159	87.2717
571.376856	80.074	83.6317
575.517288	79.959	80.0966
579.687724	79.816	76.6981
583.888380	79.646	73.4714
588.119476	79.453	70.4510
592.381232	79.243	67.6703
596.673871	79.021	65.1575
600.997615	78.797	62.9318
605.352692	78.577	60.9998
609.739327	78.370	59.3511
614.157750	78.180	57.9567
618.608190	78.014	56.7698
623.090880	77.871	55.7281
627.606053	77.752	54.7635
632.153945	77.654	53.8092
636.734793	77.573	52.8087
641.348836	77.503	51.7216
645.996314	77.439	50.5249
650.677470	77.375	49.2139
655.392547	77.305	47.7965
660.141792	77.225	46.2920
664.925451	77.133	44.7268
669.743775	77.027	43.1290
674.597014	76.908	41.5240
679.485423	76.779	39.9318
684.409254	76.643	38.3633
689.368766	76.505	36.8190
694.364216	76.367	35.2898
699.395865	76.233	33.7594
704.463976	76.104	32.2084
709.568812	75.981	30.6178
714.710640	75.863	28.9725
719.889728	75.747	27.2635
725.106346	75.630	25.4904
730.360766	75.508	23.6591
735.653261	75.381	21.7811
740.984108	75.245	19.8704
746.353584	75.100	17.9413
751.761970	74.946	16.0056
757.209547	74.783	14.0709
762.696599	74.612	12.1394
768.223413	74.435	10.2083
773.790277	74.252	8.2714
779.397480	74.065	6.3188
785.045315	73.876	4.3394
790.734077	73.684	2.3212
796.464062	73.490	0.2545
802.235569	73.296	-1.8658
808.048899	73.102	-4.0393
813.904354	72.908	-6.2573
819.802241	72.715	-8.5018
825.742866	72.524	-10.7444
831.726539	72.337	-12.9431
837.753572	72.154	-15.0416
843.824280	71.977	-16.9633
849.938979	71.806	-18.6058
856.097987	71.643	-19.8302
862.301626	71.487	-20.4442
868.550219	71.339	-20.1757
874.844092	71.199	-18.6309
881.183573	71.067	-15.2390
887.568992	70.944	-9.2146
894.000683	70.831	0.3083
900.478980	70.732	13.5819
907.004222	70.652	29.0199
913.576749	70.595	43.4686
920.196903	70.568	54.7655
926.865029	70.577	62.7374
933.581475	70.626	68.0991
940.346591	70.719	71.5768
947.160730	70.855	73.6902
954.024247	71.030	74.7802
960.937500	71.238	75.0720
967.900849	71.470	74.7231
974.914658	71.715	73.8514
981.979291	71.966	72.5527
989.095118	72.213	70.9092
996.262509	72.449	68.9919
1003.481838	72.670	66.8624
1010.753481	72.873	64.5781
1018.077817	73.055	62.1885
1025.455229	73.217	59.7299
1032.886100	73.360	57.2292
1040.370819	73.482	54.7070
1047.909774	73.586	52.1793
1055.503361	73.670	49.6608
1063.151973	73.733	47.1655
1070.856010	73.776	44.7091
1078.615875	73.797	42.3087
1086.431970	73.797	39.9838
1094.304704	73.776	37.7556
1102.234487	73.736	35.6444
1110.221732	73.679	33.6686
1118.266856	73.608	31.8450
1126.370279	73.526	30.1853
1134.532422	73.437	28.6958
1142.753712	73.345	27.3763
1151.034577	73.254	26.2222
1159.375448	73.167	25.2247
1167.776760	73.086	24.3726
1176.238952	73.014	23.6522
1184.762464	72.951	23.0531
1193.347741	72.899	22.5673
1201.995231	72.858	22.1892
1210.705384	72.827	21.9166
1219.478654	72.807	21.7505
1228.315499	72.796	21.6938
1237.216380	72.793	21.7516
1246.181760	72.798	21.9320
1255.212106	72.809	22.2458
1264.307891	72.826	22.7057
1273.469587	72.848	23.3232
1282.697672	72.877	24.1063
1291.992628	72.913	25.0537
1301.354940	72.956	26.1515
1310.785094	73.008	27.3688
1320.283583	73.069	28.6587
1329.850902	73.139	29.9626
1339.487550	73.218	31.2152
1349.194029	73.305	32.3525
1358.970845	73.399	33.3212
1368.818508	73.499	34.0826
1378.737531	73.604	34.6163
1388.728432	73.711	34.9167
1398.791730	73.821	34.9891
1408.927952	73.933	34.8474
1419.137625	74.046	34.5087
1429.421281	74.160	33.9912
1439.779457	74.276	33.3115
1450.212692	74.392	32.4828
1460.721531	74.508	31.5164
1471.306521	74.624	30.4211
1481.968215	74.737	29.2048
1492.707168	74.848	27.8740
1503.523939	74.954	26.4353
1514.419093	75.054	24.8953
1525.393198	75.148	23.2621
1536.446826	75.234	21.5447
1547.580553	75.312	19.7522
1558.794960	75.380	17.8943
1570.090631	75.439	15.9813
1581.468155	75.487	14.0237
1592.928125	75.525	12.0319
1604.471139	75.552	10.0165
1616.097798	75.567	7.9877
1627.808709	75.571	5.9564
1639.604482	75.563	3.9332
1651.485732	75.543	1.9290
1663.453078	75.510	-0.0457
1675.507145	75.466	-1.9791
1687.648560	75.409	-3.8601
1699.877958	75.341	-5.6770
1712.195974	75.261	-7.4187
1724.603252	75.172	-9.0735
1737.100438	75.074	-10.6299
1749.688184	74.968	-12.0775
1762.367146	74.858	-13.4067
1775.137984	74.743	-14.6097
1788.001366	74.628	-15.6807
1800.957961	74.515	-16.6163
1814.008445	74.405	-17.4176
1827.153498	74.303	-18.0902
1840.393805	74.210	-18.6450
1853.730057	74.128	-19.0984
1867.162949	74.060	-19.4719
1880.693182	74.006	-19.7920
1894.321460	73.967	-20.0876
1908.048494	73.943	-20.3894
1921.875000	73.932	-20.7274
1935.801698	73.933	-21.1292
1949.829316	73.943	-21.6173
1963.958583	73.961	-22.2092
1978.190236	73.983	-22.9170
1992.525018	74.007	-23.7462
2006.963676	74.031	-24.6978
2021.506962	74.052	-25.7668
2036.155634	74.069	-26.9454
2050.910458	74.079	-28.2235
2065.772200	74.082	-29.5887
2080.741637	74.076	-31.0271
2095.819549	74.062	-32.5236
2111.006721	74.039	-34.0636
2126.303946	74.006	-35.6311
2141.712021	73.963	-37.2106
2157.231749	73.911	-38.7859
2172.863940	73.850	-40.3403
2188.609407	73.781	-41.8571
2204.468973	73.703	-43.3195
2220.443464	73.618	-44.7096
2236.533713	73.527	-46.0096
2252.740558	73.429	-47.2008
2269.064845	73.328	-48.2644
2285.507424	73.222	-49.1819
2302.069153	73.114	-49.9352
2318.750895	73.004	-50.5072
2335.553520	72.894	-50.8838
2352.477904	72.786	-51.0553
2369.524928	72.679	-51.0166
2386.695483	72.576	-50.7705
2403.990462	72.478	-50.3275
2421.410768	72.385	-49.7086
2438.957308	72.299	-48.9440
2456.630998	72.221	-48.0726
2474.432759	72.151	-47.1387
2492.363519	72.089	-46.1884
2510.424213	72.037	-45.2666
2528.615781	71.993	-44.4135
2546.939174	71.959	-43.6605
2565.395345	71.932	-43.0302
2583.985257	71.913	-42.5350
2602.709879	71.902	-42.1793
2621.570188	71.897	-41.9603
2640.567166	71.898	-41.8693
2659.701804	71.904	-41.8944
2678.975100	71.915	-42.0212
2698.388058	71.930	-42.2346
2717.941690	71.948	-42.5200
2737.637016	71.971	-42.8640
2757.475062	71.997	-43.2551
2777.456863	72.027	-43.6842
2797.583461	72.061	-44.1433
2817.855904	72.099	-44.6284
2838.275249	72.140	-45.1375
2858.842562	72.186	-45.6699
2879.558913	72.237	-46.2273
2900.425384	72.291	-46.8119
2921.443062	72.350	-47.4276
2942.613043	72.412	-48.0786
2963.936430	72.479	-48.7682
2985.414335	72.548	-49.4984
3007.047878	72.621	-50.2715
3028.838187	72.696	-51.0878
3050.786397	72.773	-51.9467
3072.893653	72.853	-52.8459
3095.161107	72.934	-53.7823
3117.589920	73.017	-54.7526
3140.181262	73.102	-55.7523
3162.936310	73.189	-56.7777
3185.856250	73.278	-57.8245
3208.942278	73.369	-58.8884
3232.195596	73.462	-59.9677
3255.617418	73.557	-61.0599
3279.208964	73.654	-62.1630
3302.971464	73.754	-63.2765
3326.906156	73.855	-64.4008
3351.014290	73.958	-65.5361
3375.297121	74.063	-66.6831
3399.755915	74.167	-67.8430
3424.391948	74.272	-69.0168
3449.206504	74.375	-70.2041
3474.200876	74.477	-71.4058
3499.376367	74.575	-72.6213
3524.734291	74.671	-73.8496
3550.275969	74.762	-75.0889
3576.002732	74.848	-76.3369
3601.915922	74.928	-77.5911
3628.016889	75.002	-78.8477
3654.306995	75.070	-80.1030
3680.787610	75.131	-81.3535
3707.460115	75.186	-82.5952
3734.325899	75.234	-83.8245
3761.386364	75.276	-85.0386
3788.642920	75.312	-86.2354
3816.096988	75.343	-87.4131
3843.750000	75.370	-88.5713
3871.603397	75.393	-89.7119
3899.658631	75.413	-90.8362
3927.917165	75.430	-91.9465
3956.380472	75.446	-93.0452
3985.050036	75.460	-94.1353
4013.927351	75.473	-95.2202
4043.013923	75.485	-96.3015
4072.311269	75.497	-97.3799
4101.820915	75.508	-98.4556
4131.544400	75.518	-99.5273
4161.483274	75.527	-100.5923
4191.639097	75.535	-101.6479
4222.013442	75.541	-102.6890
4252.607892	75.545	-103.7100
4283.424042	75.547	-104.7056
4314.463498	75.547	-105.6704
4345.727879	75.545	-106.5991
4377.218815	75.541	-107.4873
4408.937947	75.534	-108.3318
4440.886929	75.526	-109.1299
4473.067426	75.517	-109.8809
4505.481116	75.507	-110.5852
4538.129690	75.496	-111.2461
4571.014848	75.485	-111.8674
4604.138306	75.475	-112.4541
4637.501790	75.466	-113.0120
4671.107040	75.458	-113.5479
4704.955807	75.453	-114.0696
4739.049856	75.449	-114.5833
4773.390965	75.447	-115.0947
4807.980924	75.448	-115.6108
4842.821536	75.451	-116.1357
4877.914617	75.456	-116.6738
4913.261997	75.463	-117.2278
4948.865519	75.471	-117.8000
4984.727038	75.480	-118.3916
5020.848425	75.491	-119.0027
5057.231563	75.501	-119.6340
5093.878347	75.511	-120.2852
5130.790689	75.520	-120.9551
5167.970514	75.529	-121.6421
5205.419759	75.535	-122.3438
5243.140376	75.540	-123.0576
5281.134332	75.543	-123.7817
5319.403609	75.543	-124.5117
5357.950200	75.540	-125.2446
5396.776116	75.536	-125.9771
5435.883380	75.528	-126.7053
5475.274032	75.519	-127.4253
5514.950125	75.507	-128.1338
5554.913727	75.493	-128.8281
5595.166922	75.478	-129.5054
5635.711808	75.461	-130.1626
5676.550498	75.443	-130.7979
5717.685123	75.424	-131.4087
5759.117827	75.404	-131.9937
5800.850769	75.385	-132.5508
5842.886124	75.365	-133.0786
5885.226086	75.346	-133.5757
5927.872860	75.328	-134.0410
5970.828671	75.310	-134.4739
6014.095756	75.293	-134.8745
6057.676373	75.278	-135.2432
6101.572794	75.264	-135.5803
6145.787305	75.252	-135.8867
6190.322213	75.242	-136.1646
6235.179840	75.234	-136.4155
6280.362523	75.229	-136.6421
6325.872619	75.227	-136.8477
6371.712500	75.227	-137.0356
6417.884555	75.230	-137.2102
6464.391192	75.236	-137.3750
6511.234836	75.244	-137.5347
6558.417927	75.256	-137.6924
6605.942927	75.270	-137.8530
6653.812313	75.287	-138.0200
6702.028580	75.306	-138.1968
6750.594241	75.327	-138.3862
6799.511830	75.350	-138.5898
6848.783896	75.374	-138.8091
6898.413007	75.399	-139.0444
6948.401751	75.424	-139.2961
6998.752735	75.450	-139.5630
7049.468582	75.475	-139.8433
7100.551937	75.501	-140.1338
7152.005464	75.525	-140.4326
7203.831844	75.548	-140.7363
7256.033779	75.570	-141.0410
7308.613991	75.590	-141.3423
7361.575220	75.608	-141.6367
7414.920229	75.624	-141.9189
7468.651798	75.638	-142.1863
7522.772727	75.650	-142.4346
7577.285840	75.660	-142.6616
7632.193976	75.669	-142.8643
7687.500000	75.675	-143.0415
7743.206794	75.679	-143.1931
7799.317262	75.683	-143.3198
7855.834330	75.684	-143.4224
7912.760944	75.685	-143.5020
7970.100072	75.684	-143.5623
8027.854702	75.683	-143.6064
8086.027847	75.681	-143.6387
8144.622538	75.679	-143.6624
8203.641830	75.677	-143.6836
8263.088801	75.674	-143.7065
8322.966548	75.670	-143.7356
8383.278195	75.666	-143.7754
8444.026884	75.662	-143.8289
8505.215784	75.657	-143.8982
8566.848084	75.652	-143.9849
8628.926996	75.645	-144.0898
8691.455758	75.638	-144.2129
8754.437630	75.629	-144.3530
8817.875894	75.619	-144.5088
8881.773857	75.607	-144.6777
8946.134852	75.594	-144.8569
9010.962233	75.578	-145.0437
9076.259380	75.561	-145.2346
9142.029697	75.542	-145.4263
9208.276612	75.520	-145.6152
9275.003581	75.497	-145.7981
9342.214080	75.472	-145.9719
9409.911614	75.446	-146.1343
9478.099713	75.418	-146.2832
9546.781930	75.389	-146.4182
9615.961848	75.358	-146.5386
9685.643071	75.327	-146.6445
9755.829233	75.295	-146.7378
9826.523994	75.262	-146.8198
9897.731037	75.229	-146.8918
9969.454076	75.195	-146.9565
10041.696850	75.160	-147.0161
10114.463125	75.125	-147.0718
10187.756694	75.090	-147.1260
10261.581379	75.053	-147.1804
10335.941028	75.016	-147.2358
10410.839517	74.978	-147.2922
10486.280752	74.939	-147.3499
10562.268665	74.899	-147.4077
10638.807218	74.857	-147.4656
10715.900400	74.814	-147.5217
10793.552232	74.769	-147.5742
10871.766761	74.723	-147.6221
10950.548064	74.676	-147.6628
11029.900250	74.626	-147.6958
11109.827454	74.576	-147.7192
11190.333843	74.524	-147.7319
11271.423615	74.471	-147.7329
11353.100997	74.416	-147.7227
11435.370247	74.361	-147.7009
11518.235653	74.304	-147.6685
11601.701537	74.246	-147.6260
11685.772249	74.188	-147.5742
11770.452172	74.128	-147.5146
11855.745720	74.068	-147.4478
11941.657341	74.007	-147.3733
12028.191513	73.946	-147.2927
12115.352747	73.884	-147.2065
12203.145587	73.821	-147.1138
12291.574610	73.758	-147.0146
12380.644427	73.695	-146.9094
12470.359680	73.632	-146.7974
12560.725047	73.569	-146.6777
12651.745238	73.506	-146.5513
12743.425000	73.444	-146.4165
12835.769110	73.383	-146.2744
12928.782385	73.322	-146.1245
13022.469671	73.263	-145.9670
13116.835855	73.205	-145.8037
13211.885854	73.148	-145.6353
13307.624625	73.093	-145.4639
13404.057159	73.040	-145.2913
13501.188483	72.988	-145.1191
13599.023660	72.938	-144.9482
13697.567791	72.889	-144.7805
13796.826014	72.842	-144.6174
13896.803503	72.796	-144.4604
13997.505470	72.752	-144.3103
14098.937164	72.710	-144.1689
14201.103875	72.668	-144.0376
14304.010928	72.627	-143.9177
14407.663687	72.588	-143.8105
14512.067557	72.549	-143.7173
14617.227981	72.510	-143.6394
14723.150441	72.473	-143.5786
14829.840458	72.436	-143.5361
14937.303595	72.399	-143.5134
15045.545455	72.363	-143.5132
15154.571679	72.326	-143.5366
15264.387953	72.291	-143.5859
15375.000000	72.255	-143.6626
15486.413588	72.221	-143.7693
15598.634525	72.186	-143.9077
15711.668661	72.152	-144.0796
15825.521888	72.119	-144.2871
15940.200144	72.086	-144.5322
16055.709405	72.055	-144.8176
16172.055694	72.025	-145.1450
16289.245076	71.995	-145.5166
16407.283660	71.968	-145.9353
16526.177601	71.942	-146.4028
16645.933097	71.918	-146.9219
16766.556390	71.895	-147.4944
16888.053769	71.875	-148.1230
17010.431568	71.857	-148.8091
17133.696167	71.841	-149.5552
17257.853993	71.827	-150.3638
17382.911517	71.815	-151.2349
17508.875259	71.806	-152.1670
17635.751787	71.799	-153.1782
17763.547714	71.794	-154.2661
17892.269704	71.790	-155.3813
18021.924466	71.789	-156.5322
18152.518759	71.789	-157.7354
18284.059393	71.790	-158.9912
18416.553225	71.792	-160.3003
18550.007161	71.795	-161.6631
18684.428160	71.799	-163.0791
18819.823228	71.804	-164.5469
18956.199425	71.808	-166.0654
19093.563861	71.813	-167.6335
19231.923695	71.818	-169.2490
19371.286142	71.822	-170.9097
19511.658467	71.826	-172.6147
19653.047987	71.830	-174.3628
19795.462074	71.833	-176.1553
19938.908153	71.836	-178.0010
20083.393701	71.838	-179.7739
20228.926250	71.840	178.5708
20375.513389	71.841	176.8953
20523.162758	71.842	175.2012
20671.882055	71.843	173.4900
20821.679034	71.843	171.7632
20972.561504	71.844	170.0220
21124.537330	71.844	168.2666
21277.614435	71.844	166.4980
21431.800801	71.844	164.7163
21587.104464	71.844	162.9214
21743.533521	71.844	161.1135
21901.096129	71.844	159.2925
22059.800499	71.844	157.4583
