* Measurement data measured by REW V5.40 beta 122
* Source: U18dB [plughw:2,0], Mic (Mic), R, volume: 1.000. Timing signal peak level -23.5 dBFS, measurement signal peak level -10.4 dBFS
* Format: 512k Log Swept Sine, 1 sweep at -14.0 dBFS using an acoustic timing reference
* Dated: Apr 28, 2026, 3:09:46 PM
* REW Settings:
*  C-weighting compensation: Off
*  Target level: 75.0 dB
* Note: new measurements: trad: traditional foams on the right. Rscreen screen panels on the Right prolong the half wall; Delay -0.0054 ms (-1.9 mm, -0.07 in) using estimated IR delay relative to Acoustic reference played from DAC8STEREO L with no timing offset Clock adjustment: -17.1 ppm
* Measurement: R 120.blue
* Smoothing: Variable
* Frequency Step: 96 ppo
* Start Frequency: 15.014648 Hz
*
* Freq(Hz)	SPL(dB)	Phase(degrees)
15.014648	72.993	-133.9252
15.123451	73.175	-135.2281
15.233042	73.416	-137.2414
15.343426	73.644	-139.6797
15.454611	73.812	-142.4045
15.566602	73.917	-145.3420
15.679404	73.984	-148.3097
15.793023	74.042	-151.1030
15.907466	74.112	-153.6573
16.022738	74.222	-156.0264
16.138845	74.407	-158.2539
16.255794	74.670	-160.3544
16.373590	74.967	-162.3826
16.492240	75.238	-164.4285
16.611750	75.455	-166.5362
16.732125	75.612	-168.6642
16.853373	75.710	-170.7370
16.975500	75.758	-172.7266
17.098511	75.789	-174.6543
17.222414	75.855	-176.5368
17.347215	75.981	-178.3756
17.472920	76.151	179.8079
17.599536	76.332	177.9789
17.727069	76.505	176.1426
17.855527	76.656	174.3730
17.984915	76.776	172.7547
18.115241	76.873	171.3083
18.246512	76.983	170.0019
18.378734	77.142	168.7869
18.511914	77.359	167.5609
18.646058	77.614	166.1568
18.781175	77.886	164.4391
18.917272	78.150	162.3609
19.054354	78.384	159.9172
19.192430	78.572	157.1484
19.331506	78.707	154.1738
19.471590	78.792	151.1348
19.612689	78.821	148.1646
19.754811	78.787	145.4158
19.897962	78.692	143.0117
20.042151	78.560	140.9945
20.187385	78.427	139.3403
20.333671	78.334	137.9447
20.481017	78.317	136.6027
20.629431	78.390	135.1037
20.778920	78.523	133.3385
20.929493	78.664	131.2902
21.081157	78.780	129.0432
21.233919	78.863	126.7814
21.387789	78.930	124.6854
21.542774	79.012	122.8659
21.698882	79.142	121.3509
21.856121	79.320	120.0848
22.014499	79.517	118.9411
22.174025	79.704	117.7756
22.334708	79.865	116.4667
22.496554	79.997	114.9128
22.659573	80.109	113.0500
22.823774	80.211	110.8491
22.989164	80.297	108.3265
23.155753	80.350	105.5389
23.323549	80.364	102.5822
23.492562	80.345	99.5759
23.662798	80.312	96.6325
23.834269	80.281	93.8396
24.006982	80.258	91.2460
24.180946	80.235	88.8617
24.356171	80.206	86.6392
24.532666	80.184	84.4819
24.710440	80.199	82.2383
24.889502	80.271	79.7526
25.069862	80.386	76.9291
25.251528	80.485	73.8145
25.434511	80.495	70.6082
25.618820	80.362	67.6517
25.804465	80.082	65.3442
25.991454	79.709	64.0421
26.179799	79.348	63.8992
26.369509	79.114	64.7212
26.560593	79.078	65.9270
26.753062	79.235	66.7879
26.946926	79.523	66.7483
27.142194	79.881	65.5950
27.338878	80.264	63.3731
27.536987	80.644	60.2426
27.736531	80.993	56.3746
27.937521	81.274	51.9268
28.139968	81.442	47.0515
28.343882	81.459	41.9085
28.549273	81.307	36.6707
28.756153	80.997	31.5141
28.964532	80.568	26.6143
29.174421	80.074	22.1212
29.385831	79.565	18.1615
29.598773	79.064	14.8264
29.813258	78.577	12.1669
30.029297	78.108	10.1849
30.246902	77.661	8.8115
30.466083	77.236	7.9187
30.686853	76.810	7.3643
30.909222	76.353	7.0709
31.133203	75.847	7.0720
31.358807	75.316	7.4795
31.586046	74.826	8.3818
31.814932	74.454	9.7133
32.045476	74.252	11.2275
32.277691	74.215	12.6191
32.511588	74.295	13.6781
32.747180	74.431	14.3442
32.984480	74.581	14.6353
33.223499	74.723	14.5441
33.464250	74.848	13.9927
33.706746	74.959	12.8459
33.950999	75.065	10.9670
34.197022	75.173	8.2836
34.444828	75.284	4.8389
34.694429	75.385	0.8123
34.945839	75.447	-3.5145
35.199071	75.422	-7.8228
35.454138	75.269	-11.8307
35.711054	74.978	-15.3716
35.969831	74.570	-18.4359
36.230483	74.081	-21.1517
36.493024	73.532	-23.6887
36.757467	72.926	-26.1086
37.023827	72.266	-28.2705
37.292117	71.567	-29.8834
37.562351	70.871	-30.7025
37.834543	70.240	-30.7244
38.108708	69.707	-30.1608
38.384859	69.233	-29.1775
38.663012	68.768	-27.6986
38.943180	68.344	-25.5085
39.225378	68.038	-22.4325
39.509622	67.852	-18.3676
39.795925	67.777	-13.4025
40.084302	67.914	-8.2942
40.374770	68.341	-4.6077
40.667342	68.921	-3.7155
40.962034	69.440	-5.7535
41.258862	69.770	-9.6915
41.557841	69.886	-13.9608
41.858986	69.870	-17.0729
42.162313	69.942	-18.3318
42.467839	70.318	-18.4243
42.775578	70.952	-18.8904
43.085548	71.606	-20.6951
43.397763	72.132	-23.7960
43.712242	72.570	-27.8376
44.028998	73.032	-32.7430
44.348051	73.538	-38.7003
44.669415	73.983	-45.8042
44.993108	74.271	-53.8620
45.319147	74.390	-62.5189
45.647548	74.359	-71.4415
45.978329	74.183	-80.3663
46.311507	73.895	-89.0242
46.647099	73.583	-97.0667
46.985123	73.314	-104.0966
47.325597	73.080	-109.8218
47.668537	72.896	-114.2856
48.013963	72.873	-118.0355
48.361892	73.140	-121.9938
48.712342	73.752	-126.9501
49.065332	74.664	-133.1188
49.420880	75.708	-140.2728
49.779004	76.670	-148.2161
50.139723	77.431	-157.0302
50.503056	77.997	-166.9670
50.869022	78.416	-178.1542
51.237640	78.683	169.6801
51.608929	78.739	157.1893
51.982909	78.533	145.0904
52.359598	78.058	133.8986
52.739018	77.351	123.9150
53.121186	76.471	115.3229
53.506124	75.478	108.2296
53.893852	74.411	102.6592
54.284389	73.297	98.6011
54.677756	72.177	96.1077
55.073973	71.112	95.2916
55.473062	70.170	96.0921
55.875043	69.411	98.0078
56.279936	68.840	100.2701
56.687764	68.397	102.4948
57.098547	67.996	105.1396
57.512306	67.615	109.2825
57.929064	67.371	115.8693
58.348842	67.488	124.8716
58.771662	68.160	135.0675
59.197546	69.405	144.6724
59.626515	71.047	152.0149
60.058594	72.813	156.1437
60.493803	74.494	157.1275
60.932166	76.021	155.5984
61.373706	77.396	152.1673
61.818445	78.619	147.2379
62.266407	79.679	141.1255
62.717615	80.592	134.1981
63.172093	81.383	126.8872
63.629864	82.053	119.5778
64.090952	82.589	112.4708
64.555381	82.998	105.5343
65.023176	83.311	98.5701
65.494361	83.546	91.3766
65.968960	83.684	83.9229
66.446998	83.687	76.3950
66.928501	83.547	69.0615
67.413492	83.286	62.0618
67.901998	82.933	55.3196
68.394044	82.479	48.7039
68.889655	81.876	42.2853
69.388858	81.060	36.4052
69.891679	79.990	31.5293
70.398142	78.659	28.1747
70.908276	77.088	27.1766
71.422107	75.358	30.3768
71.939661	73.797	41.4000
72.460965	73.264	62.7826
72.986047	74.405	84.7894
73.514934	76.514	96.4483
74.047654	78.715	99.5527
74.584234	80.682	97.9365
75.124702	82.386	93.8417
75.669086	83.894	88.3478
76.217416	85.284	81.7240
76.769719	86.589	73.7129
77.326024	87.763	63.9774
77.886360	88.697	52.4937
78.450757	89.270	39.6555
79.019243	89.394	26.1610
79.591849	89.037	12.8705
80.168605	88.229	0.6802
80.749539	87.053	-9.6019
81.334684	85.635	-17.3789
81.924068	84.120	-22.3712
82.517724	82.656	-24.6909
83.115681	81.372	-24.8752
83.717972	80.350	-23.7845
84.324627	79.611	-22.3124
84.935678	79.111	-21.1490
85.551157	78.769	-20.8183
86.171096	78.494	-21.7391
86.795527	78.184	-24.0461
87.424483	77.719	-27.3742
88.057997	76.983	-30.8577
88.696102	75.901	-33.2333
89.338830	74.507	-32.8995
89.986216	73.013	-28.2411
90.638293	71.833	-19.0693
91.295096	71.328	-8.4525
91.956658	71.403	-0.2722
92.623013	71.665	4.8508
93.294198	71.873	8.5751
93.970246	72.050	12.4156
94.651193	72.327	16.5718
95.337075	72.745	20.1248
96.027927	73.205	22.3464
96.723785	73.573	23.5074
97.424685	73.790	24.5208
98.130664	73.902	26.2850
98.841760	74.042	29.2582
99.558008	74.377	33.2693
100.279446	75.020	37.3900
101.006112	75.916	40.0700
101.738044	76.844	40.2183
102.475280	77.562	38.1818
103.217858	77.940	35.4739
103.965817	78.022	34.1021
104.719197	78.082	35.9052
105.478035	78.553	41.0290
106.242372	79.632	46.4373
107.012248	81.057	48.7443
107.787703	82.491	47.5161
108.568777	83.791	43.8953
109.355511	84.937	38.8149
110.147947	85.926	32.7428
110.946124	86.751	25.9757
111.750085	87.425	18.7695
112.559873	87.986	11.2652
113.375528	88.465	3.4233
114.197094	88.844	-4.8932
115.024613	89.066	-13.7203
115.858129	89.065	-22.8423
116.697684	88.806	-31.8085
117.543324	88.300	-40.0852
118.395091	87.609	-47.2751
119.253031	86.812	-53.2898
120.117188	85.965	-58.2835
120.987606	85.067	-62.2954
121.864332	84.098	-64.9254
122.747411	83.098	-65.4408
123.636890	82.227	-63.4430
124.532814	81.714	-59.7720
125.435230	81.659	-56.4539
126.344185	81.923	-55.1623
127.259727	82.267	-56.2079
128.181904	82.515	-58.9615
129.110763	82.596	-62.5538
130.046352	82.524	-66.2891
130.988722	82.354	-69.8549
131.937920	82.138	-73.3472
132.893997	81.879	-77.0334
133.857001	81.521	-80.9725
134.826984	80.991	-84.7745
135.803996	80.247	-87.6107
136.788088	79.326	-88.3902
137.779311	78.381	-86.1503
138.777717	77.669	-80.9058
139.783357	77.412	-74.4325
140.796285	77.600	-69.1716
141.816553	78.044	-66.1636
142.844214	78.582	-65.0185
143.879322	79.153	-65.1010
144.921931	79.735	-66.1646
145.972095	80.293	-68.2455
147.029869	80.774	-71.3045
148.095308	81.138	-75.0714
149.168468	81.378	-79.1525
150.249404	81.521	-83.2133
151.338173	81.608	-87.0923
152.434832	81.684	-90.8198
153.539437	81.779	-94.5646
154.652047	81.898	-98.5498
155.772720	82.026	-102.9670
156.901513	82.129	-107.9199
158.038486	82.170	-113.4028
159.183698	82.119	-119.3139
160.337209	81.955	-125.4836
161.499079	81.668	-131.7014
162.669367	81.257	-137.7388
163.848137	80.728	-143.3696
165.035448	80.100	-148.3904
166.231363	79.412	-152.6624
167.435944	78.724	-156.1868
168.649254	78.108	-159.1799
169.871356	77.621	-162.0635
171.102314	77.274	-165.3073
172.342191	77.028	-169.2305
173.591054	76.832	-173.9302
174.848966	76.649	-179.3723
176.115994	76.480	174.4722
177.392203	76.340	167.5496
178.677660	76.233	159.7441
179.972432	76.143	150.9639
181.276587	76.040	141.2073
182.590191	75.911	130.5674
183.913315	75.778	119.1781
185.246027	75.681	107.1562
186.588396	75.654	94.5906
187.940492	75.691	81.5869
189.302387	75.752	68.3333
190.674150	75.792	55.1160
192.055853	75.793	42.2622
193.447569	75.774	30.0385
194.849370	75.768	18.5627
196.261329	75.795	7.7971
197.683519	75.832	-2.3660
199.116016	75.820	-11.9724
200.558892	75.694	-20.9092
202.012225	75.409	-28.8865
203.476089	74.966	-35.5031
204.950560	74.417	-40.3933
206.435716	73.867	-43.4604
207.931635	73.451	-45.1017
209.438393	73.263	-46.1692
210.956070	73.301	-47.5525
212.484745	73.475	-49.7438
214.024497	73.674	-52.7599
215.575406	73.817	-56.3284
217.137555	73.865	-60.0857
218.711023	73.818	-63.7020
220.295893	73.700	-66.9475
221.892248	73.545	-69.7236
223.500171	73.391	-72.0576
225.119745	73.263	-74.0577
226.751056	73.173	-75.8480
228.394187	73.121	-77.5149
230.049226	73.108	-79.0863
231.716257	73.139	-80.5443
233.395369	73.230	-81.8634
235.086648	73.402	-83.0620
236.790182	73.672	-84.2511
238.506062	74.037	-85.6554
240.234375	74.470	-87.5731
241.975212	74.922	-90.2776
243.728664	75.337	-93.9209
245.494823	75.665	-98.4949
247.273780	75.875	-103.8608
249.065627	75.946	-109.8033
250.870459	75.873	-116.0731
252.688370	75.656	-122.3999
254.519454	75.304	-128.4709
256.363807	74.828	-133.8722
258.221525	74.251	-137.9691
260.092705	73.609	-139.6815
261.977444	72.962	-137.1068
263.875840	72.391	-127.5013
265.787993	71.983	-110.6298
267.714003	71.799	-94.3456
269.653969	71.844	-85.3798
271.607992	72.059	-82.6647
273.576176	72.360	-83.5490
275.558622	72.669	-86.3162
277.555433	72.933	-89.9939
279.566714	73.121	-93.9921
281.592570	73.226	-97.9003
283.633106	73.259	-101.3923
285.688428	73.243	-104.1942
287.758644	73.220	-106.1039
289.843862	73.237	-107.0507
291.944190	73.334	-107.1738
294.059738	73.535	-106.8440
296.190616	73.836	-106.5569
298.336935	74.211	-106.7457
300.498808	74.628	-107.6464
302.676346	75.058	-109.2954
304.869664	75.485	-111.6168
307.078875	75.897	-114.5107
309.304095	76.285	-117.9026
311.545440	76.640	-121.7483
313.803027	76.946	-126.0159
316.076973	77.191	-130.6614
318.367397	77.359	-135.6160
320.674418	77.444	-140.7838
322.998157	77.442	-146.0486
325.338735	77.353	-151.2795
327.696273	77.183	-156.3339
330.070896	76.940	-161.0548
332.462726	76.633	-165.2676
334.871888	76.272	-168.7784
337.298507	75.870	-171.3849
339.742711	75.439	-172.9081
342.204627	74.995	-173.2548
344.684383	74.555	-172.4940
347.182108	74.135	-170.8993
349.697933	73.753	-168.8910
352.231988	73.425	-166.8856
354.784406	73.171	-165.1517
357.355320	73.011	-163.7762
359.944864	72.966	-162.7220
362.553173	73.048	-161.9167
365.180383	73.262	-161.3210
367.826630	73.596	-160.9591
370.492054	74.024	-160.9136
373.176792	74.508	-161.2960
375.880985	75.012	-162.2079
378.604773	75.500	-163.7084
381.348300	75.947	-165.7997
384.111707	76.331	-168.4301
386.895138	76.643	-171.5082
389.698740	76.878	-174.9231
392.522658	77.038	-178.5641
395.367039	77.131	177.6644
398.232031	77.169	173.8333
401.117785	77.162	169.9890
404.024450	77.122	166.1544
406.952177	77.058	162.3394
409.901120	76.978	158.5463
412.871433	76.885	154.7798
415.863270	76.781	151.0482
418.876786	76.666	147.3643
421.912140	76.542	143.7410
424.969489	76.409	140.1898
428.048993	76.269	136.7178
431.150813	76.124	133.3269
434.275109	75.978	130.0135
437.422046	75.832	126.7712
440.591786	75.690	123.5991
443.784496	75.552	120.5073
447.000341	75.419	117.5215
450.239490	75.293	114.6882
453.502111	75.175	112.0797
456.788374	75.065	109.7969
460.098451	74.966	107.9767
463.432514	74.879	106.7999
466.790737	74.805	106.5007
470.173295	74.746	107.3616
473.580365	74.707	109.6707
477.012124	74.693	113.6036
480.468750	74.711	119.0110
483.950425	74.768	125.2426
487.457329	74.869	131.2733
490.989646	75.018	136.1694
494.547559	75.213	139.4644
498.131254	75.453	141.1498
501.740919	75.732	141.4595
505.376740	76.044	140.6860
509.038909	76.384	139.0907
512.727614	76.744	136.8752
516.443050	77.117	134.1825
520.185409	77.492	131.1072
523.954887	77.858	127.7100
527.751680	78.205	124.0319
531.575987	78.519	120.1083
535.428005	78.791	115.9789
539.307937	79.011	111.6941
543.215985	79.174	107.3199
547.152352	79.277	102.9399
551.117243	79.318	98.6559
555.110866	79.302	94.5880
559.133428	79.233	90.8772
563.185140	79.121	87.6848
567.266211	78.978	85.1908
571.376856	78.819	83.5833
575.517288	78.659	83.0283
579.687724	78.513	83.6128
583.888380	78.397	85.2601
588.119476	78.319	87.6622
592.381232	78.281	90.3029
596.673871	78.281	92.6108
600.997615	78.308	94.1522
605.352692	78.350	94.7300
609.739327	78.392	94.3569
614.157750	78.420	93.1732
618.608190	78.425	91.3701
623.090880	78.398	89.1459
627.606053	78.336	86.6843
632.153945	78.239	84.1498
636.734793	78.110	81.6854
641.348836	77.957	79.4133
645.996314	77.790	77.4338
650.677470	77.623	75.8207
655.392547	77.472	74.6117
660.141792	77.353	73.8004
664.925451	77.283	73.3282
669.743775	77.275	73.0850
674.597014	77.332	72.9185
679.485423	77.455	72.6630
684.409254	77.634	72.1664
689.368766	77.855	71.3138
694.364216	78.100	70.0392
699.395865	78.352	68.3245
704.463976	78.595	66.1903
709.568812	78.817	63.6843
714.710640	79.006	60.8690
719.889728	79.158	57.8142
725.106346	79.267	54.5912
730.360766	79.334	51.2667
735.653261	79.361	47.9004
740.984108	79.350	44.5419
746.353584	79.308	41.2285
751.761970	79.241	37.9840
757.209547	79.158	34.8182
762.696599	79.064	31.7261
768.223413	78.967	28.6914
773.790277	78.869	25.6902
779.397480	78.775	22.6941
785.045315	78.684	19.6744
790.734077	78.594	16.6069
796.464062	78.503	13.4731
802.235569	78.407	10.2621
808.048899	78.302	6.9694
813.904354	78.187	3.5955
819.802241	78.057	0.1438
825.742866	77.913	-3.3806
831.726539	77.752	-6.9738
837.753572	77.576	-10.6320
843.824280	77.384	-14.3519
849.938979	77.176	-18.1296
856.097987	76.952	-21.9584
862.301626	76.711	-25.8275
868.550219	76.452	-29.7189
874.844092	76.175	-33.6066
881.183573	75.879	-37.4541
887.568992	75.563	-41.2133
894.000683	75.230	-44.8173
900.478980	74.881	-48.1749
907.004222	74.521	-51.1559
913.576749	74.156	-53.5594
920.196903	73.794	-55.0487
926.865029	73.444	-54.9980
933.581475	73.117	-52.1034
940.346591	72.824	-43.3521
947.160730	72.573	-22.4199
954.024247	72.373	11.2428
960.937500	72.229	36.3313
967.900849	72.141	47.9454
974.914658	72.106	52.8517
981.979291	72.118	54.7422
989.095118	72.169	55.1907
996.262509	72.250	54.9200
1003.481838	72.350	54.2931
1010.753481	72.461	53.5035
1018.077817	72.574	52.6559
1025.455229	72.683	51.8035
1032.886100	72.783	50.9740
1040.370819	72.868	50.1846
1047.909774	72.937	49.4551
1055.503361	72.989	48.8129
1063.151973	73.022	48.2950
1070.856010	73.038	47.9437
1078.615875	73.039	47.8013
1086.431970	73.027	47.9004
1094.304704	73.007	48.2561
1102.234487	72.982	48.8550
1110.221732	72.957	49.6541
1118.266856	72.937	50.5840
1126.370279	72.925	51.5565
1134.532422	72.926	52.4771
1142.753712	72.941	53.2584
1151.034577	72.973	53.8313
1159.375448	73.022	54.1487
1167.776760	73.088	54.1859
1176.238952	73.170	53.9364
1184.762464	73.266	53.4098
1193.347741	73.374	52.6267
1201.995231	73.493	51.6139
1210.705384	73.619	50.4006
1219.478654	73.751	49.0182
1228.315499	73.887	47.4958
1237.216380	74.024	45.8596
1246.181760	74.162	44.1331
1255.212106	74.299	42.3361
1264.307891	74.435	40.4847
1273.469587	74.568	38.5911
1282.697672	74.698	36.6638
1291.992628	74.823	34.7083
1301.354940	74.944	32.7274
1310.785094	75.059	30.7223
1320.283583	75.167	28.6935
1329.850902	75.268	26.6425
1339.487550	75.360	24.5707
1349.194029	75.444	22.4806
1358.970845	75.517	20.3768
1368.818508	75.581	18.2645
1378.737531	75.634	16.1520
1388.728432	75.676	14.0476
1398.791730	75.708	11.9596
1408.927952	75.729	9.8981
1419.137625	75.739	7.8732
1429.421281	75.737	5.8969
1439.779457	75.724	3.9823
1450.212692	75.699	2.1434
1460.721531	75.660	0.3970
1471.306521	75.609	-1.2383
1481.968215	75.545	-2.7417
1492.707168	75.468	-4.0911
1503.523939	75.380	-5.2644
1514.419093	75.281	-6.2406
1525.393198	75.173	-7.0012
1536.446826	75.057	-7.5334
1547.580553	74.937	-7.8309
1558.794960	74.815	-7.8979
1570.090631	74.693	-7.7496
1581.468155	74.574	-7.4126
1592.928125	74.462	-6.9257
1604.471139	74.358	-6.3364
1616.097798	74.265	-5.6992
1627.808709	74.184	-5.0693
1639.604482	74.117	-4.4983
1651.485732	74.063	-4.0303
1663.453078	74.024	-3.6991
1675.507145	73.997	-3.5266
1687.648560	73.982	-3.5234
1699.877958	73.977	-3.6904
1712.195974	73.982	-4.0219
1724.603252	73.994	-4.5063
1737.100438	74.012	-5.1298
1749.688184	74.034	-5.8770
1762.367146	74.061	-6.7336
1775.137984	74.091	-7.6866
1788.001366	74.123	-8.7247
1800.957961	74.157	-9.8383
1814.008445	74.191	-11.0197
1827.153498	74.226	-12.2635
1840.393805	74.261	-13.5657
1853.730057	74.295	-14.9227
1867.162949	74.326	-16.3322
1880.693182	74.354	-17.7916
1894.321460	74.378	-19.2982
1908.048494	74.397	-20.8483
1921.875000	74.409	-22.4381
1935.801698	74.413	-24.0631
1949.829316	74.408	-25.7173
1963.958583	74.394	-27.3942
1978.190236	74.368	-29.0868
1992.525018	74.332	-30.7878
2006.963676	74.283	-32.4889
2021.506962	74.223	-34.1813
2036.155634	74.151	-35.8557
2050.910458	74.066	-37.5039
2065.772200	73.970	-39.1168
2080.741637	73.862	-40.6846
2095.819549	73.743	-42.1982
2111.006721	73.613	-43.6482
2126.303946	73.474	-45.0253
2141.712021	73.326	-46.3196
2157.231749	73.170	-47.5221
2172.863940	73.006	-48.6230
2188.609407	72.837	-49.6134
2204.468973	72.664	-50.4847
2220.443464	72.487	-51.2290
2236.533713	72.308	-51.8396
2252.740558	72.129	-52.3108
2269.064845	71.952	-52.6389
2285.507424	71.777	-52.8229
2302.069153	71.608	-52.8640
2318.750895	71.445	-52.7667
2335.553520	71.290	-52.5388
2352.477904	71.144	-52.1926
2369.524928	71.010	-51.7434
2386.695483	70.888	-51.2097
2403.990462	70.780	-50.6127
2421.410768	70.686	-49.9753
2438.957308	70.607	-49.3225
2456.630998	70.543	-48.6785
2474.432759	70.495	-48.0664
2492.363519	70.460	-47.5076
2510.424213	70.440	-47.0205
2528.615781	70.432	-46.6210
2546.939174	70.436	-46.3212
2565.395345	70.450	-46.1295
2583.985257	70.473	-46.0513
2602.709879	70.502	-46.0884
2621.570188	70.537	-46.2402
2640.567166	70.575	-46.5034
2659.701804	70.614	-46.8724
2678.975100	70.655	-47.3401
2698.388058	70.694	-47.8973
2717.941690	70.731	-48.5344
2737.637016	70.765	-49.2407
2757.475062	70.796	-50.0056
2777.456863	70.822	-50.8181
2797.583461	70.845	-51.6667
2817.855904	70.863	-52.5413
2838.275249	70.878	-53.4321
2858.842562	70.890	-54.3303
2879.558913	70.899	-55.2275
2900.425384	70.907	-56.1172
2921.443062	70.915	-56.9939
2942.613043	70.923	-57.8546
2963.936430	70.933	-58.6969
2985.414335	70.946	-59.5199
3007.047878	70.963	-60.3246
3028.838187	70.986	-61.1135
3050.786397	71.015	-61.8904
3072.893653	71.050	-62.6595
3095.161107	71.094	-63.4266
3117.589920	71.145	-64.1978
3140.181262	71.205	-64.9794
3162.936310	71.272	-65.7780
3185.856250	71.347	-66.5991
3208.942278	71.428	-67.4479
3232.195596	71.516	-68.3293
3255.617418	71.608	-69.2471
3279.208964	71.705	-70.2026
3302.971464	71.805	-71.1973
3326.906156	71.907	-72.2311
3351.014290	72.009	-73.3024
3375.297121	72.112	-74.4082
3399.755915	72.214	-75.5453
3424.391948	72.314	-76.7092
3449.206504	72.412	-77.8939
3474.200876	72.507	-79.0940
3499.376367	72.601	-80.3041
3524.734291	72.691	-81.5181
3550.275969	72.780	-82.7306
3576.002732	72.866	-83.9373
3601.915922	72.951	-85.1344
3628.016889	73.034	-86.3199
3654.306995	73.117	-87.4926
3680.787610	73.200	-88.6526
3707.460115	73.283	-89.8018
3734.325899	73.366	-90.9429
3761.386364	73.449	-92.0801
3788.642920	73.533	-93.2178
3816.096988	73.617	-94.3604
3843.750000	73.701	-95.5129
3871.603397	73.783	-96.6799
3899.658631	73.864	-97.8650
3927.917165	73.943	-99.0703
3956.380472	74.018	-100.2957
3985.050036	74.089	-101.5409
4013.927351	74.155	-102.8040
4043.013923	74.214	-104.0803
4072.311269	74.267	-105.3640
4101.820915	74.312	-106.6479
4131.544400	74.350	-107.9242
4161.483274	74.379	-109.1840
4191.639097	74.400	-110.4183
4222.013442	74.412	-111.6178
4252.607892	74.416	-112.7733
4283.424042	74.412	-113.8768
4314.463498	74.401	-114.9220
4345.727879	74.383	-115.9039
4377.218815	74.360	-116.8193
4408.937947	74.331	-117.6671
4440.886929	74.297	-118.4479
4473.067426	74.261	-119.1646
4505.481116	74.222	-119.8221
4538.129690	74.181	-120.4277
4571.014848	74.140	-120.9890
4604.138306	74.098	-121.5145
4637.501790	74.057	-122.0134
4671.107040	74.018	-122.4946
4704.955807	73.980	-122.9674
4739.049856	73.945	-123.4392
4773.390965	73.912	-123.9167
4807.980924	73.881	-124.4064
4842.821536	73.854	-124.9130
4877.914617	73.829	-125.4408
4913.261997	73.808	-125.9926
4948.865519	73.789	-126.5707
4984.727038	73.773	-127.1764
5020.848425	73.759	-127.8102
5057.231563	73.747	-128.4728
5093.878347	73.737	-129.1636
5130.790689	73.728	-129.8817
5167.970514	73.720	-130.6249
5205.419759	73.712	-131.3899
5243.140376	73.704	-132.1738
5281.134332	73.696	-132.9728
5319.403609	73.688	-133.7815
5357.950200	73.678	-134.5946
5396.776116	73.667	-135.4067
5435.883380	73.655	-136.2122
5475.274032	73.642	-137.0046
5514.950125	73.627	-137.7786
5554.913727	73.612	-138.5286
5595.166922	73.597	-139.2504
5635.711808	73.581	-139.9396
5676.550498	73.565	-140.5920
5717.685123	73.549	-141.2052
5759.117827	73.534	-141.7770
5800.850769	73.520	-142.3054
5842.886124	73.508	-142.7903
5885.226086	73.497	-143.2319
5927.872860	73.488	-143.6312
5970.828671	73.482	-143.9902
6014.095756	73.478	-144.3124
6057.676373	73.476	-144.6018
6101.572794	73.476	-144.8630
6145.787305	73.479	-145.1010
6190.322213	73.484	-145.3213
6235.179840	73.491	-145.5300
6280.362523	73.500	-145.7330
6325.872619	73.510	-145.9357
6371.712500	73.521	-146.1432
6417.884555	73.534	-146.3601
6464.391192	73.546	-146.5898
6511.234836	73.559	-146.8350
6558.417927	73.571	-147.0968
6605.942927	73.583	-147.3759
6653.812313	73.594	-147.6719
6702.028580	73.603	-147.9836
6750.594241	73.611	-148.3098
6799.511830	73.617	-148.6473
6848.783896	73.622	-148.9934
6898.413007	73.624	-149.3451
6948.401751	73.624	-149.6998
6998.752735	73.622	-150.0544
7049.468582	73.619	-150.4054
7100.551937	73.613	-150.7494
7152.005464	73.605	-151.0844
7203.831844	73.596	-151.4080
7256.033779	73.585	-151.7179
7308.613991	73.573	-152.0121
7361.575220	73.560	-152.2892
7414.920229	73.546	-152.5479
7468.651798	73.532	-152.7877
7522.772727	73.517	-153.0090
7577.285840	73.503	-153.2123
7632.193976	73.488	-153.3979
7687.500000	73.475	-153.5682
7743.206794	73.461	-153.7250
7799.317262	73.449	-153.8705
7855.834330	73.437	-154.0068
7912.760944	73.426	-154.1360
7970.100072	73.417	-154.2604
8027.854702	73.408	-154.3828
8086.027847	73.400	-154.5050
8144.622538	73.393	-154.6294
8203.641830	73.387	-154.7589
8263.088801	73.382	-154.8955
8322.966548	73.377	-155.0410
8383.278195	73.373	-155.1974
8444.026884	73.368	-155.3660
8505.215784	73.364	-155.5469
8566.848084	73.360	-155.7408
8628.926996	73.355	-155.9479
8691.455758	73.349	-156.1681
8754.437630	73.343	-156.4009
8817.875894	73.336	-156.6456
8881.773857	73.327	-156.9014
8946.134852	73.317	-157.1670
9010.962233	73.305	-157.4412
9076.259380	73.291	-157.7229
9142.029697	73.276	-158.0101
9208.276612	73.258	-158.3014
9275.003581	73.239	-158.5946
9342.214080	73.217	-158.8877
9409.911614	73.194	-159.1796
9478.099713	73.168	-159.4683
9546.781930	73.141	-159.7529
9615.961848	73.112	-160.0322
9685.643071	73.082	-160.3057
9755.829233	73.050	-160.5728
9826.523994	73.016	-160.8336
9897.731037	72.981	-161.0878
9969.454076	72.946	-161.3359
10041.696850	72.909	-161.5781
10114.463125	72.871	-161.8147
10187.756694	72.832	-162.0464
10261.581379	72.793	-162.2740
10335.941028	72.752	-162.4976
10410.839517	72.711	-162.7175
10486.280752	72.669	-162.9342
10562.268665	72.627	-163.1470
10638.807218	72.584	-163.3564
10715.900400	72.539	-163.5618
10793.552232	72.495	-163.7621
10871.766761	72.449	-163.9565
10950.548064	72.403	-164.1442
11029.900250	72.355	-164.3241
11109.827454	72.307	-164.4951
11190.333843	72.258	-164.6555
11271.423615	72.208	-164.8041
11353.100997	72.156	-164.9404
11435.370247	72.104	-165.0637
11518.235653	72.051	-165.1736
11601.701537	71.997	-165.2703
11685.772249	71.941	-165.3536
11770.452172	71.885	-165.4241
11855.745720	71.827	-165.4818
11941.657341	71.769	-165.5269
12028.191513	71.709	-165.5604
12115.352747	71.647	-165.5828
12203.145587	71.585	-165.5947
12291.574610	71.522	-165.5959
12380.644427	71.457	-165.5876
12470.359680	71.392	-165.5696
12560.725047	71.325	-165.5420
12651.745238	71.258	-165.5050
12743.425000	71.189	-165.4585
12835.769110	71.120	-165.4026
12928.782385	71.051	-165.3368
13022.469671	70.981	-165.2612
13116.835855	70.911	-165.1771
13211.885854	70.841	-165.0847
13307.624625	70.772	-164.9855
13404.057159	70.702	-164.8812
13501.188483	70.634	-164.7737
13599.023660	70.566	-164.6636
13697.567791	70.499	-164.5530
13796.826014	70.433	-164.4440
13896.803503	70.369	-164.3387
13997.505470	70.306	-164.2386
14098.937164	70.244	-164.1465
14201.103875	70.183	-164.0648
14304.010928	70.125	-163.9958
14407.663687	70.067	-163.9419
14512.067557	70.011	-163.9044
14617.227981	69.957	-163.8864
14723.150441	69.904	-163.8901
14829.840458	69.853	-163.9172
14937.303595	69.802	-163.9702
15045.545455	69.754	-164.0522
15154.571679	69.706	-164.1658
15264.387953	69.660	-164.3130
15375.000000	69.615	-164.4968
15486.413588	69.571	-164.7200
15598.634525	69.527	-164.9849
15711.668661	69.485	-165.2942
15825.521888	69.443	-165.6500
15940.200144	69.401	-166.0547
16055.709405	69.360	-166.5099
16172.055694	69.319	-167.0175
16289.245076	69.279	-167.5791
16407.283660	69.238	-168.1964
16526.177601	69.198	-168.8704
16645.933097	69.157	-169.6018
16766.556390	69.116	-170.3925
16888.053769	69.076	-171.2430
17010.431568	69.035	-172.1539
17133.696167	68.994	-173.1262
17257.853993	68.954	-174.1622
17382.911517	68.914	-175.2600
17508.875259	68.874	-176.4180
17635.751787	68.835	-177.6531
17763.547714	68.796	-178.9626
17892.269704	68.759	179.7030
18021.924466	68.722	178.3365
18152.518759	68.687	176.9207
18284.059393	68.653	175.4556
18416.553225	68.621	173.9401
18550.007161	68.591	172.3739
18684.428160	68.563	170.7572
18819.823228	68.537	169.0907
18956.199425	68.514	167.3745
19093.563861	68.493	165.6095
19231.923695	68.474	163.7971
19371.286142	68.458	161.9390
19511.658467	68.444	160.0354
19653.047987	68.432	158.0869
19795.462074	68.422	156.0923
19938.908153	68.414	154.0417
20083.393701	68.408	152.0618
20228.926250	68.404	150.1967
20375.513389	68.400	148.3086
20523.162758	68.398	146.3994
20671.882055	68.396	144.4709
20821.679034	68.395	142.5245
20972.561504	68.395	140.5614
21124.537330	68.395	138.5824
21277.614435	68.394	136.5883
21431.800801	68.394	134.5791
21587.104464	68.394	132.5551
21743.533521	68.394	130.5164
21901.096129	68.394	128.4629
22059.800499	68.394	126.3945
